0.000000000000000000e+00
3.342685152490514761e-02
6.573939033303191626e-02
9.695308248560595421e-02
1.270833940438529930e-01
1.561457910689986184e-01
1.841557396222685827e-01
2.111287057648886245e-01
2.370801555580843434e-01
2.620255550630812835e-01
2.859803703411054610e-01
3.089600674533823366e-01
3.309801124611376211e-01
3.520559714255970807e-01
3.722031104079863151e-01
3.914369954695310350e-01
4.097730926714568400e-01
4.272268680749896075e-01
4.438137877413547705e-01
4.595493177317780953e-01
4.744489241074854591e-01
4.885280729297025171e-01
5.018022302596545359e-01
5.142868621585677813e-01
5.259974346876674645e-01
5.369494139081796291e-01
5.471582658813296529e-01
5.566394566683433576e-01
5.654084523304463428e-01
5.734807189288644302e-01
5.808717225248234417e-01
5.875969291795486438e-01
5.936718049542658582e-01
5.991118159102009066e-01
6.039324281085794999e-01
6.081491076106273486e-01
6.117773204775698304e-01
6.148325327706327670e-01
6.173302105510420912e-01
6.192858198800231806e-01
6.207148268188018569e-01
6.216326974286038309e-01
6.220548977706545912e-01
6.219968939061799595e-01
6.214741518964056466e-01
6.205021378025572520e-01
6.190963176858607087e-01
6.172721576075413941e-01
6.150451236288250190e-01
6.124306818109374051e-01
6.094442982151042632e-01
6.061014389025510818e-01
6.024175699345036827e-01
5.984081573721877767e-01
5.940886672768288523e-01
5.894745657096528424e-01
5.845813187318851245e-01
5.794243924047519645e-01
5.740192527894782959e-01
5.683813659472903845e-01
5.625261979394134970e-01
5.564692148270736771e-01
5.502258826714963025e-01
5.438116675339073058e-01
5.372420354755321759e-01
5.305324525575967343e-01
5.236983848413265807e-01
5.167552983879475370e-01
5.097186592586850917e-01
5.026039335147649556e-01
4.954265872174129504e-01
4.882020864278545647e-01
4.809458972073156757e-01
4.736734427536851144e-01
4.663959615331563779e-01
4.591170544003195242e-01
4.518395093938967766e-01
4.445661145526104696e-01
4.372996579151823826e-01
4.300429275203348500e-01
4.227987114067899288e-01
4.155697976132699534e-01
4.083589741784969251e-01
4.011690291411930120e-01
3.940027505400802710e-01
3.868629264138811474e-01
3.797523448013174208e-01
3.726737937411114254e-01
3.656300612719851628e-01
3.586239354326610229e-01
3.516582042618611181e-01
3.447356557983071723e-01
3.378590780807219085e-01
3.310312591478270505e-01
3.242549870383450439e-01
3.175330497909978344e-01
3.108682354445075902e-01
3.042633320375964789e-01
2.977211276089866132e-01
2.912444101974002164e-01
2.848359678415596230e-01
2.784985885801864458e-01
2.722350604520032413e-01
2.660481714957320665e-01
2.599407097500950337e-01
2.539154632538143108e-01
2.479752200456120381e-01
2.421227681642101892e-01
2.363608956483312651e-01
2.306923905366972394e-01
2.251196096663120871e-01
2.196426413219418616e-01
2.142608303965902461e-01
2.089735213520597101e-01
2.037800586501523348e-01
1.986797867526702566e-01
1.936720501214158896e-01
1.887561932181914259e-01
1.839315605047989188e-01
1.791974964430406991e-01
1.745533454947190144e-01
1.699984521216360289e-01
1.655321607855941290e-01
1.611538159483953403e-01
1.568627620718419102e-01
1.526583436177360864e-01
1.485399050478802274e-01
1.445067908240763588e-01
1.405583454081267558e-01
1.366939132618336383e-01
1.329128388469993372e-01
1.292144666254260166e-01
1.255981410589157854e-01
1.220632066092710161e-01
1.186090077382937896e-01
1.152348889077865340e-01
1.119401945795512748e-01
1.087242692153903290e-01
1.055864572771058607e-01
1.025261032265001038e-01
9.954255152537543061e-02
9.663514663553385287e-02
9.380323301877767361e-02
9.104615513690911266e-02
8.836325745173045920e-02
8.575388442504382203e-02
8.321736177589213190e-02
8.075266388335207435e-02
7.835845309426583971e-02
7.603338090897109047e-02
7.377609882780573891e-02
7.158525835110760016e-02
6.945951097921446160e-02
6.739750821246418000e-02
6.539790155119450110e-02
6.345934249574330943e-02
6.158048254644840624e-02
5.975997320364762749e-02
5.799646596767871198e-02
5.628861233887955812e-02
5.463506381758792552e-02
5.303447190414167095e-02
5.148548809887864425e-02
4.998676390213657728e-02
4.853695081425331292e-02
4.713470033556669408e-02
4.577866396641454283e-02
4.446749320713464654e-02
4.319983955806481341e-02
4.197435451954288632e-02
4.078968959190670818e-02
3.964449627549403860e-02
3.853742607064271353e-02
3.746713047769058280e-02
3.643226099697540604e-02
3.543146912883505389e-02
3.446340637360731374e-02
3.352672423163000071e-02
3.262007420324093687e-02
3.174210778877796513e-02
3.089147648857885897e-02
3.006683180298145783e-02
2.926682609527840942e-02
2.849034526591539759e-02
2.773682362313760474e-02
2.700577411194980335e-02
2.629670967735679710e-02
2.560914326436336888e-02
2.494258781797433280e-02
2.429655628319444746e-02
2.367056160502851309e-02
2.306411672848131950e-02
2.247673459855767733e-02
2.190792816026234519e-02
2.135721035860012329e-02
2.082409413857582228e-02
2.030809244519419729e-02
1.980871822346006936e-02
1.932548441837820749e-02
1.885790397495344314e-02
1.840548983819050716e-02
1.796775495309422058e-02
1.754421226466936629e-02
1.713437471792074451e-02
1.673775525785313467e-02
1.635386682947133699e-02
1.598222237778013435e-02
1.562233484778432005e-02
1.527371718448869604e-02
1.493588233289802614e-02
1.460834323801711576e-02
1.429061284485074954e-02
1.398220409840372595e-02
1.368262994368083137e-02
1.339140332568685907e-02
1.310803718942658846e-02
1.283204447990483020e-02
1.256293814212636195e-02
1.230023112109596660e-02
1.204347167460297074e-02
1.179245432956777147e-02
1.154707848558362247e-02
1.130724392976403120e-02
1.107285044922252416e-02
1.084379783107261401e-02
1.061998586242781858e-02
1.040131433040166441e-02
1.018768302210764851e-02
9.978991724659300872e-03
9.775140225170137614e-03
9.576028310753674846e-03
9.381555768523437353e-03
9.191622385592927366e-03
9.006127949075676611e-03
8.824972246085202934e-03
8.648055063735010303e-03
8.475276189138621769e-03
8.306535409409556911e-03
8.141732511661330107e-03
7.980767283007464408e-03
7.823539510561472454e-03
7.669948981436873828e-03
7.519895482747183772e-03
7.373278801605928807e-03
7.229998725126608565e-03
7.089955040422750432e-03
6.953047534607873989e-03
6.819175994795491878e-03
6.688240208099125415e-03
6.560139961632288977e-03
6.434775042508501276e-03
6.312045237841277558e-03
6.191850334744142606e-03
6.074090120330602992e-03
5.958664381714180898e-03
5.845473975838188369e-03
5.734450536509419667e-03
5.625560351461325256e-03
5.518771557093241770e-03
5.414052289804501504e-03
5.311370685994436756e-03
5.210694882062392834e-03
5.111993014407682952e-03
5.015233219429656754e-03
4.920383633527644802e-03
4.827412393100977660e-03
4.736287634548992827e-03
4.646977494271024335e-03
4.559450108666402747e-03
4.473673614134465563e-03
4.389616147074547683e-03
4.307245843885978802e-03
4.226530840968092950e-03
4.147439274720227630e-03
4.069939281541714270e-03
3.993998997831886902e-03
3.919586559990082160e-03
3.846670104415631040e-03
3.775217767507868874e-03
3.705197685666130995e-03
3.636577995289747966e-03
3.569326832778053817e-03
3.503412334530384750e-03
3.438802636946074794e-03
3.375465876424455815e-03
3.313370189364863144e-03
3.252483712166632113e-03
3.192774581229096756e-03
3.134210932951587199e-03
3.076760903733439211e-03
3.020392629973986821e-03
2.965074250137153880e-03
2.910777462038991077e-03
2.857484825300387471e-03
2.805180964131633470e-03
2.753850502743019485e-03
2.703478065344838092e-03
2.654048276147375363e-03
2.605545759360923010e-03
2.557955139195772741e-03
2.511261039862214967e-03
2.465448085570538794e-03
2.420500900531035067e-03
2.376404108953993326e-03
2.333142335049705716e-03
2.290700203028462646e-03
2.249062337100551923e-03
2.208213361476266123e-03
2.168137900365894790e-03
2.128820577979727898e-03
2.090246018528056290e-03
2.052398846221170810e-03
2.015263685269361432e-03
1.978825159882918565e-03
1.943067894272133486e-03
1.907976512647293786e-03
1.873535639218691824e-03
1.839729898196618011e-03
1.806543913791361887e-03
1.773962310213214079e-03
1.741969711672465429e-03
1.710550742379406564e-03
1.679690026544326809e-03
1.649372188377518306e-03
1.619581852089268213e-03
1.590303641889869325e-03
1.561522181989611398e-03
1.533222096598785061e-03
1.505388659678371256e-03
1.478013250561568048e-03
1.451090593782398833e-03
1.424615448139080484e-03
1.398582572429833996e-03
1.372986725452874507e-03
1.347822666006423011e-03
1.323085152888697682e-03
1.298768944897916262e-03
1.274868800832298877e-03
1.251379479490062835e-03
1.228295739669427612e-03
1.205612340168612249e-03
1.183324039785833620e-03
1.161425597319311201e-03
1.139911771567263601e-03
1.118777321327909212e-03
1.098017005399467292e-03
1.077625582580156016e-03
1.057597811668193775e-03
1.037928451461799829e-03
1.018612260759193004e-03
9.996439983585901721e-04
9.810184230582112436e-04
9.627302936562742849e-04
9.447743689509987717e-04
9.271454077406022284e-04
9.098381688233042391e-04
8.928474109973226535e-04
8.761678930608765136e-04
8.597943738121847533e-04
8.437216120494651136e-04
8.279443665709365283e-04
8.124573961748174974e-04
7.972554596593268463e-04
7.823333158226829665e-04
7.676857234631050088e-04
7.533074413788108225e-04
7.391932283680195583e-04
7.253378432289501500e-04
7.117360447598202302e-04
6.983825917588485158e-04
6.852722430242542658e-04
6.723997573542555466e-04
6.597598935470714004e-04
6.473474104009200019e-04
6.351570667140201765e-04
6.231836212845905327e-04
6.114218329108501125e-04
5.998664603910166572e-04
5.885122625233093173e-04
5.773539981059462676e-04
5.663864259371463334e-04
5.556043048151284485e-04
5.450023935381107876e-04
5.345754509043121761e-04
5.243182357119515477e-04
5.142255067592466436e-04
5.042920228444165058e-04
4.945125427656798514e-04
4.848818253212550718e-04
4.753946293093610467e-04
4.660457135282161678e-04
4.568298367760395312e-04
4.477417578510483904e-04
4.387762355514631969e-04
4.299280286755006618e-04
4.211918960213812367e-04
4.125625963873219039e-04
4.040348885715426270e-04
3.956035313722614725e-04
3.872632835876960188e-04
3.790089040160667176e-04
