0.000000000000000000e+00
-8.593186869405890216e-03
-1.546258423068239476e-02
-2.064847517817148398e-02
-2.419114280621512125e-02
-2.613087020915524222e-02
-2.650794048133385192e-02
-2.536263671709285475e-02
-2.273524201077428697e-02
-1.866603945672002524e-02
-1.319531214927211968e-02
-6.363343182772461699e-03
1.789584348436940421e-03
1.122318735001416774e-02
2.189718272761722109e-02
3.377128738690414467e-02
4.680521823353300803e-02
6.095869217316176453e-02
7.619142611144856525e-02
9.246313695405145028e-02
1.097335416066282793e-01
1.279623569748372935e-01
1.471092999643363874e-01
1.671340874807836219e-01
1.879964364298372104e-01
2.096560637171549224e-01
2.320726862483950270e-01
2.552060209292155157e-01
2.790157846652743245e-01
3.034616943622294172e-01
3.285034669257391737e-01
3.541008192614611416e-01
3.802134682750538675e-01
4.068011308721750097e-01
4.338235239584828373e-01
4.612403644396352864e-01
4.890113692212902929e-01
5.170962552091059594e-01
5.454547393087408880e-01
5.740465384258520709e-01
6.028313694660981659e-01
6.317689493351372754e-01
6.608189949386272799e-01
6.899412231822260599e-01
7.190953509715920511e-01
7.482410952123828007e-01
7.773381728102565225e-01
8.063463006708717629e-01
8.352251956998857363e-01
8.639345748029573224e-01
8.924341548857436246e-01
9.206836528539034115e-01
9.486427856130944525e-01
9.762712700689749612e-01
1.003528823127202152e+00
1.030375161693435571e+00
1.056770002673332209e+00
1.082673062972550060e+00
1.108046935630252916e+00
1.132871963157650264e+00
1.157135252305863782e+00
1.180823923141446352e+00
1.203925095730950856e+00
1.226425890140931951e+00
1.248313426437942297e+00
1.269574824688535220e+00
1.290197204959264710e+00
1.310167687316684093e+00
1.329473391827346695e+00
1.348101438557806064e+00
1.366038947574615081e+00
1.383273038944328182e+00
1.399790832733498247e+00
1.415579449008678381e+00
1.430626007836422575e+00
1.444917629283284377e+00
1.458441433415817112e+00
1.471184540300573662e+00
1.483134070004108240e+00
1.494277142592973950e+00
1.504600878133723896e+00
1.514092396692912512e+00
1.522738818337092237e+00
1.530527263132816840e+00
1.537444851146640312e+00
1.543478702445115314e+00
1.548616060884312473e+00
1.552854955481931531e+00
1.556212416946464616e+00
1.558707410197600840e+00
1.560358900155027095e+00
1.561185851738432939e+00
1.561207229867505708e+00
1.560441999461934959e+00
1.558909125441407584e+00
1.556627572725612918e+00
1.553616306234239186e+00
1.549894290886974169e+00
1.545480491603506312e+00
1.540393873303523842e+00
1.534653400906716314e+00
1.528278039332769955e+00
1.521286753501374545e+00
1.513698508332218085e+00
1.505532268744989022e+00
1.496806999659374915e+00
1.487541665995065099e+00
1.477755232671747132e+00
1.467466664609109905e+00
1.456694926726840755e+00
1.445458983944629683e+00
1.433777801182163358e+00
1.421670343359130673e+00
1.409155575395220517e+00
1.396252462210120004e+00
1.382979936313490921e+00
1.369356611818881131e+00
1.355400922121526630e+00
1.341131298542419303e+00
1.326566172402551924e+00
1.311723975022918376e+00
1.296623137724510544e+00
1.281282091828322311e+00
1.265719268655345786e+00
1.249953099526573963e+00
1.234002015762999616e+00
1.217884448685616849e+00
1.201618829615417106e+00
1.185223589873393824e+00
1.168717160780539555e+00
1.152117973657847960e+00
1.135444459826311592e+00
1.118715050606923223e+00
1.101948177320675848e+00
1.085162271288562019e+00
1.068375763831575620e+00
1.051607086270708313e+00
1.034874669926953761e+00
1.018196946121304514e+00
1.001592346174753789e+00
9.850793014082945831e-01
9.686762431429194464e-01
9.524016026996211526e-01
9.362738038260161044e-01
9.203074229943706275e-01
9.045069413658408664e-01
8.888752042522237717e-01
8.734150569653149621e-01
8.581293448169110549e-01
8.430209131188078908e-01
8.280926071828011992e-01
8.133472723206867094e-01
7.987877538442613723e-01
7.844168970653206951e-01
7.702375472956601854e-01
7.562525498470767937e-01
7.424647500313661386e-01
7.288769931603247265e-01
7.154921245457475099e-01
7.023129894994312172e-01
6.893424333331716891e-01
6.765833013587649880e-01
6.640384388880076205e-01
6.517106912326947610e-01
6.396029037046228050e-01
6.277179216155879260e-01
6.160585902773858535e-01
6.046277550018130942e-01
5.934282611006651553e-01
5.824629538857380995e-01
5.717346786688285443e-01
5.612462807617317750e-01
5.510003778796614959e-01
5.409957648264850372e-01
5.312280642787009510e-01
5.216928028955000185e-01
5.123855073360717993e-01
5.033017042596075186e-01
4.944369203252971801e-01
4.857866821923316758e-01
4.773465165199010096e-01
4.691119499671956294e-01
4.610785091934062052e-01
4.532417208577229628e-01
4.455971116193367387e-01
4.381402081374374258e-01
4.308665370712157494e-01
4.237716250798621576e-01
4.168509988225669871e-01
4.101001849585206860e-01
4.035147101469138131e-01
3.970901010469365389e-01
3.908218843177797552e-01
3.847055866186332995e-01
3.787367346086880637e-01
3.729108549471343292e-01
3.672234742931624885e-01
3.616701193059631003e-01
3.562463166447263907e-01
3.509475929686431961e-01
3.457694749369036313e-01
3.407077890434428435e-01
3.357595611211761644e-01
3.309221168377631805e-01
3.261927818608639784e-01
3.215688818581382002e-01
3.170477424972458769e-01
3.126266894458465950e-01
3.083030483716004966e-01
3.040741449421672793e-01
2.999373048252066409e-01
2.958898536883786123e-01
2.919291171993430578e-01
2.880524210257596196e-01
2.842570908352884396e-01
2.805404522955890489e-01
2.768998310743215341e-01
2.733325528391458148e-01
2.698359432577213668e-01
2.664073279977082764e-01
2.630440327267664080e-01
2.597433831125554593e-01
2.565027048227354056e-01
2.533193235249661113e-01
2.501905648869072740e-01
2.471137545762188414e-01
2.440862182605607611e-01
2.411052816075926752e-01
2.381682702849744759e-01
2.352725376750018083e-01
2.324163527694154407e-01
2.295990880130434897e-01
2.268201815446654612e-01
2.240790715030605562e-01
2.213751960270082808e-01
2.187079932552877803e-01
2.160769013266785055e-01
2.134813583799598236e-01
2.109208025539110465e-01
2.083946719873115971e-01
2.059024048189407874e-01
2.034434391875780124e-01
2.010172132320025007e-01
1.986231650909938140e-01
1.962607329033311254e-01
1.939293548077937746e-01
1.916284689431612398e-01
1.893575134482127775e-01
1.871159264617277829e-01
1.849031461224855954e-01
1.827186105692655826e-01
1.805617579408470563e-01
1.784320263760096059e-01
1.763288540135321547e-01
1.742516789921942921e-01
1.721999394507754411e-01
1.701730735280548024e-01
1.681705193628118267e-01
1.661917472887345926e-01
1.642364263238324240e-01
1.623043012037704569e-01
1.603951168132643768e-01
1.585086180370296194e-01
1.566445497597818981e-01
1.548026568662369262e-01
1.529826842411101950e-01
1.511843767691173901e-01
1.494074793349741137e-01
1.476517368233959404e-01
1.459168941190985835e-01
1.442026961067977009e-01
1.425088876712087560e-01
1.408352136970474344e-01
1.391814190690293940e-01
1.375472486718701814e-01
1.359324473902855102e-01
1.343367601089909824e-01
1.327599317127021450e-01
1.312017070861346835e-01
1.296618311140042279e-01
1.281400486810263528e-01
1.266361046719166883e-01
1.251497439713908644e-01
1.236807114641644695e-01
1.222287520349531753e-01
1.207936105684726258e-01
1.193750321888413513e-01
1.179727828781654830e-01
1.165866653669129782e-01
1.152164861262242324e-01
1.138620516272392941e-01
1.125231683410985450e-01
1.111996427389420755e-01
1.098912812919101423e-01
1.085978904711429743e-01
1.073192767477807452e-01
1.060552465929637950e-01
1.048056064778321306e-01
1.035701628735261060e-01
1.023487222511858807e-01
1.011410910819516978e-01
9.994707583696373077e-02
9.876648298736227793e-02
9.759911900428744347e-02
9.644479035887955354e-02
9.530330352227875390e-02
9.417446496562524583e-02
9.305808116005928610e-02
9.195395857672103435e-02
9.086190368675073348e-02
8.978172296128861252e-02
8.871322287147488661e-02
8.765620988844972927e-02
8.661049048335338341e-02
8.557587112732611967e-02
8.455216423475542253e-02
8.353924060649123295e-02
8.253700418293077878e-02
8.154535928483919172e-02
8.056421023298158957e-02
7.959346134812309015e-02
7.863301695102876965e-02
7.768278136246373200e-02
7.674265890319315053e-02
7.581255389398205979e-02
7.489237065559554984e-02
7.398201350879879401e-02
7.308138677435684072e-02
7.219039477303486330e-02
7.130894182559788241e-02
7.043693225281108528e-02
6.957427037543954806e-02
6.872086051424836084e-02
6.787660699000266917e-02
6.704141412346752149e-02
6.621518623540804949e-02
6.539782764658937098e-02
6.458924267777660377e-02
6.378933564973483794e-02
6.299801088322914966e-02
6.221517269902476083e-02
6.144072541788663661e-02
6.067457336057994338e-02
5.991662085764432738e-02
5.916677720509547211e-02
5.842496472843615452e-02
5.769110786447393530e-02
5.696513105001636823e-02
5.624695872187098628e-02
5.553651531684538484e-02
5.483372527174706912e-02
5.413851302338361371e-02
5.345080300856256544e-02
5.277051966409147116e-02
5.209758742677789850e-02
5.143193073342938043e-02
5.077347402085347766e-02
5.012214172585776478e-02
4.947785828524978169e-02
4.884054813583706134e-02
4.821013571442715057e-02
4.758654545782763784e-02
4.696970180284604224e-02
4.635952918628993141e-02
4.575595204496686608e-02
4.515889481568437919e-02
4.456828193525003146e-02
4.398403784047140441e-02
4.340608696815599632e-02
4.283435375511138871e-02
4.226876263814512147e-02
4.170923805406475532e-02
4.115570443967784403e-02
4.060808623179194832e-02
4.006630786721459420e-02
3.953029378275335626e-02
3.899996841521580215e-02
3.847525620140943708e-02
3.795608157814184258e-02
3.744236898222057935e-02
3.693404285045316648e-02
3.643102761964717856e-02
3.593324772661016936e-02
3.544062760814969265e-02
3.495309170107331609e-02
3.447056444218854487e-02
3.399297026830296053e-02
3.352023361622410297e-02
3.305227892275953983e-02
3.258903062471681794e-02
3.213041315890349109e-02
3.167635096212712692e-02
3.122676847119522023e-02
3.078159012291539418e-02
3.034074035409514009e-02
2.990414360154208112e-02
2.947172430206367738e-02
2.904340689246757978e-02
2.861911580956128659e-02
2.819877549015232382e-02
2.778231037104830770e-02
