0.000000000000000000e+00
2.212343283649903774e-03
4.739620930203635417e-03
7.572028007772940890e-03
1.069975958446956789e-02
1.411301072840525847e-02
1.780197650769176423e-02
2.175685199044082030e-02
2.596783224476418434e-02
3.042511233877358626e-02
3.511888734058079414e-02
4.003935231829754832e-02
4.517670234003557522e-02
5.052113247390664641e-02
5.606283778802248485e-02
6.179201335049486904e-02
6.769885422943550113e-02
7.377355549295613879e-02
8.000631220916855357e-02
8.638731944618449621e-02
9.290677227211566191e-02
9.955486575507384306e-02
1.063217949631707487e-01
1.131977549645181436e-01
1.201729408272277921e-01
1.272375476194114174e-01
1.343817704091808118e-01
1.415958042646476289e-01
1.488698442539237166e-01
1.561940854451206728e-01
1.635587229063504289e-01
1.709539517057246383e-01
1.783699669113549824e-01
1.857969635913533646e-01
1.932251368138313830e-01
2.006446816469008576e-01
2.080457931586734976e-01
2.154186664172610677e-01
2.227534964907754156e-01
2.300404784473280839e-01
2.372698073550309483e-01
2.444316782819957179e-01
2.515162862963341572e-01
2.585138264661580032e-01
2.654144938595790482e-01
2.722084835447088902e-01
2.788859905896594049e-01
2.854372100625424680e-01
2.918523370314695109e-01
2.981215665645525204e-01
3.042350937299030389e-01
3.101831135956329977e-01
3.159558212298541058e-01
3.215434117006780723e-01
3.269360800762166064e-01
3.321240214245815836e-01
3.370974308138845466e-01
3.418465033122373709e-01
3.463626733797303126e-01
3.506450241315782201e-01
3.546955535493163669e-01
3.585162653524049947e-01
3.621091632603047339e-01
3.654762509924759373e-01
3.686195322683794573e-01
3.715410108074755913e-01
3.742426903292251361e-01
3.767265745530885557e-01
3.789946671985262028e-01
3.810489719849988743e-01
3.828914926319669232e-01
3.845242328588909797e-01
3.859491963852316188e-01
3.871683869304493042e-01
3.881838082140046664e-01
3.889974639553581137e-01
3.896113578739704986e-01
3.900274936893019517e-01
3.902478751208133811e-01
3.902745058879650841e-01
3.901093897102176911e-01
3.897545303070318323e-01
3.892119313978679163e-01
3.884835967021864622e-01
3.875715299394482671e-01
3.864777348291136838e-01
3.852042292273121227e-01
3.837542626474527707e-01
3.821332545816236714e-01
3.803468454073648530e-01
3.784006755022161772e-01
3.763003852437176167e-01
3.740516150094092551e-01
3.716600051768311208e-01
3.691311961235229089e-01
3.664708282270249251e-01
3.636845418648769201e-01
3.607779774146189222e-01
3.577567752537909040e-01
3.546265757599327828e-01
3.513930193105848643e-01
3.480617462832866216e-01
3.446383970555783605e-01
3.411286120049998871e-01
3.375380315090913408e-01
3.338722959453925831e-01
3.301370456914436424e-01
3.263379211247843803e-01
3.224805626229548805e-01
3.185706105634950602e-01
3.146137053239450587e-01
3.106154872818445711e-01
3.065815968147337367e-01
3.025176743001525836e-01
2.984293601156409181e-01
2.943221241583408032e-01
2.901997615259632179e-01
2.860651167175201626e-01
2.819210233212774419e-01
2.777703149255011383e-01
2.736158251184575008e-01
2.694603874884126116e-01
2.653068356236326086e-01
2.611580031123834633e-01
2.570167235429313135e-01
2.528858305035424081e-01
2.487681575824827740e-01
2.446665383680184935e-01
2.405838064484156491e-01
2.365227954119403231e-01
2.324863388468587366e-01
2.284772703414370554e-01
2.244984234839411674e-01
2.205526318626372662e-01
2.166427290657914617e-01
2.127715486816700030e-01
2.089419242985387504e-01
2.051566895046639527e-01
2.014186778883116924e-01
1.977307230377480518e-01
1.940956585412393076e-01
1.905163179870513201e-01
1.869955349634502551e-01
1.835361413923024820e-01
1.801401226643921660e-01
1.768072428596114409e-01
1.735369061155030979e-01
1.703285165696095116e-01
1.671814783594733900e-01
1.640951956226371633e-01
1.610690724966433174e-01
1.581025131190344490e-01
1.551949216273531551e-01
1.523457021591418936e-01
1.495542588519431226e-01
1.468199958432994945e-01
1.441423172707534950e-01
1.415206272718477487e-01
1.389543299841246582e-01
1.364428295451267648e-01
1.339855300923966652e-01
1.315818357634768454e-01
1.292311506959099299e-01
1.269328790272383767e-01
1.246864248950046578e-01
1.224911924367513977e-01
1.203465857900211378e-01
1.182520090923563638e-01
1.162068664812995894e-01
1.142105620943933975e-01
1.122625000691803709e-01
1.103620845432028846e-01
1.085087058268006388e-01
1.067015219765141409e-01
1.049394983322429753e-01
1.032215944005356878e-01
1.015467696879405746e-01
9.991398370100618154e-02
9.832219594628086035e-02
9.677036593031318468e-02
9.525745315965146454e-02
9.378241714084414871e-02
9.234421738043976924e-02
9.094181338498667777e-02
8.957416466103339248e-02
8.824023071512825112e-02
8.693897105381977186e-02
8.566934518365634799e-02
8.443031261118645603e-02
8.322083284295850314e-02
8.203986538552095198e-02
8.088636974542220970e-02
7.975930542921078059e-02
7.865763194343500242e-02
7.758030879464339336e-02
7.652629548938437443e-02
7.549455153420636666e-02
7.448403643565781884e-02
7.349370970028717975e-02
7.252253083464291206e-02
7.156945934527340902e-02
7.063357053147881204e-02
6.971440286356632432e-02
6.881161060459471679e-02
6.792484801762289914e-02
6.705376936570965618e-02
6.619802891191391148e-02
6.535728091929443595e-02
6.453117965091013930e-02
6.371937936981980632e-02
6.292153433908231897e-02
6.213729882175653835e-02
6.136632708090127702e-02
6.060827337957539612e-02
5.986279198083776371e-02
5.912953714774717845e-02
5.840816314336256393e-02
5.769832423074273964e-02
5.699967467294647649e-02
5.631186873303269114e-02
5.563456067406025857e-02
5.496740475908794971e-02
5.431005525117466037e-02
5.366216641337923088e-02
5.302339250876050153e-02
5.239338780037731957e-02
5.177180655128855308e-02
5.115830302455301459e-02
5.055253148322957218e-02
4.995414975552862208e-02
4.936293345170450486e-02
4.877880012786042774e-02
4.820167579082926257e-02
4.763148644744383264e-02
4.706815810453702370e-02
4.651161676894162433e-02
4.596178844749049947e-02
4.541859914701650014e-02
4.488197487435242883e-02
4.435184163633120596e-02
4.382812543978560627e-02
4.331075229154851547e-02
4.279964819845274299e-02
4.229473916733118843e-02
4.179595120501664041e-02
4.130321031834194995e-02
4.081644251413997504e-02
4.033557379924355285e-02
3.986053018048552748e-02
3.939123766469874305e-02
3.892762225871605059e-02
3.846960996937028032e-02
3.801712680349430412e-02
3.757009876792093139e-02
3.712845186948300624e-02
3.669211211501340053e-02
3.626100551134493755e-02
3.583505806531046139e-02
3.541419704703779175e-02
3.499835752282230011e-02
3.458747753004200870e-02
3.418149511192350443e-02
3.378034831169333257e-02
3.338397517257811475e-02
3.299231373780442400e-02
3.260530205059884723e-02
3.222287815418797829e-02
3.184498009179839717e-02
3.147154590665667689e-02
3.110251364198941826e-02
3.073782134102323593e-02
3.037740704698466826e-02
3.002120880310030909e-02
2.966916465259675922e-02
2.932121263870059863e-02
2.897729080463842116e-02
2.863733719363679986e-02
2.830128984892232163e-02
2.796908681372159075e-02
2.764066613126118024e-02
2.731596584476766662e-02
2.699492399746765067e-02
2.667747863258770891e-02
2.636356779335442824e-02
2.605312952299440252e-02
2.574610186473421519e-02
2.544242297300905453e-02
2.514204069130406005e-02
2.484491993362556578e-02
2.455102735161447322e-02
2.426032959691161103e-02
2.397279332115787032e-02
2.368838517599409707e-02
2.340707181306116505e-02
2.312881988399993066e-02
2.285359604045125725e-02
2.258136693405602899e-02
2.231209921645507105e-02
2.204575953928926066e-02
2.178231455419947504e-02
2.152173091282656020e-02
2.126397526681138295e-02
2.100901426779481704e-02
2.075681456741771541e-02
2.050734281732094835e-02
2.026056566914537227e-02
2.001644977453185051e-02
1.977496178512124642e-02
1.953606835255441987e-02
1.929973612847224115e-02
1.906593176451557015e-02
1.883462191232526672e-02
1.860577322354220117e-02
1.837935234980721949e-02
1.815532594276121972e-02
1.793366138500888246e-02
1.771433324014379598e-02
1.749732014761398030e-02
1.728260079364912771e-02
1.707015386447894786e-02
1.685995804633313652e-02
1.665199202544139293e-02
1.644623448803341978e-02
1.624266412033891632e-02
1.604125960858758179e-02
1.584199963900910849e-02
1.564486289783320258e-02
1.544982807128956505e-02
1.525687384560789686e-02
1.506597890701789552e-02
1.487712194174926027e-02
1.469028163603169207e-02
1.450543667609489711e-02
1.432256574816856941e-02
1.414164753848240128e-02
1.396266073326609888e-02
1.378558401874936667e-02
1.361039608116189695e-02
1.343707560673339761e-02
1.326560128169356097e-02
1.309595179227210013e-02
1.292810582469869872e-02
1.276204206520306639e-02
1.259773920255768953e-02
1.243517721727860521e-02
1.227433947943713625e-02
1.211520990834988667e-02
1.195777242333346743e-02
1.180201094370447908e-02
1.164790938877953777e-02
1.149545167787523539e-02
1.134462173030818637e-02
1.119540346539499992e-02
1.104778080245226966e-02
1.090173766079661349e-02
1.075725795974463717e-02
1.061432561861293949e-02
1.047292455671813144e-02
1.033303869337682396e-02
1.019465194790561240e-02
1.005774823962110945e-02
9.922311487839919134e-03
9.788325611878647206e-03
9.655774531053901155e-03
9.524642164682286735e-03
9.394912432080411435e-03
9.266569252564875805e-03
9.139596545452301213e-03
9.013978230059276064e-03
8.889698225702411319e-03
8.766740451698314465e-03
8.645088827363592993e-03
8.524727272014852655e-03
8.405639704968700943e-03
8.287810045541736670e-03
8.171222213050574265e-03
8.055860126811822952e-03
7.941707706142074608e-03
7.828748870357945394e-03
7.716967538776040199e-03
7.606347630712962174e-03
7.496873065485320543e-03
7.388527762409720194e-03
7.281295640802769482e-03
7.175160619981076765e-03
7.070106619261240857e-03
6.966117557959867514e-03
6.863177355393567693e-03
6.761269930878948016e-03
6.660379203732611636e-03
6.560489093271165174e-03
6.461583518811219590e-03
6.363646399669367626e-03
6.266661655162234119e-03
6.170613204606406610e-03
6.075484967318509934e-03
5.981260862615130763e-03
5.887924809812893935e-03
5.795460728228395662e-03
5.703852537178234761e-03
5.613084155979034331e-03
