0.000000000000000000e+00
8.340896026614565140e-03
1.640396758806096644e-02
2.419306785243086066e-02
3.171204998781592538e-02
3.896476716230779652e-02
4.595507254399814473e-02
5.268681930097866145e-02
5.916386060134095487e-02
6.539004961317670950e-02
7.136923950457761678e-02
7.710528344363531961e-02
8.260203459844148166e-02
8.786334613708773889e-02
9.289307122766576885e-02
9.769506303826726301e-02
1.022731747369838295e-01
1.066312594919071738e-01
1.107731704711289178e-01
1.147027608427407808e-01
1.184238837748343987e-01
1.219403924355014074e-01
1.252561399928334984e-01
1.283749796149223077e-01
1.313007644698595544e-01
1.340373477257368051e-01
1.365885825506457929e-01
1.389583221126781953e-01
1.411504195799256345e-01
1.431687281204797046e-01
1.450171009024322499e-01
1.466993910938747536e-01
1.482194518628989488e-01
1.495811363775965130e-01
1.507882978060590684e-01
1.518447893163783202e-01
1.527544640766459461e-01
1.535211752549535125e-01
1.541487760193927803e-01
1.546411195380553716e-01
1.550020589790329639e-01
1.552354475104171794e-01
1.553451383002997233e-01
1.553349845167722176e-01
1.552088393279263401e-01
1.549705559018537682e-01
1.546239874066461795e-01
1.541729870103951960e-01
1.536214078811924677e-01
1.529731031871296720e-01
1.522319260962985421e-01
1.514017297767906445e-01
1.504863673966976567e-01
1.494896921241112842e-01
1.484155571271231211e-01
1.472678155738249839e-01
1.460503206323083281e-01
1.447669254706649700e-01
1.434214832569864484e-01
1.420178471593645519e-01
1.405598703458908194e-01
1.390514059846569839e-01
1.374963072437547229e-01
1.358984272912756863e-01
1.342616192953114684e-01
1.325897364239538301e-01
1.308866318452943656e-01
1.291561587274247802e-01
1.274021702384367238e-01
1.256285195464217908e-01
1.238390598194717418e-01
1.220376442256781713e-01
1.202281259331328123e-01
1.184143474575327371e-01
1.165991113252475425e-01
1.147833219637635488e-01
1.129676817996052435e-01
1.111528932592971142e-01
1.093396587693635236e-01
1.075286807563289593e-01
1.057206616467178673e-01
1.039163038670546935e-01
1.021163098438638839e-01
1.003213820036698567e-01
9.853222277299708565e-02
9.674953457837004445e-02
9.497401984631312355e-02
9.320638100335079668e-02
9.144732047600749592e-02
8.969754069080768111e-02
8.795774407427581210e-02
8.622863305293627934e-02
8.451091005331357042e-02
8.280527750193213132e-02
8.111243782531643576e-02
7.943309344999086030e-02
7.776794680247987868e-02
7.611770030930795072e-02
7.448305639699949465e-02
7.286471749207899806e-02
7.126338602107090692e-02
6.967976441049958392e-02
6.811455508688958604e-02
6.656846047676527600e-02
6.504218300665114139e-02
6.353642510307161428e-02
6.205188919255116148e-02
6.058927770161416648e-02
5.914929305678515159e-02
5.773263768458854195e-02
5.633990549601721604e-02
5.497111950185266938e-02
5.362611563209997850e-02
5.230472970824880108e-02
5.100679755178862129e-02
4.973215498420902048e-02
4.848063782699962854e-02
4.725208190164999211e-02
4.604632302964965784e-02
4.486319703248820012e-02
4.370253973165523498e-02
4.256418694864029517e-02
4.144797450493299673e-02
4.035373822202287242e-02
3.928131392139949662e-02
3.823053742455247150e-02
3.720124455297135063e-02
3.619327112814570147e-02
3.520645297156511228e-02
3.424062590471914358e-02
3.329562574909737671e-02
3.237128832618939994e-02
3.146744945748473909e-02
3.058394496447302408e-02
2.972061066864378071e-02
2.887728239148662848e-02
2.805379595449110364e-02
2.724998717914677709e-02
2.646569188694325100e-02
2.570074589937006507e-02
2.495498503791684919e-02
2.422824512407310490e-02
2.352036197932844824e-02
2.283117142517243972e-02
2.216050928309466761e-02
2.150821137458468202e-02
2.087410885333962698e-02
2.025794537355850647e-02
1.965938687934024737e-02
1.907809661351496031e-02
1.851373781891280795e-02
1.796597373836392522e-02
1.743446761469845049e-02
1.691888269074653950e-02
1.641888220933830980e-02
1.593412941330391019e-02
1.546428754547348600e-02
1.500901984867718253e-02
1.456798956574512083e-02
1.414085993950746530e-02
1.372729421279433003e-02
1.332695562843587596e-02
1.293950742926225014e-02
1.256461285810356668e-02
1.220193515778998129e-02
1.185113757115163237e-02
1.151188334101867043e-02
1.118383571022121999e-02
1.086665792158942635e-02
1.056001321795343138e-02
1.026356484214338387e-02
9.976976036989410046e-03
9.699910045321656973e-03
9.432030109970271706e-03
9.172999473765380482e-03
8.922481379537137297e-03
8.680139070115675329e-03
8.445635788331132959e-03
8.218634777013655510e-03
7.998799278993390036e-03
7.785792537100461909e-03
7.579277794165018185e-03
7.378918508539803953e-03
7.184436464381505245e-03
6.995690410459867205e-03
6.812558735041661026e-03
6.634919826393667446e-03
6.462652072782659393e-03
6.295633862475421075e-03
6.133743583738718481e-03
5.976859624839334084e-03
5.824860374044040813e-03
5.677624219619622874e-03
5.535029549832846257e-03
5.396954752950492568e-03
5.263278217239339939e-03
5.133878330966160433e-03
5.008633482397735655e-03
4.887422059800835931e-03
4.770122451442248938e-03
4.656613045588737197e-03
4.546772230507084046e-03
4.440478394464063283e-03
4.337609925726454776e-03
4.238045212561030589e-03
4.141662643234572325e-03
4.048340606013853780e-03
3.957957489165651356e-03
3.870391680956743186e-03
3.785521569653903500e-03
3.703225543523907832e-03
3.623381990833533448e-03
3.545869299849556747e-03
3.470565858838756731e-03
3.397350056067908932e-03
3.326100279803785847e-03
3.256694918313169512e-03
3.189012359862834593e-03
3.122930992719554887e-03
3.058338021934992740e-03
2.995182140262253514e-03
2.933438224733284951e-03
2.873081249134872873e-03
2.814086187253806142e-03
2.756428012876871447e-03
2.700081699790856347e-03
2.645022221782549702e-03
2.591224552638736033e-03
2.538663666146204635e-03
2.487314536091741763e-03
2.437152136262136278e-03
2.388151440444175305e-03
2.340287422424644666e-03
2.293535055990334089e-03
2.247869314928031999e-03
2.203265173024521618e-03
2.159697604066591805e-03
2.117141581841031420e-03
2.075572080134627587e-03
2.034964072734166563e-03
1.995292533426437642e-03
1.956532435998227081e-03
1.918658754236322005e-03
1.881646461927511706e-03
1.845470532858581357e-03
1.810105940816318735e-03
1.775527659587512264e-03
1.741710662958947985e-03
1.708629924717415842e-03
1.676260418649700790e-03
1.644577118542591039e-03
1.613554998182873930e-03
1.583169031357338974e-03
1.553394191852770258e-03
1.524205453455956425e-03
1.495578056545613039e-03
1.467494910817019422e-03
1.439947561411166485e-03
1.412928014139894911e-03
1.386428274815044949e-03
1.360440349248457715e-03
1.334956243251975627e-03
1.309967962637436116e-03
1.285467513216682033e-03
1.261446900801553844e-03
1.237898131203892015e-03
1.214813210235537230e-03
1.192184143708331038e-03
1.170002937434113472e-03
1.148261597224725433e-03
1.126952128892008903e-03
1.106066538247802399e-03
1.085596831103947902e-03
1.065535013272285881e-03
1.045873090564657451e-03
1.026603068792903079e-03
1.007716953768863664e-03
9.892067513043798898e-04
9.710644672112925474e-04
9.532821073014428621e-04
9.358516773866709746e-04
9.187651832788176764e-04
9.020146307897237590e-04
8.855920257312297969e-04
8.694893739151771236e-04
8.536986811534062053e-04
8.382119532577580502e-04
8.230211960400735582e-04
8.081184153121925449e-04
7.934956168859562354e-04
7.791448065732055296e-04
7.650579907071246039e-04
7.512280744169807676e-04
7.376507056198566663e-04
7.243220535762707069e-04
7.112382875467409713e-04
6.983955767917865171e-04
6.857900905719246671e-04
6.734179981476738283e-04
6.612754687795528415e-04
6.493586717280798969e-04
6.376637762537730762e-04
6.261869516171510034e-04
6.149243670787315433e-04
6.038721918990334284e-04
5.930265953385754994e-04
5.823837466578747537e-04
5.719398151174501406e-04
5.616909699778202840e-04
5.516333804995030487e-04
5.417632159430171672e-04
5.320766455688806127e-04
5.225698386376117924e-04
5.132389644097292217e-04
5.040801921457511992e-04
4.950896911061955898e-04
4.862636305515810717e-04
4.775981797424258893e-04
4.690895079392485038e-04
4.607337844025669428e-04
4.525271783928996676e-04
4.444658591707653021e-04
4.365459959966817112e-04
4.287637581311676814e-04
4.211153148347409150e-04
4.135968353679201443e-04
4.062044889912236139e-04
3.989344449651695680e-04
3.917830330533992505e-04
3.847480911846415668e-04
3.778282836279221214e-04
3.710222831162985659e-04
3.643287623828292562e-04
3.577463941605708137e-04
3.512738511825817030e-04
3.449098061819194671e-04
3.386529318916417573e-04
3.325019010448064961e-04
3.264553863744711721e-04
3.205120606136935995e-04
3.146705964955319175e-04
3.089296667530429643e-04
3.032879441192851502e-04
2.977441013273159098e-04
2.922968111101929486e-04
2.869447462009741892e-04
2.816865793327171202e-04
2.765209832384796641e-04
2.714466306513194181e-04
2.664621943042944129e-04
2.615663469304618121e-04
2.567577612628796466e-04
2.520351100346055677e-04
2.473970659786973352e-04
2.428423018282127089e-04
2.383694903162093131e-04
2.339773041757449890e-04
2.296644161398774149e-04
2.254294989416644592e-04
2.212712253141634207e-04
2.171882679904323305e-04
2.131792997035287856e-04
2.092429931865106543e-04
2.053780211724354524e-04
2.015830563943611566e-04
1.978567715853452285e-04
1.941978394784455906e-04
1.906049328067200297e-04
1.870767243032259261e-04
1.836118867010212024e-04
1.802090927331635370e-04
1.768670151327107439e-04
1.735843266327204474e-04
1.703596999662504072e-04
1.671918078663583562e-04
1.640793230661019726e-04
1.610209182985391520e-04
1.580152662967272746e-04
1.550610397937243171e-04
1.521569115225878766e-04
1.493015542163757400e-04
1.464936406081456671e-04
1.437318434309552281e-04
1.410148354178623181e-04
1.383412893019246700e-04
1.357098778161997725e-04
1.331192736937454938e-04
1.305681496676195665e-04
1.280551784708797234e-04
1.255790328365836159e-04
1.231383854977889766e-04
1.207319091875537145e-04
1.183582766389351285e-04
1.160161605849914258e-04
1.137042337587798916e-04
1.114211688933586247e-04
1.091656387217849919e-04
1.069363159771170646e-04
1.047318733924124400e-04
1.025509837007285255e-04
1.003923196351235554e-04
