0.000000000000000000e+00
5.037682424058363001e-02
1.001192619542356360e-01
1.492217091967622533e-01
1.976785620239697450e-01
2.454842164916641867e-01
2.926330686556520289e-01
3.391195145717393333e-01
3.849379502957325228e-01
4.300827718834374092e-01
4.745483753906606372e-01
5.183291568732083521e-01
5.614195123868866988e-01
6.038138379875018780e-01
6.455065297308600902e-01
6.864919836727678693e-01
7.267645958690309715e-01
7.663187623754560418e-01
8.051488792478490586e-01
8.432493425420163335e-01
8.806145483137641783e-01
9.172388926188986824e-01
9.531167715132260465e-01
9.882425810525525822e-01
1.022610717292684601e+00
1.056215576289428304e+00
1.089051554098589891e+00
1.121113046775975342e+00
1.152394450377391300e+00
1.182890160958643522e+00
1.212594574575538875e+00
1.241502087283882672e+00
1.269607095139482000e+00
1.296903994198143062e+00
1.323387180515671613e+00
1.349051050147873854e+00
1.373889999150556207e+00
1.397898423579525096e+00
1.421070719490586942e+00
1.443401282939547059e+00
1.464884509982212313e+00
1.485514796674388904e+00
1.505286539071882590e+00
1.524194133230500459e+00
1.542231975206048711e+00
1.559394461054332215e+00
1.575675986831158504e+00
1.591070948592333778e+00
1.605573742393663572e+00
1.619178764290954975e+00
1.631880410340012633e+00
1.643673076596644744e+00
1.654551159116656400e+00
1.664509053955853801e+00
1.673541157170043592e+00
1.681641864815032417e+00
1.688805572946625144e+00
1.695026677620628863e+00
1.700302236759966723e+00
1.704645735458236500e+00
1.708076919126144011e+00
1.710615545497854662e+00
1.712281372307532523e+00
1.713094157289342112e+00
1.713073658177448610e+00
1.712239632706015868e+00
1.710611838609209512e+00
1.708210033621193391e+00
1.705053975476132688e+00
1.701163421908191475e+00
1.696558130651534491e+00
1.691257859440326472e+00
1.685282366008732380e+00
1.678651408090916508e+00
1.671384743421043151e+00
1.663502129733277268e+00
1.655023324761784265e+00
1.645968086240727324e+00
1.636356171904272072e+00
1.626207339486583026e+00
1.615541346721824478e+00
1.604377951344161390e+00
1.592736911087757612e+00
1.580637983686778769e+00
1.568100926875389378e+00
1.555145498387753511e+00
1.541791439486650317e+00
1.528057056365363708e+00
1.513958126859443976e+00
1.499510171439038864e+00
1.484728710574293675e+00
1.469629264735355489e+00
1.454227354392371163e+00
1.438538500015487553e+00
1.422578222074849741e+00
1.406362041040605915e+00
1.389905477382902488e+00
1.373224051571884763e+00
1.356333284077700263e+00
1.339248695370495179e+00
1.321985805920417256e+00
1.304560136197611353e+00
1.286987206672224993e+00
1.269282537814404588e+00
1.251461650094297218e+00
1.233540063982048407e+00
1.215533299947805457e+00
1.197456878461714780e+00
1.179326319993923011e+00
1.161157145014576342e+00
1.142964873993822073e+00
1.124765027401805950e+00
1.106573125708675054e+00
1.088404689384576240e+00
1.070275238899655257e+00
1.052199787338329307e+00
1.034188363227605434e+00
1.016248165911662449e+00
9.983863622619902900e-01
9.806101191500802283e-01
9.629266034474242009e-01
9.453429820255125904e-01
9.278664217558373339e-01
9.105040895098885922e-01
8.932631521591579693e-01
8.761507765751367360e-01
8.591741296293164964e-01
8.423403781931869672e-01
8.256566891382406403e-01
8.091302293359678988e-01
7.927681656578604574e-01
7.765776649754091432e-01
7.605658941601050049e-01
7.447400200834393136e-01
7.291072096169033401e-01
7.136746296319883553e-01
6.984494470001849642e-01
6.834388285929846596e-01
6.686499412818784904e-01
6.540899519383576166e-01
6.397660274339136421e-01
6.256853346400369498e-01
6.118550404282189215e-01
5.982823069534498606e-01
5.849719003882160040e-01
5.719222998091779697e-01
5.591309655287840519e-01
5.465953578594809903e-01
5.343129371137169681e-01
5.222811636039387251e-01
5.104974976425937783e-01
4.989593995421292560e-01
4.876643296149931195e-01
4.766097481736324970e-01
4.657931155304942394e-01
4.552118919980263079e-01
4.448635378886759972e-01
4.347455135148908800e-01
4.248552791891175850e-01
4.151902952238040179e-01
4.057480219313974734e-01
3.965259196243452466e-01
3.875214486150950766e-01
3.787320692160937030e-01
3.701552417397888650e-01
3.617884264986279130e-01
3.536290838050581975e-01
3.456746739715270689e-01
3.379226573104818776e-01
3.303704941343699186e-01
3.230156447556389310e-01
3.158555694867358210e-01
3.088876846116199171e-01
3.021086668732390623e-01
2.955145793674874843e-01
2.891014666157413759e-01
2.828653731393762638e-01
2.768023434597681742e-01
2.709084220982930780e-01
2.651796535763271123e-01
2.596120824152457485e-01
2.542017531364251237e-01
2.489447102612412643e-01
2.438369983110699746e-01
2.388746618072873085e-01
2.340537452712689592e-01
2.293702932243909254e-01
2.248203501880292610e-01
2.203999606835597702e-01
2.161051692323583129e-01
2.119320203558009152e-01
2.078765585752634371e-01
2.039348284121219324e-01
2.001028743877520666e-01
1.963767410235299493e-01
1.927524728408314403e-01
1.892261143610324825e-01
1.857937101055089635e-01
1.824513045956367985e-01
1.791949423527920693e-01
1.760206678983504969e-01
1.729248866183451527e-01
1.699054473574378998e-01
1.669605598249475908e-01
1.640884337301931895e-01
1.612872787824936871e-01
1.585553046911679365e-01
1.558907211655348457e-01
1.532917379149134895e-01
1.507565646486226096e-01
1.482834110759812252e-01
1.458704869063082166e-01
1.435160018489225198e-01
1.412181656131430707e-01
1.389751879082888886e-01
1.367852784436786873e-01
1.346466469286316248e-01
1.325575030724665537e-01
1.305160565845022991e-01
1.285205171740578522e-01
1.265690945504522325e-01
1.246599984230041952e-01
1.227914385010328013e-01
1.209616244938569313e-01
1.191687661107955071e-01
1.174110730611674924e-01
1.156867550542918094e-01
1.139940217994872829e-01
1.123310830060729598e-01
1.106961663365978454e-01
1.090880925751398223e-01
1.075063973103097814e-01
1.059506586865234523e-01
1.044204548481964673e-01
1.029153639397445419e-01
1.014349641055832807e-01
9.997883349012838539e-02
9.854655023779552991e-02
9.713769249300036046e-02
9.575183840015862036e-02
9.438856610368591415e-02
9.304745374799794355e-02
9.172807947751038249e-02
9.043002143663894654e-02
8.915285776979921251e-02
8.789616662140686820e-02
8.665952613587764308e-02
8.544251445762718333e-02
8.424470973107113514e-02
8.306569010062522795e-02
8.190503371070505245e-02
8.076231870572637972e-02
7.963712323010486982e-02
7.852902542825609955e-02
7.743760344459579836e-02
7.636243542353965408e-02
7.530309950950332676e-02
7.425917384690247647e-02
7.323026080991085207e-02
7.221611230171826046e-02
7.121653721031594164e-02
7.023134453586990511e-02
6.926034327854603545e-02
6.830334243851042542e-02
6.736015101592905674e-02
6.643057801096789727e-02
6.551443242379297038e-02
6.461152325457025780e-02
6.372165950346574126e-02
6.284465017064543024e-02
6.198030425627541057e-02
6.112843076052151131e-02
6.028883868354979747e-02
5.946133702552631323e-02
5.864573478661699174e-02
5.784184096698786332e-02
5.704946456680492356e-02
5.626841458623414033e-02
5.549850002544153005e-02
5.473952988459310914e-02
5.399131316385482465e-02
5.325365886339269994e-02
5.252637598337272368e-02
5.180927352396089147e-02
5.110216048532320587e-02
5.040484586762566943e-02
4.971713892430375259e-02
4.903887097489811886e-02
4.836991221581740663e-02
4.771013680080634506e-02
4.705941888360949676e-02
4.641763261797159090e-02
4.578465215763724561e-02
4.516035165635109982e-02
4.454460526785782720e-02
4.393728714590204587e-02
4.333827144422847111e-02
4.274743231658166553e-02
4.216464391670630973e-02
4.158978039834706347e-02
4.102271591524857958e-02
4.046332462115548312e-02
3.991148066981244774e-02
3.936705821496410546e-02
3.882993141035512991e-02
3.829997440973015310e-02
3.777706136683382093e-02
3.726106643541077235e-02
3.675186376920567405e-02
3.624932752196316499e-02
3.575333184742789799e-02
3.526375089934452589e-02
3.478045883145769457e-02
3.430332979751204991e-02
3.383223795125227945e-02
3.336706121886860721e-02
3.290771458705735869e-02
3.245413407767169800e-02
3.200625595400136136e-02
3.156401647933602950e-02
3.112735191696544557e-02
3.069619853017928682e-02
3.027049258226728254e-02
2.985017033651914467e-02
2.943516805622455740e-02
2.902542200467324307e-02
2.862086844515490322e-02
2.822144364095926020e-02
2.782708385537602594e-02
2.743772535169488117e-02
2.705330439320556904e-02
2.667375724319778069e-02
2.629902016496123152e-02
2.592902942178562306e-02
2.556372127696065338e-02
2.520303199377605524e-02
2.484689783552151976e-02
2.449525506548676929e-02
2.414803994696150535e-02
2.380518874323542949e-02
2.346663771759828487e-02
2.313232313333973486e-02
2.280218125374950527e-02
2.247614835302993649e-02
2.215416624900278658e-02
2.183619130603439359e-02
2.152218224562059412e-02
2.121209778925724210e-02
2.090589665844018105e-02
2.060353757466528227e-02
2.030497925942835805e-02
2.001018043422528314e-02
1.971909982055188720e-02
1.943169613990403111e-02
1.914792811377756185e-02
1.886775446366832296e-02
1.859113391107216837e-02
1.831802517748493814e-02
1.804838698440249661e-02
1.778217805332067344e-02
1.751935710573531910e-02
1.725988286314229445e-02
1.700371404703743608e-02
1.675080937891659100e-02
1.650112758027562354e-02
1.625462737261035642e-02
1.601126747741666440e-02
1.577100661619039099e-02
1.553380351042736585e-02
1.529961688162344638e-02
1.506840545127448305e-02
1.484012794087632633e-02
1.461474307192481802e-02
1.439220956591581377e-02
1.417248614434515712e-02
1.395553152870869333e-02
1.374130444050228501e-02
1.352976360122176529e-02
1.332086773236298115e-02
1.311457555542179174e-02
1.291084579189403364e-02
1.270963716327556253e-02
1.251090839106222714e-02
1.231461819674987447e-02
1.212072530183436192e-02
1.192918842781151567e-02
1.173996629617719833e-02
1.155301762842725517e-02
1.136830114605753492e-02
1.118577557056388630e-02
1.100539962344215805e-02
1.082713202618820238e-02
1.065093150029784892e-02
1.047675676726697244e-02
1.030456654859139565e-02
1.013431956576699502e-02
9.965974540289584613e-03
9.799490193655049572e-03
9.634825247359216083e-03
9.471938422897922469e-03
9.310788441767045218e-03
