0.000000000000000000e+00
-1.421814414233979647e-02
-2.727216479178462202e-02
-3.917705047524003281e-02
-4.994778971961157110e-02
-5.959937105180476008e-02
-6.814678299872521661e-02
-7.560501408727840489e-02
-8.198905284436998342e-02
-8.731388779690534008e-02
-9.159450747179018193e-02
-9.484590039593000788e-02
-9.708305509623034457e-02
-9.832096009959674643e-02
-9.857460393293476786e-02
-9.785897512314999103e-02
-9.618906219714790096e-02
-9.357985368183412145e-02
-9.004633810411409589e-02
-8.560350399089350359e-02
-8.026633986907784346e-02
-7.404983426557260051e-02
-6.696897570728342630e-02
-5.903875272111584055e-02
-5.027415383397532134e-02
-4.069016757276754104e-02
-3.030178246439790488e-02
-1.912398703577197420e-02
-7.171769813795456083e-03
5.539880674626178336e-03
1.899597590258744056e-02
3.318152734318267211e-02
4.808154646950647121e-02
6.368104475465310998e-02
7.996503367171720056e-02
9.691852469379308443e-02
1.145265292939752905e-01
1.327740589453581810e-01
1.516461251210363681e-01
1.711277392941040754e-01
1.912039129376558733e-01
2.118596575247862213e-01
2.330799845285895788e-01
2.548499054221603499e-01
2.771544316785931050e-01
2.999785747709820538e-01
3.233073461724217945e-01
3.471257573560068699e-01
3.714188197948315451e-01
3.961715449619905849e-01
4.213689443305778104e-01
4.469960293736884860e-01
4.730378115644162662e-01
4.994793023758563599e-01
5.263055132811026438e-01
5.535014557532498269e-01
5.810521412653923967e-01
6.089425812906242852e-01
6.371545714181305886e-01
6.656500610646286509e-01
6.943834363643076601e-01
7.233090685630043648e-01
7.523813289065560683e-01
7.815545886407991860e-01
8.107832190115715765e-01
8.400215912647097660e-01
8.692240766460503920e-01
8.983450464014318682e-01
9.273388717766898326e-01
9.561599240176619219e-01
9.847625743701844403e-01
1.013101194080095802e+00
1.041130154393232088e+00
1.068803826555430492e+00
1.096076581812527762e+00
1.122902791410361312e+00
1.149236826594768557e+00
1.175033058611585357e+00
1.200245858706650015e+00
1.224829598125798391e+00
1.248738648114868566e+00
1.271927379919696843e+00
1.294350164786120638e+00
1.315961373959976477e+00
1.336715378687102218e+00
1.356566550213334166e+00
1.375469475071297687e+00
1.393397496654987799e+00
1.410357004880298248e+00
1.426357753519180038e+00
1.441409496343583729e+00
1.455521987125459216e+00
1.468704979636757946e+00
1.480968227649430480e+00
1.492321484935426268e+00
1.502774505266697425e+00
1.512337042415193178e+00
1.521018850152864754e+00
1.528829682251662492e+00
1.535779292483536951e+00
1.541877434620438914e+00
1.547133862434318274e+00
1.551558329697126259e+00
1.555160590180813207e+00
1.557950397657329900e+00
1.559937505898626453e+00
1.561131668676653872e+00
1.561542639763362050e+00
1.561180172930702437e+00
1.560054021950624481e+00
1.558173940595080298e+00
1.555549682636018893e+00
1.552191001845391716e+00
1.548107651995148881e+00
1.543309386857240950e+00
1.537806710093169160e+00
1.531617492279372605e+00
1.524763785376423764e+00
1.517267689337824299e+00
1.509151304117076986e+00
1.500436729667685043e+00
1.491146065943149690e+00
1.481301412896974812e+00
1.470924870482661850e+00
1.460038538653713136e+00
1.448664517363632553e+00
1.436824906565921767e+00
1.424541806214082884e+00
1.411837316261619124e+00
1.398733536662031929e+00
1.385252567368825183e+00
1.371416508335500994e+00
1.357247459515561250e+00
1.342767520862508945e+00
1.327998792329846856e+00
1.312963373871077311e+00
1.297683365439701753e+00
1.282180866989224288e+00
1.266477978473146804e+00
1.250596799844971185e+00
1.234559431058201096e+00
1.218387972066337976e+00
1.202104522822885047e+00
1.185731178107158446e+00
1.169287404212013382e+00
1.152785770240430496e+00
1.136237727671229658e+00
1.119654727983226961e+00
1.103048222655241606e+00
1.086429663166090132e+00
1.069810500994590630e+00
1.053202187619560526e+00
1.036616174519818134e+00
1.020063913174181325e+00
1.003556855061466413e+00
9.871064516604928230e-01
9.707241544500769814e-01
9.544214149090383126e-01
9.382096845161920218e-01
9.221004147503575332e-01
9.061050570903520507e-01
8.902350630149935551e-01
8.745018840030998053e-01
8.589169715334882271e-01
8.434917770849763574e-01
8.282377521363821771e-01
8.131663481665237780e-01
7.982890166542181420e-01
7.836172090782835831e-01
7.691623769175370828e-01
7.549359716507973994e-01
7.409494447568814035e-01
7.272138162354965241e-01
7.137328585856708152e-01
7.005043305663322117e-01
6.875258089061595523e-01
6.747948703338311205e-01
6.623090915780258658e-01
6.500660493674221829e-01
6.380633204306993544e-01
6.262984814965351088e-01
6.147691092936087287e-01
6.034727805505987197e-01
5.924070719961836984e-01
5.815695603590426144e-01
5.709578223678537512e-01
5.605694347512956144e-01
5.504019742380472646e-01
5.404530175567873185e-01
5.307201414361941705e-01
5.212009226049467703e-01
5.118929377917232904e-01
5.027937637252031244e-01
4.939009771340642230e-01
4.852121547469855356e-01
4.767248732926457344e-01
4.684367094997234915e-01
4.603452400968973679e-01
4.524480418128460357e-01
4.447426913762485556e-01
4.372267655157829336e-01
4.298975528533321988e-01
4.227511895835969202e-01
4.157835237944810247e-01
4.089904035738892163e-01
4.023676770097258104e-01
3.959111921898953446e-01
3.896167972023020787e-01
3.834803401348507168e-01
3.774976690754451858e-01
3.716646321119901897e-01
3.659770773323900439e-01
3.604308528245492860e-01
3.550218066763722313e-01
3.497457869757633619e-01
3.445986418106268823e-01
3.395762192688674963e-01
3.346743674383897416e-01
3.298889344070974339e-01
3.252157682628953883e-01
3.206507170936880868e-01
3.161896289873796784e-01
3.118283520318747559e-01
3.075627343150777460e-01
3.033886239248929084e-01
2.993018689492248363e-01
2.952983174759779006e-01
2.913738175930564167e-01
2.875242173883648111e-01
2.837454012442791051e-01
2.800344526049779459e-01
2.763898999723053973e-01
2.728103578794458528e-01
2.692944408595834282e-01
2.658407634459026836e-01
2.624479401715875682e-01
2.591145855698224199e-01
2.558393141737916321e-01
2.526207405166792097e-01
2.494574791316697682e-01
2.463481445519473678e-01
2.432913513106964298e-01
2.402857139411010423e-01
2.373298469763456264e-01
2.344223649496144646e-01
2.315618823940915894e-01
2.287470138429614497e-01
2.259763738294083557e-01
2.232485768866163955e-01
2.205622375477700736e-01
2.179159703460535058e-01
2.153083898146510022e-01
2.127381104867469563e-01
2.102037468955254007e-01
2.077039135741707010e-01
2.052372250558672229e-01
2.028022958737990544e-01
2.003977405611506724e-01
1.980222877881046561e-01
1.956753705980799340e-01
1.933566904678065690e-01
1.910659494024266880e-01
1.888028494070822239e-01
1.865670924869154423e-01
1.843583806470684705e-01
1.821764158926832966e-01
1.800209002289020754e-01
1.778915356608669063e-01
1.757880241937198884e-01
1.737100678326031489e-01
1.716573685826589257e-01
1.696296284490290129e-01
1.676265494368556763e-01
1.656478335512810707e-01
1.636931827974472120e-01
1.617622991804963106e-01
1.598548847055703548e-01
1.579706413778115548e-01
1.561092712023619267e-01
1.542704761843636252e-01
1.524539583289587219e-01
1.506594196412893716e-01
1.488865621264975625e-01
1.471350877897255327e-01
1.454046986361152982e-01
1.436950966708090138e-01
1.420059840969626896e-01
1.403370803696951663e-01
1.386881353392617755e-01
1.370589019498855698e-01
1.354491331457894077e-01
1.338585818711963693e-01
1.322870010703293131e-01
1.307341436874112917e-01
1.291997626666651633e-01
1.276836109523139251e-01
1.261854414885806852e-01
1.247050072196881215e-01
1.232420610898593144e-01
1.217963560433172748e-01
1.203676450242849028e-01
1.189556809769851259e-01
1.175602168456409691e-01
1.161810055744753600e-01
1.148178001077112820e-01
1.134703533895716904e-01
1.121384183642794574e-01
1.108217479760576218e-01
1.095200951691291114e-01
1.082332128877168814e-01
1.069608540760438875e-01
1.057027716783331267e-01
1.044587186388075128e-01
1.032284479016899736e-01
1.020117124112036172e-01
1.008082719478401168e-01
9.961795345159708825e-02
9.844062198150743681e-02
9.727614303412535079e-02
9.612438210600493527e-02
9.498520469370035080e-02
9.385847629376573020e-02
9.274406240275519242e-02
9.164182851722296741e-02
9.055164013372311860e-02
8.947336274880975104e-02
8.840686185903705308e-02
8.735200296095918526e-02
8.630865155113028042e-02
8.527667312610442973e-02
8.425593318243583540e-02
8.324629721667863025e-02
8.224763072538696096e-02
8.125979920511491872e-02
8.028266815241666410e-02
7.931610306384635767e-02
7.835996943595811837e-02
7.741413276530612064e-02
7.647845854844446956e-02
7.555281228192731180e-02
7.463705946230887733e-02
7.373106558614314632e-02
7.283469614998439035e-02
7.194781667608586562e-02
7.107030574190786876e-02
7.020207618197897570e-02
6.934304638186057634e-02
6.849313472711408834e-02
6.765225960330088772e-02
6.682033939598246153e-02
6.599729249072014414e-02
6.518303727307535322e-02
6.437749212860957582e-02
6.358057544288410468e-02
6.279220560146042684e-02
6.201230098989995998e-02
6.124077999376408010e-02
6.047756099861419793e-02
5.972256239001177275e-02
5.897570255351816670e-02
5.823689987469477664e-02
5.750607273910305489e-02
5.678313953230439137e-02
5.606801863986017598e-02
5.536062844733186800e-02
5.466088734028083651e-02
5.396871370426850612e-02
5.328402592485632916e-02
5.260674238760565391e-02
5.193678147807789802e-02
5.127406158183448609e-02
5.061850108443682883e-02
4.997001837144633696e-02
4.932853182842443507e-02
4.869395984093249224e-02
4.806622079453196084e-02
4.744523307478424462e-02
4.683091506725072656e-02
4.622318515749284512e-02
4.562196173107199715e-02
4.502716317354958642e-02
4.443870787048703058e-02
4.385651420744575424e-02
4.328050056998715422e-02
4.271058534367266901e-02
4.214668691406365381e-02
4.158872366672154708e-02
4.103661398720775955e-02
4.049027626108370193e-02
3.994962887391078493e-02
3.941459021125041928e-02
3.888507865866403651e-02
3.836101260171297100e-02
3.784231042595874450e-02
3.732889051696264976e-02
3.682067126028621545e-02
3.631757104149074128e-02
3.581950824613772816e-02
3.532640125978855905e-02
3.483816846800458222e-02
3.435472825634731248e-02
