0.000000000000000000e+00
-2.103347781730055197e-02
-4.018094035977192585e-02
-5.738771512379264861e-02
-7.259912960574124718e-02
-8.576051130199631445e-02
-9.681718770893629755e-02
-1.057144863229398379e-01
-1.123977346403854105e-01
-1.168122601576515318e-01
-1.189033903711168710e-01
-1.186164527771597782e-01
-1.158967748721589502e-01
-1.106896841524928204e-01
-1.029405081145400025e-01
-9.259457425467895741e-02
-7.959721006928827114e-02
-6.389374305474655735e-02
-4.542950070743223545e-02
-2.414981052372379769e-02
4.720422846007932361e-17
2.707460336736082843e-02
5.712867208198007390e-02
9.021687864747919561e-02
1.263938955674795694e-01
1.657143953456027829e-01
2.082330504854702780e-01
2.540045334907037322e-01
3.030835168649240741e-01
3.555246731117531755e-01
4.113826747348121593e-01
4.707121942377229806e-01
5.335679041241067067e-01
6.000044768975848486e-01
6.700765850617789177e-01
7.438389011203105916e-01
8.213460975768006600e-01
9.026528469348715777e-01
9.878138216981445785e-01
1.076883694370240452e+00
1.169917137454780764e+00
1.266913241812001489e+00
1.367648771728591228e+00
1.471844909847854099e+00
1.579222838813093555e+00
1.689503741267613268e+00
1.802408799854715138e+00
1.917659197217704392e+00
2.034976115999883373e+00
2.154080738844556642e+00
2.274694248395025653e+00
2.396537827294595857e+00
2.519332658186569596e+00
2.642799923714250099e+00
2.766660806520942373e+00
2.890636489249946539e+00
3.014448154544569825e+00
3.137816985048112350e+00
3.260464163403880455e+00
3.382110872255174261e+00
3.502478294245300994e+00
3.621319559743868322e+00
3.738515590025719426e+00
3.853979254092000595e+00
3.967623420943863444e+00
4.079360959582454704e+00
4.189104739008919331e+00
4.296767628224410274e+00
4.402262496230073374e+00
4.505502212027059805e+00
4.606399644616514522e+00
4.704867662999588696e+00
4.800819136177429058e+00
4.894166933151184118e+00
4.984823922922003270e+00
5.072702974491035022e+00
5.157716956859426993e+00
5.239778739028326804e+00
5.318801189998883849e+00
5.394697178772245749e+00
5.467379574349562787e+00
5.536774810922995727e+00
5.602863583448761453e+00
5.665640152074088221e+00
5.725098776946209611e+00
5.781233718212353878e+00
5.834039236019751939e+00
5.883509590515634713e+00
5.929639041847231340e+00
5.972421850161773627e+00
6.011852275606488938e+00
6.047924578328610856e+00
6.080633018475368523e+00
6.109971856193991968e+00
6.135935351631712997e+00
6.158517764935758088e+00
6.177713356253359933e+00
6.193516385731751228e+00
6.205921113518158450e+00
6.214921799759814292e+00
6.220512704603947007e+00
6.222702380358180463e+00
6.221556547971714757e+00
6.217155220554135830e+00
6.209578411215035842e+00
6.198906133064004287e+00
6.185218399210628881e+00
6.168595222764506225e+00
6.149116616835220483e+00
6.126862594532364703e+00
6.101913168965526602e+00
6.074348353244298337e+00
6.044248160478268517e+00
6.011692603777026633e+00
5.976761696250164846e+00
5.939535451007272648e+00
5.900093881157936870e+00
5.858516999811753223e+00
5.814884820078308536e+00
5.769277355067192303e+00
5.721774617887994907e+00
5.672457713285923298e+00
5.621412112548655138e+00
5.568724378599481994e+00
5.514481074361691881e+00
5.458768762758580806e+00
5.401674006713440335e+00
5.343283369149561146e+00
5.283683412990235695e+00
5.222960701158758212e+00
5.161201796578418488e+00
5.098493262172510754e+00
5.034921660864324799e+00
4.970573555577153968e+00
4.905535509234290714e+00
4.839894084759028381e+00
4.773735845074654094e+00
4.707147353104465637e+00
4.640215171771751912e+00
4.573025863999806262e+00
4.505665992711922918e+00
4.438215713342346547e+00
4.370729551369148425e+00
4.303255624781361810e+00
4.235842051568012856e+00
4.168536949718125939e+00
4.101388437220734318e+00
4.034444632064865033e+00
3.967753652239549123e+00
3.901363615733808299e+00
3.835322640536674488e+00
3.769678844637177839e+00
3.704480346024341841e+00
3.639775262687203305e+00
3.575611712614780835e+00
3.512037813796107244e+00
3.449101684220210906e+00
3.386851441876122415e+00
3.325335204752864815e+00
3.264601090839470032e+00
3.204697218124965108e+00
3.145664427297681254e+00
3.087514449843158371e+00
3.030251739946234313e+00
2.973880751791753152e+00
2.918405939564554963e+00
2.863831757449481152e+00
2.810162659631371351e+00
2.757403100295067855e+00
2.705557533625411182e+00
2.654630413807244960e+00
2.604626195025406599e+00
2.555549331464738838e+00
2.507404277310082641e+00
2.460195486746278970e+00
2.413927413958170565e+00
2.368604513130595279e+00
2.324231238448395853e+00
2.280812044096414137e+00
2.238351384259491095e+00
2.196853713122467244e+00
2.156319956249898251e+00
2.116736924725206137e+00
2.078087901011528515e+00
2.040356167572001667e+00
2.003525006869762315e+00
1.967577701367946075e+00
1.932497533529691225e+00
1.898267785818134712e+00
1.864871740696411928e+00
1.832292680627660264e+00
1.800513888075016666e+00
1.769518645501618526e+00
1.739290235370601234e+00
1.709811940145101516e+00
1.681067042288257429e+00
1.653038824263205253e+00
1.625710568533081712e+00
1.599065557561022644e+00
1.573087073810167880e+00
1.547758399743650592e+00
1.523062894041362414e+00
1.498984220250207722e+00
1.475506118133844247e+00
1.452612327455929497e+00
1.430286587980121427e+00
1.408512639470078431e+00
1.387274221689456910e+00
1.366555074401916592e+00
1.346338937371112987e+00
1.326609550360704715e+00
1.307350653134350171e+00
1.288545985455706422e+00
1.270179287088431197e+00
1.252234297796182227e+00
1.234694757342618132e+00
1.217544405491395532e+00
1.200766982006173933e+00
1.184346226650608624e+00
1.168265879188358891e+00
1.152509679383082242e+00
1.137062696763920799e+00
1.121915319921956478e+00
1.107059267213753584e+00
1.092486256995879534e+00
1.078188007624898415e+00
1.064156237457377641e+00
1.050382664849881520e+00
1.036859008158976136e+00
1.023576985741227796e+00
1.010528315953201473e+00
9.977047171514630275e-01
9.850979076925788780e-01
9.726996059331138866e-01
9.605015302296346924e-01
9.484953989387064910e-01
9.366729304168948111e-01
9.250258430207652927e-01
9.135458551068842414e-01
9.022246850318170752e-01
8.910540511521296558e-01
8.800265844336030430e-01
8.691385662788796429e-01
8.583871906998182810e-01
8.477696517082758954e-01
8.372831433161107562e-01
8.269248595351812448e-01
8.166919943773454094e-01
8.065817418544607431e-01
7.965912959783859604e-01
7.867178507609784432e-01
7.769586002140965730e-01
7.673107383495986200e-01
7.577714591793419663e-01
7.483379567151846601e-01
7.390074249689853048e-01
7.297770579526013934e-01
7.206440496778911964e-01
7.116055941567124288e-01
7.026588854009235829e-01
6.938011174223823740e-01
6.850297701169442144e-01
6.763434669164503088e-01
6.677411171367400033e-01
6.592216300936522000e-01
6.507839151030262448e-01
6.424268814807014838e-01
6.341494385425160418e-01
6.259504956043092649e-01
6.178289619819203882e-01
6.097837469911885355e-01
6.018137599479521649e-01
5.939179101680502892e-01
5.860951069673222547e-01
5.783442596616069631e-01
5.706642775667434275e-01
5.630540699985706610e-01
5.555125462729276764e-01
5.480386157056532648e-01
5.406311876125871052e-01
5.332891713095672115e-01
5.260115161711681475e-01
5.187973318069040163e-01
5.116457678850239166e-01
5.045559740737769472e-01
4.975271000414123179e-01
4.905582954561790721e-01
4.836487099863265859e-01
4.767974933001034588e-01
4.700037950657594554e-01
4.632667649515431751e-01
4.565855526257038277e-01
4.499593077564910115e-01
4.433871800121533258e-01
4.368683190609402578e-01
4.304018745711009064e-01
4.239869962108844814e-01
4.176228336485397485e-01
4.113085365523158621e-01
4.050432545904623094e-01
3.988261374312279672e-01
3.926563315886976158e-01
3.865329709602981501e-01
3.804551862892918690e-01
3.744221083189412380e-01
3.684328677925090001e-01
3.624865954532570100e-01
3.565824220444479553e-01
3.507194783093440238e-01
3.448968949912080695e-01
3.391138028333021692e-01
3.333693325788887329e-01
3.276626149712303371e-01
3.219927807535892250e-01
3.163589606692282508e-01
3.107602854614092691e-01
3.051958858733948565e-01
2.996648926484474784e-01
2.941664365298294337e-01
2.886996482608033543e-01
2.832636585846315391e-01
2.778576174829723855e-01
2.724807518910685733e-01
2.671323079825592139e-01
2.618115319310822531e-01
2.565176699102768576e-01
2.512499680937816948e-01
2.460076726552352655e-01
2.407900297682764035e-01
2.355962856065438316e-01
2.304256863436762448e-01
2.252774781533123105e-01
2.201509072090910568e-01
2.150452196846505126e-01
2.099596617536297616e-01
2.048934795896675543e-01
1.998459193664024469e-01
1.948162272574731901e-01
1.898036494365185622e-01
1.848074320771770640e-01
1.798268213530878346e-01
1.748611674549243600e-01
1.699102366415025100e-01
1.649738991886730011e-01
1.600520253722868269e-01
1.551444854681948704e-01
1.502511497522479866e-01
1.453718885002970584e-01
1.405065719881929409e-01
1.356550704917868500e-01
1.308172542869291688e-01
1.259929936494709468e-01
1.211821588552630946e-01
1.163846201801565505e-01
1.116002479000021558e-01
1.068289122906508209e-01
1.020704836279534011e-01
9.732483218776079303e-02
9.259182824592411543e-02
8.787134207829379318e-02
8.316324396072095892e-02
7.846770335396834051e-02
7.378608645844618452e-02
6.912005865947662420e-02
6.447128534238175113e-02
5.984143189248368466e-02
5.523216369510456497e-02
5.064514613556665712e-02
4.608204459919173351e-02
4.154452447130207310e-02
3.703425113721978135e-02
3.255288998226699843e-02
2.810210639176582287e-02
2.368356575103837749e-02
1.929893344540678166e-02
1.494987486019312521e-02
1.063805538071973394e-02
6.365140392308339494e-03
2.132795280281249428e-03
-2.057314570039431214e-03
-6.203523773331591322e-03
-1.030416694427310070e-02
-1.435757869754186039e-02
-1.836209364781574496e-02
-2.231604640977247894e-02
-2.621777159809027605e-02
-3.006560382744687121e-02
-3.385787771252013467e-02
-3.759292786798795749e-02
-4.126908890852821338e-02
-4.488469544881880380e-02
-4.843808210353745675e-02
-5.192758348736251778e-02
-5.535153421497126386e-02
-5.870826890104217932e-02
-6.199612216025254807e-02
-6.521342860728084057e-02
-6.835852285680441009e-02
-7.142973952350137323e-02
-7.442541322204991594e-02
-7.734387856712739151e-02
