0.000000000000000000e+00
-5.290230406395781543e-03
-1.010455178594477088e-02
-1.442947125002676766e-02
-1.825149591002157498e-02
-2.155713287730900291e-02
-2.433288926326883372e-02
-2.656527217928089310e-02
-2.824078873672497547e-02
-2.934594604698088569e-02
-2.986725122142842859e-02
-2.979121137144739168e-02
-2.910433360841760062e-02
-2.779312504371884290e-02
-2.584409278873092686e-02
-2.324374395483364691e-02
-1.997858565340680792e-02
-1.603512499583023901e-02
-1.139986909348370513e-02
-6.059325057747008518e-03
5.900528557509915452e-18
6.791598968377558949e-03
1.432896473600586522e-02
2.262559019150509401e-02
3.169496822349546217e-02
4.155059172059714923e-02
5.220595357143037463e-02
6.367454666461536128e-02
7.596986388877222107e-02
8.910539813252121855e-02
1.030946422844824933e-01
1.179510892332763100e-01
1.336882318675228498e-01
1.503195630758422385e-01
1.678585757468547546e-01
1.863187627691806347e-01
2.057136170314398937e-01
2.260566314222529349e-01
2.473612988302399673e-01
2.696411121440209224e-01
2.929095642522161480e-01
3.171663110465815505e-01
3.423556604314145768e-01
3.684080833141486488e-01
3.952540506022170774e-01
4.228240332030532844e-01
4.510485020240901921e-01
4.798579279727614999e-01
5.091827819565001301e-01
5.389535348827397820e-01
5.691006576589132671e-01
5.995546211924542845e-01
6.302458963907957568e-01
6.611049541613712721e-01
6.920622654116141970e-01
7.230483010489572315e-01
7.539935319808344083e-01
7.848284291146783165e-01
8.154834633579228775e-01
8.458891056180006807e-01
8.759758268023457584e-01
9.056820383379124983e-01
9.349779137297422604e-01
9.638415670023972037e-01
9.922511121804409306e-01
1.020184663288435267e+00
1.047620334350942706e+00
1.074536239392526626e+00
1.100910492437748855e+00
1.126721207511173217e+00
1.151946498637360872e+00
1.176564479840875643e+00
1.200553265146279580e+00
1.223890968578135396e+00
1.246555704161005806e+00
1.268525585919453968e+00
1.289778727878041931e+00
1.310293244061332185e+00
1.330047248493887668e+00
1.349018855200270872e+00
1.367186178205045177e+00
1.384530754466412050e+00
1.401047812677136628e+00
1.416736004463621468e+00
1.431593981452270903e+00
1.445620395269489267e+00
1.458813897541679561e+00
1.471173139895245674e+00
1.482696773956592606e+00
1.493383451352122471e+00
1.503231823708240045e+00
1.512240542651348774e+00
1.520408259807853213e+00
1.527733626804156364e+00
1.534215295266662116e+00
1.539851916821774802e+00
1.544642143095897424e+00
1.548584625715434981e+00
1.551678016306790253e+00
1.553920966496367573e+00
1.555312127910570830e+00
1.555853701022427371e+00
1.555562081691464371e+00
1.554457214623832240e+00
1.552559044525680498e+00
1.549887516103159779e+00
1.546462574062421158e+00
1.542304163109615267e+00
1.537432227950891628e+00
1.531866713292401538e+00
1.525627563840294743e+00
1.518734724300722094e+00
1.511208139379834225e+00
1.503067753783781102e+00
1.494333512218712912e+00
1.485025359390781174e+00
1.475163240006135412e+00
1.464767098770926701e+00
1.453856880391305229e+00
1.442452529573421183e+00
1.430573991023424973e+00
1.418241494179271145e+00
1.405476407406126782e+00
1.392300383800961106e+00
1.378735076460744891e+00
1.364802138482449134e+00
1.350523222963043946e+00
1.335919982999499434e+00
1.321014071688786373e+00
1.305827142127874430e+00
1.290380847413734600e+00
1.274696840643337881e+00
1.258796774913653271e+00
1.242702303321652213e+00
1.226435078964303926e+00
1.210016754938580519e+00
1.193468984341450989e+00
1.176813420269885890e+00
1.160071715820856220e+00
1.143265524091331642e+00
1.126416498178283154e+00
1.109544689927397521e+00
1.092663746179224793e+00
1.075785712523034343e+00
1.058922634548093988e+00
1.042086557843669326e+00
1.025289527999030170e+00
1.008543590603443896e+00
9.918607912461778753e-01
9.752531755164998151e-01
9.587327890036774214e-01
9.423116772969788446e-01
9.260018859856710138e-01
9.098154606590229676e-01
8.937644469063008579e-01
8.778608903167737232e-01
8.621168364797084926e-01
8.465443309843738717e-01
8.311554194200364565e-01
8.159621473759642862e-01
8.009765604414252893e-01
7.862088824118681485e-01
7.716620499074656747e-01
7.573371777545702122e-01
7.432353807795362144e-01
7.293577738087162476e-01
7.157054716684642104e-01
7.022795891851330019e-01
6.890812411850760766e-01
6.761115424946471109e-01
6.633716079401995591e-01
6.508625523480862096e-01
6.385854905446607388e-01
6.265415373562764900e-01
6.147318076092866956e-01
6.031574161300454762e-01
5.918194777449049537e-01
5.807191072802191378e-01
5.698574195623415939e-01
5.592355294176256653e-01
5.488545516724242512e-01
5.387147177091687889e-01
5.288127251346023128e-01
5.191443881115459513e-01
5.097055208028204998e-01
5.004919373712465314e-01
4.914994519796451744e-01
4.827238787908372797e-01
4.741610319676440866e-01
4.658067256728859462e-01
4.576567740693838204e-01
4.497069913199588931e-01
4.419531915874318484e-01
4.343911890346237592e-01
4.270167978243553097e-01
4.198258321194474063e-01
4.128141060827210662e-01
4.059774338769970847e-01
3.993116296650963681e-01
3.928125076098401558e-01
3.864758818740487989e-01
3.802975885272708023e-01
3.742735512659641217e-01
3.683997156933141448e-01
3.626720274125063148e-01
3.570864320267259084e-01
3.516388751391586465e-01
3.463253023529894725e-01
3.411416592714039964e-01
3.360838914975874392e-01
3.311479446347254108e-01
3.263297642860031877e-01
3.216252960546061024e-01
3.170304855437194869e-01
3.125412783565288399e-01
3.081536200962196048e-01
3.038634563659770582e-01
2.996667327689867544e-01
2.955593949084336924e-01
2.915373883875035932e-01
2.875966588093817888e-01
2.837334811755614639e-01
2.799454480807685997e-01
2.762304815180363637e-01
2.725865034803987008e-01
2.690114359608890005e-01
2.655032009525410963e-01
2.620597204483883225e-01
2.586789164414644571e-01
2.553587109248030007e-01
2.520970258914375650e-01
2.488917833344017339e-01
2.457409052467293409e-01
2.426423136214536369e-01
2.395939304516086221e-01
2.365936777302275196e-01
2.336394774503441074e-01
2.307292516049919973e-01
2.278609221872047175e-01
2.250324111900159629e-01
2.222416406064592898e-01
2.194867615982111775e-01
2.167668420015195774e-01
2.140811788212754752e-01
2.114290690623693847e-01
2.088098097296924027e-01
2.062226978281352652e-01
2.036670303625888467e-01
2.011421043379438833e-01
1.986472167590913607e-01
1.961816646309219869e-01
1.937447449583267201e-01
1.913357547461963792e-01
1.889539909994217004e-01
1.865987507228934195e-01
1.842693309215026609e-01
1.819650286001400774e-01
1.796851407636965159e-01
1.774289644170627955e-01
1.751957965651298466e-01
1.729849342127884881e-01
1.707957457435709259e-01
1.686278850555747444e-01
1.664810774255391090e-01
1.643550481302031296e-01
1.622495224463058883e-01
1.601642256505865780e-01
1.580988830197840866e-01
1.560532198306375795e-01
1.540269613598862497e-01
1.520198328842692348e-01
1.500315596805253671e-01
1.480618670253938951e-01
1.461104801956138732e-01
1.441771244679244113e-01
1.422615251190645913e-01
1.403634074257735231e-01
1.384824966647902611e-01
1.366185181128539705e-01
1.347711970467037057e-01
1.329402587430784932e-01
1.311254383131936485e-01
1.293265102061694205e-01
1.275432587056020695e-01
1.257754680950880222e-01
1.240229226582235805e-01
1.222854066786051991e-01
1.205627044398292352e-01
1.188546002254919909e-01
1.171608783191898512e-01
1.154813230045191458e-01
1.138157185650763015e-01
1.121638492844577034e-01
1.105254994462596257e-01
1.089004533340785230e-01
1.072884952315106832e-01
1.056894094221526303e-01
1.041029801896005275e-01
1.025289918174508152e-01
1.009672285892998789e-01
9.941747478874407573e-02
9.787951460122699954e-02
9.635313181958110595e-02
9.483811013848608695e-02
9.333423325262166226e-02
9.184128485666760711e-02
9.035904864530340530e-02
8.888730831320894310e-02
8.742584755506380145e-02
8.597445006554772784e-02
8.453289953934041423e-02
8.310097967112159423e-02
8.167847415557087654e-02
8.026516668736802251e-02
7.886084096119277964e-02
7.746528067172470111e-02
7.607826951364357604e-02
7.469959118162905476e-02
7.332902937036084312e-02
7.196636777451867473e-02
7.061139008878225543e-02
6.926388437494729322e-02
6.792365616327393496e-02
6.659051535113853781e-02
6.526427183591709813e-02
6.394473551498593145e-02
6.263171628572129779e-02
6.132502404549931146e-02
6.002446869169626026e-02
5.872986012168834175e-02
5.744100823285176044e-02
5.615772292256274167e-02
5.487981408819758017e-02
5.360709162713232778e-02
5.233936543674327230e-02
5.107644541440665292e-02
4.981814145749866030e-02
4.856426346339552669e-02
4.731462132947345661e-02
4.606902495310866152e-02
4.482728423167740839e-02
4.358923507681975590e-02
4.235481745723174152e-02
4.112399735587324301e-02
3.989674075570418671e-02
3.867301363968445732e-02
3.745278199077399506e-02
3.623601179193267768e-02
3.502266902612043847e-02
3.381271967629723152e-02
3.260612972542285826e-02
3.140286515645726584e-02
3.020289195236037366e-02
2.900617609609209765e-02
2.781268357061234334e-02
2.662238035888101276e-02
2.543523244385801838e-02
2.425120580850326571e-02
2.307026643577672273e-02
2.189238030863818046e-02
2.071751341004761382e-02
1.954570701669413463e-02
1.837730358018375976e-02
1.721272084585169157e-02
1.605237655903315325e-02
1.489668846506336450e-02
1.374607430927753463e-02
1.260095183701094405e-02
1.146173879359869627e-02
1.032885292437606996e-02
9.202711974678277895e-03
8.083733689840536321e-03
6.972335815198062343e-03
5.868936096086075672e-03
4.773952277839795151e-03
3.687802105794432683e-03
2.610903325285258720e-03
1.543673681647394743e-03
4.865309202161026913e-04
-5.601072136733981034e-04
-1.595822974685890587e-03
-2.620198617486155755e-03
-3.632816396738978125e-03
-4.633258567109137770e-03
-5.621107383261379417e-03
-6.595945099860565757e-03
-7.557353971571440648e-03
-8.504916253058783515e-03
-9.438214198987378983e-03
-1.035683006402200908e-02
-1.126034610282745409e-02
-1.214834457006846308e-02
-1.302040772040992909e-02
-1.387611780851648671e-02
-1.471505708905306194e-02
-1.553680781668429454e-02
-1.634095224607511054e-02
-1.712707263189015491e-02
-1.789475122879427560e-02
-1.864357029145232575e-02
-1.937311207452895034e-02
