0.000000000000000000e+00
1.724857672430107208e-02
3.386800806761541827e-02
4.986782744219379199e-02
6.525756826028701607e-02
8.004676393414583702e-02
9.424494787602102908e-02
1.078616534981634567e-01
1.209064142128238456e-01
1.333887634322528382e-01
1.453182345687015209e-01
1.567043610344204529e-01
1.675566762416604849e-01
1.778847136026724118e-01
1.876980065297069733e-01
1.970060884350150199e-01
2.058184927308472356e-01
2.141447528294544989e-01
2.219944021430875492e-01
2.293769740839971816e-01
2.363020020644341357e-01
2.427790194966492898e-01
2.488175597928933558e-01
2.544271563654171286e-01
2.596173426264713480e-01
2.643976519883069476e-01
2.687776178631745561e-01
2.727667736633250239e-01
2.763746528010090353e-01
2.796107886884774407e-01
2.824847147379812573e-01
2.850059643617708360e-01
2.871840709720973051e-01
2.890285679812111819e-01
2.905489888013634281e-01
2.917548668448048943e-01
2.926557355237861535e-01
2.932611282505581118e-01
2.935805784373715088e-01
2.936236194964772506e-01
2.933997848401259656e-01
2.929186078805684490e-01
2.921896220300555513e-01
2.912223607008380677e-01
2.900263573051666266e-01
2.886111452552921897e-01
2.869862579634654964e-01
2.851612288419373420e-01
2.831455913029584104e-01
2.809488787587795522e-01
2.785806246216516180e-01
2.760503623038253473e-01
2.733676252175514798e-01
2.705419467750806994e-01
2.675828603886639678e-01
2.644998994705521356e-01
2.613025974329957757e-01
2.580004876882457943e-01
2.546031036485528753e-01
2.511199787261678695e-01
2.475606463333415719e-01
2.439346398823248052e-01
2.402514927853682813e-01
2.365207384547227676e-01
2.327519103026390590e-01
2.289545417413679784e-01
2.251381661831603209e-01
2.213123170402668261e-01
2.174865277249382889e-01
2.136703316494254767e-01
2.098732622259791569e-01
2.061048528668501245e-01
2.023746369842892856e-01
1.986921131907279092e-01
1.950633826051219599e-01
1.914883455341697960e-01
1.879662423768841406e-01
1.844963135322777725e-01
1.810777993993632762e-01
1.777099403771534303e-01
1.743919768646609025e-01
1.711231492608985272e-01
1.679026979648788609e-01
1.647298633756146824e-01
1.616038858921186872e-01
1.585240059134037094e-01
1.554894638384822503e-01
1.524995000663671163e-01
1.495533549960710029e-01
1.466502690266067166e-01
1.437894825569868418e-01
1.409702359862241294e-01
1.381917697133313305e-01
1.354533241373210573e-01
1.327541396572061438e-01
1.300934566719992025e-01
1.274705155807129842e-01
1.248845567823601982e-01
1.223348206759535539e-01
1.198205476605057607e-01
1.173409781350296111e-01
1.148953524985376201e-01
1.124829111500426360e-01
1.101028944885573679e-01
1.077545429130944837e-01
1.054370968226667343e-01
1.031497966162867735e-01
1.008918826929673246e-01
9.866259545172118006e-02
9.646117529156097992e-02
9.428697521671579318e-02
9.213994064745799351e-02
9.002021113545295716e-02
8.792792634497134663e-02
8.586322594028369948e-02
8.382624958566053941e-02
8.181713694537261217e-02
7.983602768369046920e-02
7.788306146488460646e-02
7.595837795322571417e-02
7.406211681298439931e-02
7.219441770843117168e-02
7.035542030383674927e-02
6.854526426347164192e-02
6.676408925160642882e-02
6.501203493251178633e-02
6.328924097045827979e-02
6.159584702971646758e-02
5.993199277455696361e-02
5.829781786925037484e-02
5.669346197806731519e-02
5.511906476527837079e-02
5.357476589515411391e-02
5.206070503196515847e-02
5.057702183998208367e-02
4.912385598347553811e-02
4.770134712671605937e-02
4.630963493397426134e-02
4.494885906952075100e-02
4.361915919762609367e-02
4.232067498256098653e-02
4.105354608859587695e-02
3.981791218000146210e-02
3.861391292104829343e-02
3.744168797600700566e-02
3.630137700914816412e-02
3.519309952684187420e-02
3.411659716814756382e-02
3.307127598041088856e-02
3.205653034552573277e-02
3.107175464538608142e-02
3.011634326188586744e-02
2.918969057691904456e-02
2.829119097237957001e-02
2.742023883016135935e-02
2.657622853215836634e-02
2.575855446026456552e-02
2.496661099637388984e-02
2.419979252238025832e-02
2.345749342017764902e-02
2.273910807165998790e-02
2.204403085872123219e-02
2.137165616325534603e-02
2.072137836715623460e-02
2.009259185231786551e-02
1.948469100063418905e-02
1.889707019399915547e-02
1.832912381430669424e-02
1.778024624345075216e-02
1.724983186332528298e-02
1.673727505582424738e-02
1.624197020284156787e-02
1.576331168627118778e-02
1.530069388800707822e-02
1.485351118994316169e-02
1.442115797397340929e-02
1.400302862199173833e-02
1.359851751589211122e-02
1.320701903756846783e-02
1.282792756891477232e-02
1.246063749182494546e-02
1.210454318819294099e-02
1.175903944800617620e-02
1.142363150154566444e-02
1.109808392248860104e-02
1.078219847202904064e-02
1.047577691136105868e-02
1.017862100167872021e-02
9.890532504176095460e-03
9.611313180047242541e-03
9.340764790486236896e-03
9.078689096687136625e-03
8.824887859844020646e-03
8.579162841150943589e-03
8.341315801801977431e-03
8.111148502991190681e-03
7.888462705912643175e-03
7.673060171760413828e-03
7.464742661728554669e-03
7.263311937011155024e-03
7.068569758802256513e-03
6.880317888295937184e-03
6.698358086686261210e-03
6.522492115167299702e-03
6.352521734933115095e-03
6.188248707177775032e-03
6.029474793095348020e-03
5.876001753879900834e-03
5.727631350725503716e-03
5.584165344826214766e-03
5.445405497376105096e-03
5.311153569569241478e-03
5.181211322599690687e-03
5.055380517661519496e-03
4.933462915948794679e-03
4.815260278655583009e-03
4.700574366975953863e-03
4.589206942103974014e-03
4.480959765233703297e-03
4.375647333263737657e-03
4.273172961092403140e-03
4.173477786389346092e-03
4.076503086585034699e-03
3.982190139109938014e-03
3.890480221394522053e-03
3.801314610869255435e-03
3.714634584964607647e-03
3.630381421111039501e-03
3.548496396739022219e-03
3.468920789279022684e-03
3.391595876161509950e-03
3.316462934816949600e-03
3.243463242675809818e-03
3.172538077168557923e-03
3.103628715725663834e-03
3.036676435777589667e-03
2.971622514754804906e-03
2.908408230087778604e-03
2.846974859206976780e-03
2.787263679542867616e-03
2.729215968525918433e-03
2.672773003586596113e-03
2.617876062155368409e-03
2.564466421662705675e-03
2.512485359539069155e-03
2.461874153214929639e-03
2.412574080120754878e-03
2.364526417687011321e-03
2.317672443344167589e-03
2.271953434522690132e-03
2.227310668653046700e-03
2.183685423165704614e-03
2.141018975491132924e-03
2.099252603059795479e-03
2.058327583302161767e-03
2.018185958544296051e-03
1.978791775628798311e-03
1.940133857896446292e-03
1.902202350427610730e-03
1.864987398302659976e-03
1.828479146601964768e-03
1.792667740405897358e-03
1.757543324794822413e-03
1.723096044849114139e-03
1.689316045649141102e-03
1.656193472275272740e-03
1.623718469807879355e-03
1.591881183327331466e-03
1.560671757913997858e-03
1.530080338648249268e-03
1.500097070610456650e-03
1.470712098880987704e-03
1.441915568540212732e-03
1.413697624668502255e-03
1.386048412346226576e-03
1.358958076653754262e-03
1.332416762671456917e-03
1.306414615479703544e-03
1.280941780158864011e-03
1.255988401789309272e-03
1.231544625451407244e-03
1.207600596225529097e-03
1.184146459192044702e-03
1.161172359431323275e-03
1.138668442023735771e-03
1.116624852049650975e-03
1.095031734589440057e-03
1.073879234723473103e-03
1.053157497532118464e-03
1.032856668095746226e-03
1.012966891494727342e-03
9.934783132344820848e-04
9.743818116081938126e-04
9.556705011018659917e-04
9.373379212524073686e-04
9.193776115967272318e-04
9.017831116717359543e-04
8.845479610143410897e-04
8.676656991614525773e-04
8.511298656499797057e-04
8.349340000168323055e-04
8.190716417989185811e-04
8.035363305331484716e-04
7.883216057564311572e-04
7.734210070056759265e-04
7.588280738177923933e-04
7.445363457296890874e-04
7.305393622782756224e-04
7.168306630004611787e-04
7.034037874331551532e-04
6.902522751132667261e-04
6.773696655777051859e-04
6.647494983633800382e-04
6.523853130072004630e-04
6.402706490460757490e-04
6.283990460169147510e-04
6.167640434566269746e-04
6.053591809021215998e-04
5.941779978903082406e-04
5.832140339580956434e-04
5.724608286423936388e-04
5.619119214801112988e-04
5.515608520081575865e-04
5.414011597634426579e-04
5.314263842828746091e-04
5.216300651033633790e-04
5.120057417618179311e-04
5.025469537951477708e-04
4.932475393794497846e-04
4.841041428492811900e-04
4.751149460643923589e-04
4.662781466330840762e-04
4.575919421636577230e-04
4.490545302644134880e-04
4.406641085436529149e-04
4.324188746096766802e-04
4.243170260707860024e-04
4.163567605352817206e-04
4.085362756114648366e-04
4.008537689076364062e-04
3.933074380320975938e-04
3.858954805931489674e-04
3.786160941990915829e-04
3.714674764582264420e-04
3.644478249788546550e-04
3.575553373692771150e-04
3.507882112377948237e-04
3.441446441927087287e-04
3.376228338423197775e-04
3.312209777949292971e-04
3.249372736588378554e-04
3.187699190423462373e-04
3.127171115537558240e-04
3.067770488013674547e-04
3.009479283934821852e-04
2.952279479384008545e-04
2.896153050444245729e-04
2.841081973198543421e-04
2.787048223729912178e-04
2.734033778121357683e-04
2.682020612455893204e-04
2.630990702816526591e-04
2.580926025286268402e-04
2.531808555948128654e-04
2.483620270885117365e-04
2.436343146180243197e-04
2.389959157916517521e-04
2.344450282176951169e-04
2.299798495044549820e-04
2.255985772602324847e-04
2.212994090933286808e-04
2.170805426120445993e-04
2.129401754246810520e-04
2.088765051395390950e-04
2.048877293649197298e-04
2.009720457091239312e-04
1.971276517804528092e-04
1.933527451872069590e-04
1.896455235376877347e-04
1.860041844401958669e-04
1.824269255030324115e-04
1.789119443344984245e-04
1.754574385428947720e-04
1.720616057365225099e-04
1.687226435236827214e-04
1.654387495126760828e-04
1.622081213118037584e-04
1.590289565293666958e-04
1.558994527736658696e-04
1.528178076530022544e-04
1.497822187756768248e-04
1.467908837499907451e-04
1.438420001842445021e-04
1.409337656867396937e-04
1.380643778657766711e-04
1.352320343296570053e-04
1.324349326866811559e-04
1.296712705451505312e-04
1.269392455133659702e-04
1.242370551996280952e-04
1.215628972122384500e-04
