0.000000000000000000e+00
5.152743292420595110e-03
1.717060711334894921e-02
3.584524880593407264e-02
6.096832571332502781e-02
9.233149517867084155e-02
1.297264145451204886e-01
1.729447411558230896e-01
2.217781323539276261e-01
2.760182454825830800e-01
3.354567378849386272e-01
3.998852669041431107e-01
4.690954898833457065e-01
5.428790641656955351e-01
6.210276470943414395e-01
7.033328960124324292e-01
7.895864682631176246e-01
8.795800211895460352e-01
9.731052121348663375e-01
1.069953698442228873e+00
1.169917137454780987e+00
1.272787186515672131e+00
1.378355502968052537e+00
1.486413744155069772e+00
1.596753567419873621e+00
1.709166630105612761e+00
1.823444589555436979e+00
1.939379103112494729e+00
2.056761828119934687e+00
2.175384421920905975e+00
2.295038541858558379e+00
2.415515845276039908e+00
2.536607989516500794e+00
2.658106631923088603e+00
2.779803429838953566e+00
2.901490040607244580e+00
3.022958121571109213e+00
3.143999330073699472e+00
3.264405323458162034e+00
3.383967759067646242e+00
3.502478294245300994e+00
3.619745641004125325e+00
3.735646730036506380e+00
3.850075546704684548e+00
3.962926076370897555e+00
4.074092304397385789e+00
4.183468216146382979e+00
4.290947796980131734e+00
4.396425032260869337e+00
4.499793907350833067e+00
4.600948407612261093e+00
4.699782518407393361e+00
4.796190225098468041e+00
4.890065513047720636e+00
4.981302367617394644e+00
5.069794774169722906e+00
5.155436718066948032e+00
5.238122184671305526e+00
5.317745159345035333e+00
5.394199627450374734e+00
5.467379574349562787e+00
5.537196541178301956e+00
5.603632292166152773e+00
5.666686147316140065e+00
5.726357426631291325e+00
5.782645450114627828e+00
5.835549537769173511e+00
5.885069009597957645e+00
5.931203185604001504e+00
5.973951385790331692e+00
6.013312930159972147e+00
6.049287138715949474e+00
6.081873331461286725e+00
6.111070828399008725e+00
6.136878949532141192e+00
6.159297014863708952e+00
6.178324344396737722e+00
6.193960258134250552e+00
6.206204076079271381e+00
6.215055118234829479e+00
6.220512704603946119e+00
6.222589378076696320e+00
6.221350573091354974e+00
6.216874946973237392e+00
6.209241157047673099e+00
6.198527860639978293e+00
6.184813715075478058e+00
6.168177377679492146e+00
6.148697505777344752e+00
6.126452756694355628e+00
6.101521787755846304e+00
6.073983256287140087e+00
6.043915819613560281e+00
6.011398135060423087e+00
5.976508859953056252e+00
5.939326651616777752e+00
5.899930167376909118e+00
5.858398064558778096e+00
5.814809000487699109e+00
5.769241632488997240e+00
5.721774617887995795e+00
5.672487992156554526e+00
5.621467303352705613e+00
5.568799477681016796e+00
5.514571441346062919e+00
5.458870120552409944e+00
5.401782441504628274e+00
5.343395330407292754e+00
5.283795713464971122e+00
5.223070516882236447e+00
5.161306666863653803e+00
5.098591089613800698e+00
5.035010711337242206e+00
4.970652458238551397e+00
4.905603256522296896e+00
4.839950032393053547e+00
4.773779712055385538e+00
4.707179221713871264e+00
4.640235487573074913e+00
4.573035435837566887e+00
4.505665992711921142e+00
4.438207600141308440e+00
4.370714763033313410e+00
4.303235502036114823e+00
4.235817837797894114e+00
4.168509790966838047e+00
4.101359382191128944e+00
4.034414632118948241e+00
3.967723561398479148e+00
3.901334190677903990e+00
3.835294540605407754e+00
3.769652631829173650e+00
3.704456484997381338e+00
3.639754120758215805e+00
3.575593559759859374e+00
3.512022822650497922e+00
3.449089930078308441e+00
3.386842902691478585e+00
3.325329761138189344e+00
3.264598526066623929e+00
3.204697218124966884e+00
3.145666601231192683e+00
3.087518412382451949e+00
3.030257131845690122e+00
2.973887239887852196e+00
2.918413216775879171e+00
2.863839542776717373e+00
2.810170698157311797e+00
2.757411163184608327e+00
2.705565418125546628e+00
2.654637943247074361e+00
2.604633218816134743e+00
2.555555725099671438e+00
2.507409942364631661e+00
2.460200350877955522e+00
2.413931430906590681e+00
2.368607662717479467e+00
2.324233526577567766e+00
2.280813502753798794e+00
2.238352071513116659e+00
2.196853713122465468e+00
2.156319373716895527e+00
2.116735862903870835e+00
2.078086456158959372e+00
2.040354428957732669e+00
2.003523056775758704e+00
1.967575615088607677e+00
1.932495379371847566e+00
1.898265625101049014e+00
1.864869627751780001e+00
1.832290662799611836e+00
1.800512005720112274e+00
1.769516931988849961e+00
1.739288717081395985e+00
1.709810636473318546e+00
1.681065965640188287e+00
1.653037980057572076e+00
1.625709955201041002e+00
1.599065166546164152e+00
1.573086889568511060e+00
1.547758399743650592e+00
1.523063050239860550e+00
1.498984504996257128e+00
1.475506505644664568e+00
1.452612793816907999e+00
1.430287111144809664e+00
1.408513199260196025e+00
1.387274799794890656e+00
1.366555654380718465e+00
1.346339504649503249e+00
1.326610092233069027e+00
1.307351158763240928e+00
1.288546445871843416e+00
1.270179695190700730e+00
1.252234648351636892e+00
1.234695046986476585e+00
1.217544632727044052e+00
1.200767147205163976e+00
1.184346332052660600e+00
1.168265928901359274e+00
1.152509679383082242e+00
1.137062654502928982e+00
1.121915242759092601e+00
1.107059162023038779e+00
1.092486130166235192e+00
1.078187865060147743e+00
1.064156084576244110e+00
1.050382506585989528e+00
1.036858848960851898e+00
1.023576829572297120e+00
1.010528166291791541e+00
9.977045769908027273e-01
9.850977795407964699e-01
9.726994918132398915e-01
9.605014316795994489e-01
9.484953170113420429e-01
9.366728656799339081e-01
9.250257955568426116e-01
9.135458245135334998e-01
9.022246704214738067e-01
8.910540511521302109e-01
8.800265972790729530e-01
8.691385901842859640e-01
8.583872239518571812e-01
8.477696926658742083e-01
8.372831904104248713e-01
8.269249112695974402e-01
8.166920493274787418e-01
8.065817986681567131e-01
7.965913533757195131e-01
7.867179075342543015e-01
7.769586552278491265e-01
7.673107905405921469e-01
7.577715075565703007e-01
7.483380003598720798e-01
7.390074630345845330e-01
7.297770896647959304e-01
7.206440743345935429e-01
7.116056111280651963e-01
7.026588941292989388e-01
6.938011174223823740e-01
6.850297609960585010e-01
6.763434484576912320e-01
6.677410893192998742e-01
6.592215930929035128e-01
6.507838692905213440e-01
6.424268274241724530e-01
6.341493770058764801e-01
6.259504275476521773e-01
6.178288885615192960e-01
6.097836695594965883e-01
6.018136800536035835e-01
5.939178295558593668e-01
5.860950275782832453e-01
5.783441836328938601e-01
5.706642072317112957e-01
5.630540078867543041e-01
5.555124951100419706e-01
5.480385784135938243e-01
5.406311673094290615e-01
5.332891713095668784e-01
5.260115398092398697e-01
5.187973817365328921e-01
5.116458459027446448e-01
5.045560811191736050e-01
4.975272361971188606e-01
4.905584599478787222e-01
4.836489011827513895e-01
4.767977087130356728e-01
4.700040313500302158e-01
4.632670179050336068e-01
4.565858171893442119e-01
4.499595780142606194e-01
4.433874491910812510e-01
4.368685795311049724e-01
4.304021178456302055e-01
4.239872129459554273e-01
4.176230136433792817e-01
4.113086687492003013e-01
4.050433270747172965e-01
3.988261374312283003e-01
3.926562461572964402e-01
3.865327897005420010e-01
3.804549020358493072e-01
3.744217171381030718e-01
3.684323689821876746e-01
3.624859915429877177e-01
3.565817187953878031e-01
3.507186847142721442e-01
3.448960232745254539e-01
3.391128684510321123e-01
3.333683542186767212e-01
3.276616145523439383e-01
3.219917834269179213e-01
3.163579948172836054e-01
3.107593826983252039e-01
3.051950810449275409e-01
2.996642238319747742e-01
2.941659450343513948e-01
2.886993786269422269e-01
2.832636585846315391e-01
2.778579355705066978e-01
2.724814270004658479e-01
2.671333669786098430e-01
2.618129896090394815e-01
2.565195289958559499e-01
2.512522192431596579e-01
2.460102944550517923e-01
2.407929887356330956e-01
2.355995361890045325e-01
2.304291709192668458e-01
2.252811270305211389e-01
2.201546386268680711e-01
2.150489398124086904e-01
2.099632646912439338e-01
2.048968473674744051e-01
1.998489219452010690e-01
1.948187225285248625e-01
1.898054832215465559e-01
1.848084381283672528e-01
1.798268213530876680e-01
1.748599805361885084e-01
1.699077174636700049e-01
1.649699474579126302e-01
1.600465858412957465e-01
1.551375479361998544e-01
1.502427490650049824e-01
1.453621045500910758e-01
1.404955297138383297e-01
1.356429398786268004e-01
1.308042503668365719e-01
1.259793765008477007e-01
1.211682336030404789e-01
1.163707369957945048e-01
1.115868020014900985e-01
1.068163439425073857e-01
1.020592781412263533e-01
9.731551992002715479e-02
9.258498460128979091e-02
8.786758750739435964e-02
8.316324396072116709e-02
7.847213294137703188e-02
7.379548806037818098e-02
6.913480658646778410e-02
6.449158578838901090e-02
5.986732293488503803e-02
5.526351529469911150e-02
5.068166013657431079e-02
4.612325472925391662e-02
4.158979634148125132e-02
3.708278224199913764e-02
3.260370969955091180e-02
2.815407598287978513e-02
2.373537836072895160e-02
1.934911410184157396e-02
1.499678047496084098e-02
1.067987474882993101e-02
6.399894192192040650e-03
2.158336073790514779e-03
-2.043302337631814312e-03
-6.203523773331583516e-03
-1.032069837517137108e-02
-1.439266592743676694e-02
-1.841713362501910811e-02
-2.239180866280976109e-02
-2.631439823570004208e-02
-3.018260953858132797e-02
-3.399414976634478752e-02
-3.774672611388210641e-02
-4.143804577608445339e-02
-4.506581594784318107e-02
-4.862774382404963514e-02
-5.212153659959516128e-02
-5.554490146937111905e-02
-5.889554562826882639e-02
-6.217117627117964285e-02
-6.536950059299478921e-02
-6.848822578860590260e-02
-7.152505905290414134e-02
-7.447770758078088582e-02
-7.734387856712747478e-02
-8.012127920683528859e-02
-8.280761669479562437e-02
-8.540059822589984861e-02
-8.789793099503920293e-02
-9.029732219710523422e-02
-9.259647902698919797e-02
-9.479310867958244680e-02
-9.688491834977630557e-02
-9.886961523246212691e-02
-1.007449065225312634e-01
-1.025084994148749984e-01
-1.041581011043848926e-01
-1.056914187859519932e-01
-1.071061596544679445e-01
-1.084000309048237798e-01
-1.095707397319111293e-01
-1.106159933306211790e-01
-1.115334988958452678e-01
-1.123209636224748870e-01
-1.129760947054012227e-01
