0.000000000000000000e+00
8.915927851352124789e-03
1.908809840778733641e-02
3.047735795703735220e-02
4.304455278683388952e-02
5.675052918490866571e-02
7.155613343899339118e-02
8.742221183681979368e-02
1.043096106661195871e-01
1.221791762146244575e-01
1.409917547700661744e-01
1.607081926201764654e-01
1.812893360526869890e-01
2.026960313553295145e-01
2.248891248158357281e-01
2.478294627219373714e-01
2.714778913613660749e-01
2.957952570218537192e-01
3.207424059911317960e-01
3.462801845569323800e-01
3.723694390069868243e-01
3.989710156290269816e-01
4.260457607107845379e-01
4.535545205399912905e-01
4.814581414043789809e-01
5.097174695916790732e-01
5.382933513896237532e-01
5.671466330859442628e-01
5.962381609683726769e-01
6.255287813246405149e-01
6.549793404424794074e-01
6.845506846096213183e-01
7.142036601137977669e-01
7.438991132427404951e-01
7.735978902841812443e-01
8.032608375258520894e-01
8.328488012554839948e-01
8.623226277608092571e-01
8.916431633295598402e-01
9.207712542494663754e-01
9.496677468082617146e-01
9.782934872936769333e-01
1.006609321993443995e+00
1.034576097195294420e+00
1.062154659186960615e+00
1.089305854256173101e+00
1.115990528690664396e+00
1.142169528778166354e+00
1.167803700806410161e+00
1.192853891063128113e+00
1.217280945836051176e+00
1.241045711412911645e+00
1.264109034081441152e+00
1.286431760129371105e+00
1.307974735844433800e+00
1.328698807514360425e+00
1.348564821426883054e+00
1.367533623869732873e+00
1.385571012180415673e+00
1.402673338091560584e+00
1.418848597471376705e+00
1.434104809109598033e+00
1.448449991795959457e+00
1.461892164320194754e+00
1.474439345472039475e+00
1.486099554041226956e+00
1.496880808817492969e+00
1.506791128590571738e+00
1.515838532150197482e+00
1.524031038286104867e+00
1.531376665788028113e+00
1.537883433445702108e+00
1.543559360048861739e+00
1.548412464387240561e+00
1.552450765250573905e+00
1.555682281428595770e+00
1.558115031711041265e+00
1.559757034887644833e+00
1.560616309748140695e+00
1.560700875082263517e+00
1.560018749679747740e+00
1.558577952330327809e+00
1.556386501823738833e+00
1.553452416949714143e+00
1.549783716497989960e+00
1.545388419258299617e+00
1.540274600564792928e+00
1.534455262183769042e+00
1.527952085449216346e+00
1.520787635201607424e+00
1.512984476281413748e+00
1.504565173529107014e+00
1.495552291785159360e+00
1.485968395890043148e+00
1.475836050684229628e+00
1.465177821008190939e+00
1.454016271702398999e+00
1.442373967607325502e+00
1.430273473563442366e+00
1.417737354411221506e+00
1.404788174991135730e+00
1.391448500143654954e+00
1.377740894709252872e+00
1.363687923528400736e+00
1.349312151441570684e+00
1.334636143289233967e+00
1.319682463911862724e+00
1.304473678149929317e+00
1.289032350843905661e+00
1.273381046834262564e+00
1.257542330961473720e+00
1.241538768066009490e+00
1.225392922988341793e+00
1.209127360568943876e+00
1.192764645648286326e+00
1.176326660491081366e+00
1.159828581737772257e+00
1.143281779986364599e+00
1.126697582150013810e+00
1.110087315141876418e+00
1.093462305875108953e+00
1.076833881262866832e+00
1.060213368218307251e+00
1.043612093654585404e+00
1.027041384484857378e+00
1.010512567622280367e+00
9.940369699800103431e-01
9.776259184712027261e-01
9.612907400090142662e-01
9.450427615066006037e-01
9.288933098771188224e-01
9.128537120337248956e-01
8.969352948895744637e-01
8.811493853578238333e-01
8.655073103516296440e-01
8.500203967841479802e-01
8.346999715685344823e-01
8.195573616179457899e-01
8.046038938455378764e-01
7.898508951644672704e-01
7.753096924878901675e-01
7.609916127289623189e-01
7.469079828008400312e-01
7.330701229515634854e-01
7.194859675502275342e-01
7.061545663662500694e-01
6.930735295039870403e-01
6.802404670677936194e-01
6.676529891620258672e-01
6.553087058910381790e-01
6.432052273591862823e-01
6.313401636708255715e-01
6.197111249303116631e-01
6.083157212419998405e-01
5.971515627102448320e-01
5.862162594394026982e-01
5.755074215338287225e-01
5.650226590978785213e-01
5.547595822359067119e-01
5.447158010522690219e-01
5.348889256513209567e-01
5.252765661374176887e-01
5.158763326149151673e-01
5.066858351881678990e-01
4.977026839615317222e-01
4.889244890393618648e-01
4.803488605260137767e-01
4.719734085258429634e-01
4.637957431432044308e-01
4.558134744824537954e-01
4.480242126479466735e-01
4.404255677440378491e-01
4.330150948016990853e-01
4.257894237911596935e-01
4.187444170973622093e-01
4.118759138711659551e-01
4.051797532634295318e-01
3.986517744250123729e-01
3.922878165067733569e-01
3.860837186595719728e-01
3.800353200342668214e-01
3.741384597817171143e-01
3.683889770527820073e-01
3.627827109983206011e-01
3.573155007691919960e-01
3.519831855162549594e-01
3.467816043903689249e-01
3.417065965423928819e-01
3.367540011231858199e-01
3.319196572836068393e-01
3.271994041745150406e-01
3.225890809467694686e-01
3.180845267512294461e-01
3.136815807387535182e-01
3.093760820602012296e-01
3.051638698664315141e-01
3.010407833083033613e-01
2.970026615366759271e-01
2.930453437024082564e-01
2.891646689563596162e-01
2.853564764493888850e-01
2.816170682914932999e-01
2.779445984292238103e-01
2.743376837682688918e-01
2.707949412143178525e-01
2.673149876730594454e-01
2.638964400501824237e-01
2.605379152513759289e-01
2.572380301823288251e-01
2.539954017487299209e-01
2.508086468562679694e-01
2.476763824106320844e-01
2.445972253175111299e-01
2.415697924825938592e-01
2.385927008115694414e-01
2.356645672101265188e-01
2.327840085839542050e-01
2.299496418387413643e-01
2.271600838801767219e-01
2.244139516139491697e-01
2.217098619457478770e-01
2.190464317812615136e-01
2.164222780261790546e-01
2.138360175861893642e-01
2.112862673669814173e-01
2.087716442742440504e-01
2.062907652136661829e-01
2.038422470909367068e-01
2.014247068117445139e-01
1.990367755105224012e-01
1.966775543972426876e-01
1.943467111966812044e-01
1.920439473610070502e-01
1.897689643423889627e-01
1.875214635929960683e-01
1.853011465649971046e-01
1.831077147105610869e-01
1.809408694818569474e-01
1.788003123310534792e-01
1.766857447103198087e-01
1.745968680718247290e-01
1.725333838677372278e-01
1.704949935502261538e-01
1.684813985714605777e-01
1.664923003836092930e-01
1.645274004388412037e-01
1.625864001893252975e-01
1.606690010872304786e-01
1.587749045847257068e-01
1.569038121339798308e-01
1.550554251871618661e-01
1.532294451964406612e-01
1.514255736139852870e-01
1.496435118919644813e-01
1.478829614825471761e-01
1.461436238379024144e-01
1.444252004101990450e-01
1.427273926516060276e-01
1.410499074018488341e-01
1.393924847488612062e-01
1.377548774513117913e-01
1.361368382928117016e-01
1.345381200569717439e-01
1.329584755274032248e-01
1.313976574877170622e-01
1.298554187215243128e-01
1.283315120124360609e-01
1.268256901440633633e-01
1.253377059000171656e-01
1.238673120639086495e-01
1.224142614193489131e-01
1.209783067499487358e-01
1.195592008393193684e-01
1.181566964710718676e-01
1.167705464288171652e-01
1.154005034961664150e-01
1.140463204567306321e-01
1.127077500941208316e-01
1.113845451919480978e-01
1.100764585338235013e-01
1.087832429033580295e-01
1.075046510841627528e-01
1.062404358598487281e-01
1.049903500140269702e-01
1.037541463303085915e-01
1.025315775923045930e-01
1.013223970264184870e-01
1.001263964373481780e-01
9.894343559843608860e-02
9.777338120165725288e-02
9.661609993898653825e-02
9.547145850239902032e-02
9.433932358386959427e-02
9.321956187537319694e-02
9.211204006888483453e-02
9.101662485637940225e-02
8.993318292983198958e-02
8.886158098121739457e-02
8.780168570251062343e-02
8.675336378568666851e-02
8.571648192272045275e-02
8.469090680558691298e-02
8.367650512626106929e-02
8.267314357671781688e-02
8.168068884893217585e-02
8.069900763487906914e-02
7.972796662653341970e-02
7.876743251587021988e-02
7.781727199486440649e-02
7.687735175549095801e-02
7.594753848972479737e-02
7.502769888954093080e-02
7.411769964691428125e-02
7.321740745381978555e-02
7.232668900223250541e-02
7.144541384324504252e-02
7.057347961592322361e-02
6.971079990177359020e-02
6.885728846528620106e-02
6.801285907095108718e-02
6.717742548325834895e-02
6.635090146669800348e-02
6.553320078576016505e-02
6.472423720493485078e-02
6.392392448871213328e-02
6.313217640158200195e-02
6.234890670803461266e-02
6.157402917255998254e-02
6.080745755964818422e-02
6.004910563378924870e-02
5.929888715947324862e-02
5.855671590119026354e-02
5.782250562343033140e-02
5.709617009068351789e-02
5.637762306743984708e-02
5.566677831818941241e-02
5.496354960742227264e-02
5.426785069962847263e-02
5.357959535929807809e-02
5.289869735092114778e-02
5.222507043898777512e-02
5.155862838798792869e-02
5.089928496241175743e-02
5.024695393739546379e-02
4.960155449635890446e-02
4.896302001414297445e-02
4.833128616517363974e-02
4.770628862387690794e-02
4.708796306467880055e-02
4.647624516200533212e-02
4.587107059028247558e-02
4.527237502393623159e-02
4.468009413739262858e-02
4.409416360507763949e-02
4.351451910141729273e-02
4.294109630083759593e-02
4.237383087776452201e-02
4.181265850662409939e-02
4.125751486184234956e-02
4.070833561784522464e-02
4.016505644905875999e-02
3.962761302990894935e-02
3.909594103482180727e-02
3.856997613822330667e-02
3.804965401453949680e-02
3.753491033819632977e-02
3.702568078361985482e-02
3.652190102523607956e-02
3.602350673747096305e-02
3.553043359475051288e-02
3.504261727150075056e-02
3.455999344214769065e-02
3.408249778111731992e-02
3.361006596283563908e-02
3.314263366172864878e-02
3.268013655222236358e-02
3.222251030874280497e-02
3.176969060571593895e-02
3.132161311756778005e-02
3.087821351872433936e-02
3.043942748361160369e-02
3.000519068665558758e-02
2.957543880228230906e-02
2.915010750491775146e-02
2.872913246898794667e-02
2.831244936891884681e-02
2.789999387913648377e-02
2.749170167406686169e-02
2.708750842813598125e-02
2.668734981576985354e-02
2.629116151139446536e-02
2.589887918943584513e-02
2.551043852431994843e-02
2.512577519047284533e-02
2.474482486232046363e-02
2.436752321428888729e-02
2.399380592080404412e-02
2.362360865629200071e-02
2.325686709517872652e-02
2.289351691189020488e-02
2.253349378085249197e-02
