0.000000000000000000e+00
-3.542764366305460252e-03
-6.795646415842634437e-03
-9.762360013065476960e-03
-1.244661902242794223e-02
-1.485213730838398291e-02
-1.698262873538755949e-02
-1.884180716789261509e-02
-2.043338647035312233e-02
-2.176108050722300874e-02
-2.282860314295625734e-02
-2.363966824200680952e-02
-2.419798966882861363e-02
-2.450728128787564228e-02
-2.457125696360182299e-02
-2.439363056046114572e-02
-2.397811594290752413e-02
-2.332842697539494817e-02
-2.244827752237734883e-02
-2.134138144830868833e-02
-2.001145261764294622e-02
-1.846220489483403268e-02
-1.669735214433592727e-02
-1.472060823060258872e-02
-1.253568701808794802e-02
-1.014630237124599516e-02
-7.556168154530648953e-03
-4.768998232395859488e-03
-1.788506469295624750e-03
1.381593270316120153e-03
4.737587121985434475e-03
8.275761221258344513e-03
1.199240170368092058e-02
1.588379470479917011e-02
1.994622636015917772e-02
2.417598280530697599e-02
2.856935017578858885e-02
3.312261460715008182e-02
3.783206223493754128e-02
4.269397919469691827e-02
4.770465162197433384e-02
5.286036565231580497e-02
5.815740742126737639e-02
6.359206306437510670e-02
6.916061871718504062e-02
7.485936051524318124e-02
8.068457459409562882e-02
8.663254708928842807e-02
9.269956413636758208e-02
9.888191187087920497e-02
1.051758764283692027e-01
1.115777439443838281e-01
1.180838005544689318e-01
1.246903323941706832e-01
1.313936255990350854e-01
1.381899663046081694e-01
1.450756406464360215e-01
1.520469347600645615e-01
1.590993241865643892e-01
1.662232820483198481e-01
1.734073750695969973e-01
1.806401662219093429e-01
1.879102184767705852e-01
1.952060948056942857e-01
2.025163581801942558e-01
2.098295715717840015e-01
2.171342979519771121e-01
2.244191002922874822e-01
2.316725415642285346e-01
2.388831847393139418e-01
2.460395927890573209e-01
2.531303286849723722e-01
2.601439553985727682e-01
2.670690359013720983e-01
2.738941331648839794e-01
2.806078101606220843e-01
2.871986298601001408e-01
2.936551552348315997e-01
2.999659492563302443e-01
3.061195748961096363e-01
3.121045951256835593e-01
3.179095729165654638e-01
3.235230712402690778e-01
3.289336530683080184e-01
3.341298813721961247e-01
3.391003191234466807e-01
3.438335832413556004e-01
3.483229908457202151e-01
3.525701400408661756e-01
3.565774718652123254e-01
3.603474273571771747e-01
3.638824475551795112e-01
3.671849734976378454e-01
3.702574462229710761e-01
3.731023067695976025e-01
3.757219961759363791e-01
3.781189554804058051e-01
3.802956257214247238e-01
3.822544479374115900e-01
3.839978631667853026e-01
3.855283124479644830e-01
3.868482368193676413e-01
3.879600773194135099e-01
3.888662749865208768e-01
3.895692708591082520e-01
3.900715059755943126e-01
3.903754213743979018e-01
3.904834580939374189e-01
3.903980571726317628e-01
3.901216596488992217e-01
3.896567065611590830e-01
3.890056389478294685e-01
3.881708978473292215e-01
3.871549242980769634e-01
3.859601593384914264e-01
3.845892312130097523e-01
3.830466072779935005e-01
3.813377987505633948e-01
3.794683288290248147e-01
3.774437207116834725e-01
3.752694975968451918e-01
3.729511826828150189e-01
3.704942991678991104e-01
3.679043702504029567e-01
3.651869191286318261e-01
3.623474690008917087e-01
3.593915430654880394e-01
3.563246645207264751e-01
3.531523565649126728e-01
3.498801423963520674e-01
3.465135452133503713e-01
3.430580882142132970e-01
3.395192945972462240e-01
3.359026875607549201e-01
3.322137903030450978e-01
3.284581260224221366e-01
3.246412179171916934e-01
3.207685891856594806e-01
3.168457630261309887e-01
3.128782626369117637e-01
3.088716112163077399e-01
3.048313319626241857e-01
3.007629480741667582e-01
2.966719814575930481e-01
2.925632978622589309e-01
2.884400412704273275e-01
2.843050766683441477e-01
2.801612690422546903e-01
2.760114833784045874e-01
2.718585846630390268e-01
2.677054378824036962e-01
2.635549080227437280e-01
2.594098600703049762e-01
2.552731590113327953e-01
2.511476698320723178e-01
2.470362575187693144e-01
2.429417870576691396e-01
2.388671234350175088e-01
2.348151316370594432e-01
2.307886766500406306e-01
2.267906234602064530e-01
2.228238370538024593e-01
2.188911824170741149e-01
2.149955245362667189e-01
2.111397283976257921e-01
2.073266589873968557e-01
2.035591812918253751e-01
1.998401602971567048e-01
1.961724609896363658e-01
1.925589483555097126e-01
1.890024873810224881e-01
1.855059430524197972e-01
1.820720724683239367e-01
1.787018205524349701e-01
1.753946285447033904e-01
1.721498921699888274e-01
1.689670071531505779e-01
1.658453692190482998e-01
1.627843740925414562e-01
1.597834174984895939e-01
1.568418951617521484e-01
1.539592028071886387e-01
1.511347361596586392e-01
1.483678909440215576e-01
1.456580628851370518e-01
1.430046477078644462e-01
1.404070411370633431e-01
1.378646388975932890e-01
1.353768367143137474e-01
1.329430303120841539e-01
1.305626154157640828e-01
1.282349877502130531e-01
1.259595430402906391e-01
1.237356770108561516e-01
1.215627853867692482e-01
1.194402638928893784e-01
1.173675082540760750e-01
1.153439141951888430e-01
1.133688774410871736e-01
1.114417937166306410e-01
1.095620587466786811e-01
1.077289959284976895e-01
1.059416393489820418e-01
1.041989507674328380e-01
1.024998919431513444e-01
1.008434246354386749e-01
9.922851060359613729e-02
9.765411160692483161e-02
9.611918940472603812e-02
9.462270575630088443e-02
9.316362242095056756e-02
9.174090115797629841e-02
9.035350372667928787e-02
8.900039188636067744e-02
8.768052739632176129e-02
8.639287201586363929e-02
8.513638750428755009e-02
8.391003562089476009e-02
8.271277812498631365e-02
8.154357677586349107e-02
8.040139333282751710e-02
7.928518955517950551e-02
7.819392720222073656e-02
7.712656803325235177e-02
7.608207380757556204e-02
7.505940628449156438e-02
7.405752722330159743e-02
7.307539838330677495e-02
7.211198152380833559e-02
7.116624748158396907e-02
7.023746698633806518e-02
6.932527218582018591e-02
6.842931674476121495e-02
6.754925432789198048e-02
6.668473859994335229e-02
6.583542322564608917e-02
6.500096186973110257e-02
6.418100819692926229e-02
6.337521587197131323e-02
6.258323855958822235e-02
6.180472992451074843e-02
6.103934363146977515e-02
6.028673334519614457e-02
5.954655273042073343e-02
5.881845545187432828e-02
5.810209517428777809e-02
5.739712556239198044e-02
5.670320028091772185e-02
5.601997299459587909e-02
5.534709736815729419e-02
5.468422706633280228e-02
5.403101575385327315e-02
5.338711709544956968e-02
5.275218475585247146e-02
5.212587239979286219e-02
5.150783369200158390e-02
5.089772229720947866e-02
5.029519188014738851e-02
4.969992470430945747e-02
4.911177952463169349e-02
4.853068235610451947e-02
4.795655934612006593e-02
4.738933664207034546e-02
4.682894039134750941e-02
4.627529674134363974e-02
4.572833183945081842e-02
4.518797183306115517e-02
4.465414286956673195e-02
4.412677109635963768e-02
4.360578266083197513e-02
4.309110371037587484e-02
4.258266039238335632e-02
4.208037885424654317e-02
4.158418524335755900e-02
4.109400570710845108e-02
4.060976639289134299e-02
4.013139344809832365e-02
3.965881302012148196e-02
3.919195125635290683e-02
3.873073430418472185e-02
3.827508831100897430e-02
3.782493942421778083e-02
3.738021379120322341e-02
3.694083755935741176e-02
3.650673687607243478e-02
3.607783788874038139e-02
3.565406679113595351e-02
3.523535381811845890e-02
3.482163632427721228e-02
3.441285238892983350e-02
3.400894009139389385e-02
3.360983751098698541e-02
3.321548272702671417e-02
3.282581381883064447e-02
3.244076886571637536e-02
3.206028594700149892e-02
3.168430314200362113e-02
3.131275853004028553e-02
3.094559019042910503e-02
3.058273620248767172e-02
3.022413464553356383e-02
2.986972359888436998e-02
2.951944114185768922e-02
2.917322535377110670e-02
2.883101431394221106e-02
2.849274610168858052e-02
2.815835879632781064e-02
2.782779047717749352e-02
2.750097922355520391e-02
2.717786311477853392e-02
2.685838023016508952e-02
2.654246864903244199e-02
2.623006645069818343e-02
2.592111171447989554e-02
2.561554251969519469e-02
2.531329866379817412e-02
2.501433682321636820e-02
2.471862325470662244e-02
2.442612432498655201e-02
2.413680640077376857e-02
2.385063584878586648e-02
2.356757903574045743e-02
2.328760232835513921e-02
2.301067209334752700e-02
2.273675469743521513e-02
2.246581650733579100e-02
2.219782388976688711e-02
2.193274321144609781e-02
2.167054083909102785e-02
2.141118313941927156e-02
2.115463647914844411e-02
2.090086722499615371e-02
2.064984174368000164e-02
2.040152640191758571e-02
2.015588756642650720e-02
1.991289160392437432e-02
1.967250488112879184e-02
1.943469376475736796e-02
1.919942462152770396e-02
1.896666381815740460e-02
1.873637772136408502e-02
1.850853269786531877e-02
1.828309511437874180e-02
1.806003134414433872e-02
1.783931107378502329e-02
1.762091268429256605e-02
1.740481596549868504e-02
1.719100070723512258e-02
1.697944669933360712e-02
1.677013373162588097e-02
1.656304159394366218e-02
1.635815007611869307e-02
1.615543896798270554e-02
1.595488805936742457e-02
1.575647714010459249e-02
1.556018600002594642e-02
1.536599442896320264e-02
1.517388221674810522e-02
1.498382915321239996e-02
1.479581502818779447e-02
1.460981963150603108e-02
1.442582275299884691e-02
1.424380418249797213e-02
1.406374370983513519e-02
1.388562112484207495e-02
1.370941621735052331e-02
1.353510877719221218e-02
1.336267859419888390e-02
1.319210545820225823e-02
1.302336915903406708e-02
1.285644948652604758e-02
1.269132623050993683e-02
1.252797918081746328e-02
1.236638812728036406e-02
1.220653285973036413e-02
1.204839316799920061e-02
1.189194884191861756e-02
1.173717967132032781e-02
1.158406544603607716e-02
1.143258595589759577e-02
1.128272099073661036e-02
1.113445034038485978e-02
1.098775379467408116e-02
1.084261114343600119e-02
1.069900217650236046e-02
1.055690668370488049e-02
1.041630445487529491e-02
1.027717527984534432e-02
1.013949894844675889e-02
1.000325525051127054e-02
9.868423975870611181e-03
9.734984914356523134e-03
9.602917855800717495e-03
9.472202590034955669e-03
9.342818906890941813e-03
9.214746596200435597e-03
9.087965447795142912e-03
8.962455251506826898e-03
8.838195797167200385e-03
8.715166874607990083e-03
8.593348273660952191e-03
