0.000000000000000000e+00
1.334172907543012968e-03
4.381442748598864470e-03
9.089825039600809772e-03
1.540733529698211889e-02
2.328198903717604643e-02
3.266180177661584527e-02
4.349478903173479433e-02
5.572896631896613606e-02
6.931234915474313030e-02
8.419295305549906461e-02
1.003187935376671502e-01
1.176378861176806956e-01
1.360982463119729535e-01
1.556478896369771769e-01
1.762348316091265910e-01
1.978070877448545317e-01
2.203126735605941688e-01
2.436996045727787830e-01
2.679158962978417380e-01
2.929095642522162035e-01
3.186286239523353214e-01
3.450210909146326221e-01
3.720349806555412475e-01
3.996183086914942839e-01
4.277190905389252062e-01
4.562853417142673784e-01
4.852650777339539423e-01
5.146063141144178177e-01
5.442570663720927016e-01
5.741653500234116247e-01
6.042791805848081177e-01
6.345465735727151557e-01
6.649155445035659362e-01
6.953341088937939896e-01
7.257502822598326242e-01
7.561120801181147044e-01
7.863675179850738717e-01
8.164646113771433233e-01
8.463513758107562568e-01
8.759758268023455363e-01
9.052902127757315176e-01
9.342637137842766393e-01
9.628697427887312754e-01
9.910817127498451340e-01
1.018873036628367812e+00
1.046217127385048684e+00
1.073087397980637681e+00
1.099457261375884398e+00
1.125300130531539100e+00
1.150589418408350717e+00
1.175298537967069068e+00
1.199400902168444416e+00
1.222869923973225692e+00
1.245679016342163159e+00
1.267801592236005970e+00
1.289211064615504609e+00
1.309880846441407565e+00
1.329784350674465765e+00
1.348894990275428141e+00
1.367186178205044733e+00
1.384635743809382813e+00
1.401239181975780124e+00
1.416996403976892749e+00
1.431907321085376772e+00
1.445971844573886722e+00
1.459189885715078683e+00
1.471561355781608738e+00
1.483086166046132304e+00
1.493764227781305021e+00
1.503595452259782306e+00
1.512579750754220242e+00
1.520717034537274692e+00
1.528007214881600406e+00
1.534450203059853912e+00
1.540045910344690849e+00
1.544794248008766191e+00
1.548695127324736465e+00
1.551748459565256422e+00
1.553954156002982812e+00
1.555312127910570386e+00
1.555825569212725190e+00
1.555510804442353345e+00
1.554387440784410712e+00
1.552475085423853596e+00
1.549793345545637191e+00
1.546361828334718469e+00
1.542200140976052403e+00
1.537327890654595963e+00
1.531764684555304790e+00
1.525530129863134521e+00
1.518643833763042350e+00
1.511125403439983250e+00
1.502994446078912638e+00
1.494270568864788151e+00
1.484973378982564540e+00
1.475122483617197888e+00
1.464737489953645166e+00
1.453838005176861126e+00
1.442443636471802737e+00
1.430573991023425862e+00
1.418249032075108884e+00
1.405490147103926502e+00
1.392319079645373492e+00
1.378757573234947076e+00
1.364827371408142698e+00
1.350550217700457356e+00
1.335947855647387383e+00
1.321042028784428890e+00
1.305854480647078208e+00
1.290406954770831671e+00
1.274721194691185611e+00
1.258818943943636359e+00
1.242721946063680249e+00
1.226451944586813392e+00
1.210030683048532119e+00
1.193479904984332762e+00
1.176821353929712322e+00
1.160076773420166019e+00
1.143267906991190852e+00
1.126416498178282488e+00
1.109542670153748745e+00
1.092660064637137385e+00
1.075780702984805659e+00
1.058916606553113260e+00
1.042079796698418104e+00
1.025282294777078995e+00
1.008536122145454073e+00
9.918533001599018073e-01
9.752458501767806709e-01
9.587257935524493568e-01
9.423051516432664476e-01
9.259959458055895265e-01
9.098101973957777311e-01
8.937599277701894218e-01
8.778571582851832922e-01
8.621139102971170365e-01
8.465422051623499033e-01
8.311540642372398091e-01
8.159615088781455583e-01
8.009765604414256224e-01
7.862094236106225154e-01
7.716630363780164759e-01
7.573385200630721181e-01
7.432369959852546115e-01
7.293595854640271270e-01
7.157074098188551670e-01
7.022815903692035677e-01
6.890832484345366105e-01
6.761135053343183543e-01
6.633734823880138576e-01
6.508643009150876235e-01
6.385870822350040443e-01
6.265429476672280673e-01
6.147330185312238626e-01
6.031584161464560445e-01
5.918202618323893383e-01
5.807196769084883581e-01
5.698577826942173852e-01
5.592357005090410338e-01
5.488545516724241402e-01
5.387145726878010965e-01
5.288124607944875155e-01
5.191440284157681218e-01
5.097050879749290830e-01
5.004914518952552349e-01
4.914989326000321346e-01
4.827233425125451172e-01
4.741604940560796289e-01
4.658061996539209493e-01
4.576562717293547466e-01
4.497065227056661341e-01
4.419527650061403357e-01
4.343908110540630196e-01
4.270164732727194101e-01
4.198255640853951753e-01
4.128138959153752063e-01
4.059772811859452268e-01
3.993115323203905720e-01
3.928124617419966880e-01
3.864758818740487989e-01
3.802976274139873158e-01
3.742736221558735643e-01
3.683998121679237236e-01
3.626721435183541398e-01
3.570865622753807700e-01
3.516390145072200157e-01
3.463254462820880009e-01
3.411418036682012933e-01
3.360840327337757394e-01
3.311480795470275740e-01
3.263298901761733095e-01
3.216254106894290143e-01
3.170305871550109234e-01
3.125413656411352159e-01
3.081536922160181824e-01
3.038635129478761132e-01
2.996667739049251877e-01
2.955594211553815853e-01
2.915374007674617629e-01
2.875966588093817333e-01
2.837334706500625470e-01
2.799454288612452380e-01
2.762304553153754338e-01
2.725864718848987622e-01
2.690114004422610727e-01
2.655031628599082705e-01
2.620596810102856500e-01
2.586788767658391719e-01
2.553586719990145193e-01
2.520969885822574308e-01
2.488917483880136172e-01
2.457408732887287617e-01
2.426422851568486028e-01
2.395939058648187681e-01
2.365936572850851904e-01
2.336394612900934142e-01
2.307292397522893446e-01
2.278609145441184425e-01
2.250324075380266131e-01
2.222416406064594840e-01
2.194867648134903870e-01
2.167668479897033873e-01
2.140811871573097269e-01
2.114290793385212031e-01
2.088098215555491410e-01
2.062227108306052548e-01
2.036670441859008696e-01
2.011421186436475883e-01
1.986472312260569861e-01
1.961816789553404161e-01
1.937447588537095644e-01
1.913357679433760061e-01
1.889540032465510111e-01
1.865987617854464320e-01
1.842693405822735109e-01
1.819650366592438229e-01
1.796851470385689986e-01
1.774289687424604189e-01
1.751957987931297700e-01
1.729849342127884604e-01
1.707957434079534764e-01
1.686278803223636158e-01
1.664810702840631707e-01
1.643550386210962111e-01
1.622495106615070848e-01
1.601642117333399173e-01
1.580988671646390564e-01
1.560532022834485721e-01
1.540269424178128399e-01
1.520198128957760131e-01
1.500315390453823838e-01
1.480618461946761610e-01
1.461104596717015258e-01
1.441771048045026038e-01
1.422615069211238259e-01
1.403633913496092900e-01
1.384824834180032604e-01
1.366185084543499184e-01
1.347711917866935838e-01
1.329402587430784100e-01
1.311254444403838759e-01
1.293265231508297919e-01
1.275432789354714047e-01
1.257754958553637947e-01
1.240229579715621394e-01
1.222854493451216579e-01
1.205627540370973194e-01
1.188546561085442876e-01
1.171609396205178510e-01
1.154813886340730483e-01
1.138157872102649876e-01
1.121639194101488185e-01
1.105255692947796353e-01
1.089005209252126571e-01
1.072885583625030198e-01
1.056894656677057898e-01
1.041030269018761584e-01
1.025290261260692476e-01
1.009672474013402349e-01
9.941747478874415900e-02
9.787949242808358097e-02
9.635308477415065187e-02
9.483803636048473984e-02
9.333413172062542118e-02
9.184115538811211954e-02
9.035889189648436959e-02
8.888712577928163661e-02
8.742564157004330261e-02
8.597422380230897165e-02
8.453265700961801188e-02
8.310072572550997183e-02
8.167821448352433067e-02
8.026490781720052592e-02
7.886059026007807837e-02
7.746504634569641168e-02
7.607806060759512989e-02
7.469941757931357340e-02
7.332890179439122136e-02
7.196629778636763619e-02
7.061139008878222767e-02
6.926396694033100376e-02
6.792383140033576849e-02
6.659079023327482694e-02
6.526465020362653968e-02
6.394521807586923956e-02
6.263230061448114838e-02
6.132570458394066143e-02
6.002523674872602827e-02
5.873070387331562336e-02
5.744191272218773098e-02
5.615867005982070476e-02
5.488078265069282896e-02
5.360805725928240867e-02
5.234030065006783222e-02
5.107731958752732143e-02
4.981892083613923689e-02
4.856491116038186284e-02
4.731509732473354601e-02
4.606928609367260535e-02
4.482728423167735982e-02
4.358892698842832536e-02
4.235416355441502106e-02
4.112297160532921159e-02
3.989532881686251586e-02
3.867121286470670549e-02
3.745060142455352431e-02
3.623347217209466758e-02
3.501980278302185140e-02
3.380957093302683347e-02
3.260275429780130213e-02
3.139933055303700815e-02
3.019927737442570231e-02
2.900257243765901743e-02
2.780919341842871817e-02
2.661911799242654142e-02
2.543232383534418939e-02
2.424878862287340245e-02
2.306849003070589668e-02
2.189140573453339164e-02
2.071751341004765892e-02
1.954685683106049954e-02
1.837974416386451565e-02
1.721654967287243945e-02
1.605764762249700661e-02
1.490341227715093718e-02
1.375421790124698070e-02
1.261043875919785028e-02
1.147244911541628679e-02
1.034062323431506232e-02
9.215335380306820603e-03
8.096959817804331994e-03
6.985870811220327818e-03
5.882442624967545476e-03
4.787049523458711091e-03
3.700065771106556857e-03
2.621865632323811066e-03
1.552823371523207215e-03
4.933132531175227079e-04
-5.562904584806070783e-04
-1.595613498858399967e-03
-2.624247396843128362e-03
-3.641646854222055189e-03
-4.647232366022440928e-03
-5.640424427271546054e-03
-6.620643532996637118e-03
-7.587310178224971127e-03
-8.539844857983768661e-03
-9.477668067300380403e-03
-1.040020030120202173e-02
-1.130686205471595658e-02
-1.219707382286944371e-02
-1.307025610068975052e-02
-1.392582938320413403e-02
-1.476321416543985472e-02
-1.558183094242418174e-02
-1.638110020918433565e-02
-1.716044246074765675e-02
-1.791927819214135867e-02
-1.865702789839271403e-02
-1.937311207452897810e-02
-2.006695121557742004e-02
-2.073796581656529511e-02
-2.138557637251986554e-02
-2.200920337846837618e-02
-2.260826732943813089e-02
-2.318218872045637105e-02
-2.373038804655035194e-02
-2.425228580274734272e-02
-2.474730248407460212e-02
-2.521485858555939583e-02
-2.565437460222896177e-02
-2.606527102911062113e-02
-2.644696836123155981e-02
-2.679888709361911286e-02
-2.712044772130047313e-02
-2.741107073930295832e-02
-2.767017664265379595e-02
-2.789718592638024824e-02
-2.809151908550962598e-02
-2.825259661506912198e-02
