0.000000000000000000e+00
6.886130875901402826e-02
1.352120887180381925e-01
1.990903680846302370e-01
2.605341750663479616e-01
3.195815378707492216e-01
3.762704847053915391e-01
4.306390437778330194e-01
4.827252432956313788e-01
5.325671114663437233e-01
5.802026764975291018e-01
6.256699665967442314e-01
6.690070099715472729e-01
7.102518348294960537e-01
7.494424693781482905e-01
7.866169418250616996e-01
8.218132803777939976e-01
8.550695132439033452e-01
8.864236686309469038e-01
9.159137747464828339e-01
9.435778597980689630e-01
9.694539519932632299e-01
9.935800795396225737e-01
1.015994270644705599e+00
1.036734553516070356e+00
1.055838956361273562e+00
1.073345507387873266e+00
1.089292234803428183e+00
1.103717166815495032e+00
1.116658331631631862e+00
1.128153757459396944e+00
1.138241472506347218e+00
1.146959504980041178e+00
1.154345883088035984e+00
1.160438635037889687e+00
1.165275789037161003e+00
1.168895373293405981e+00
1.171335416014184005e+00
1.172633945407051570e+00
1.172828989679567391e+00
1.171958577039288407e+00
1.170060735693772891e+00
1.167173493850578669e+00
1.163334879717263570e+00
1.158582921501384755e+00
1.152955647410500717e+00
1.146491085652169062e+00
1.139227264433947173e+00
1.131202211963393545e+00
1.122453956448065115e+00
1.113020526095520601e+00
1.102939949113316942e+00
1.092250253709011965e+00
1.080989468090163719e+00
1.069195620464330254e+00
1.056906739039069176e+00
1.044160852021938313e+00
1.030995987620495047e+00
1.017450174042296984e+00
1.003561439494902841e+00
9.893678121858694441e-01
9.749073203227552886e-01
9.602179921131175355e-01
9.453378557645145674e-01
9.303049394845037678e-01
9.151572714806428532e-01
8.999328799604898732e-01
8.846697931316026553e-01
8.694060392015388050e-01
8.541796463778557058e-01
8.390286428681120734e-01
8.239910568798646251e-01
8.091049166206719656e-01
7.944081115931785897e-01
7.799249895907662822e-01
7.656551832462440421e-01
7.515956949362975203e-01
7.377435270376125898e-01
7.240956819268741240e-01
7.106491619807679960e-01
6.974009695759794125e-01
6.843481070891939133e-01
6.714875768970969272e-01
6.588163813763739940e-01
6.463315229037105425e-01
6.340300038557924456e-01
6.219088266093042439e-01
6.099649935409321433e-01
5.981955070273614616e-01
5.865973694452774057e-01
5.751675831713659592e-01
5.639031505823119961e-01
5.528010740548015001e-01
5.418583559655193449e-01
5.310719986911517365e-01
5.204390046083834376e-01
5.099563760939003210e-01
4.996211155243877045e-01
4.894302252765311279e-01
4.793807077270159644e-01
4.694695652525280316e-01
4.596938002297521475e-01
4.500504150353742405e-01
4.405364120460797395e-01
4.311487936385539621e-01
4.218845621894825038e-01
4.127407200755506267e-01
4.037142696734439817e-01
3.948022133598480532e-01
3.860015535114482699e-01
3.773097373902650764e-01
3.687265528000668313e-01
3.602525545269393281e-01
3.518882978018540442e-01
3.436343378557821238e-01
3.354912299196945447e-01
3.274595292245629508e-01
3.195397910013585974e-01
3.117325704810523512e-01
3.040384228946156897e-01
2.964579034730199236e-01
2.889915674472361418e-01
2.816399700482358770e-01
2.744036665069901071e-01
2.672832120544700873e-01
2.602791619216471841e-01
2.533920713394927082e-01
2.466224955389777485e-01
2.399709897510735879e-01
2.334381092067515096e-01
2.270244091369827688e-01
2.207304447727387042e-01
2.145567713449903213e-01
2.085039440847091252e-01
2.025725182228661492e-01
1.967630489904328983e-01
1.910760916183803781e-01
1.855122013376799550e-01
1.800719333793028842e-01
1.747558429742202823e-01
1.695644853534037655e-01
1.644984157478240894e-01
1.595581893884528146e-01
1.547443615062610578e-01
1.500574873322202962e-01
1.454981220973014522e-01
1.410667405944044661e-01
1.367623097749859074e-01
1.325824574455706228e-01
1.285247648628733419e-01
1.245868132836090436e-01
1.207661839644925683e-01
1.170604581622387286e-01
1.134672171335625035e-01
1.099840421351785946e-01
1.066085144238019672e-01
1.033382152561474476e-01
1.001707258889299595e-01
9.710362757886425999e-02
9.413450158266530032e-02
9.126092915704786535e-02
8.848049155872682314e-02
8.579077004441720833e-02
8.318934587083363918e-02
8.067380029469105318e-02
7.824171457270437391e-02
7.589066996158846945e-02
7.361824771805809686e-02
7.142202909882819362e-02
6.929959536061358616e-02
6.724852776012921196e-02
6.526640755408984196e-02
6.335081599921035811e-02
6.149933435220564931e-02
5.970954386979053508e-02
5.797902580867995981e-02
5.630536142558868057e-02
5.468613197723162789e-02
5.311891872032361434e-02
5.160130291157959820e-02
5.013086580771430878e-02
4.870518866544267661e-02
4.732185437044624660e-02
4.597888664751518389e-02
4.467534442976683895e-02
4.341043508990748145e-02
4.218336600064346437e-02
4.099334453468110595e-02
3.983957806472677304e-02
3.872127396348672146e-02
3.763763960366731109e-02
3.658788235797484634e-02
3.557120959911570096e-02
3.458682869979614466e-02
3.363394703272250263e-02
3.271177197060114866e-02
3.181951088613835243e-02
3.095637115204048079e-02
3.012156014101382770e-02
2.931428522576476695e-02
2.853375377899955434e-02
2.777917317342453937e-02
2.704975078174605418e-02
2.634469397667042745e-02
2.566321013090396702e-02
2.500450661715301198e-02
2.436779080812388407e-02
2.375227007652290501e-02
2.315715179505641388e-02
2.258164333643070815e-02
2.202495207335211994e-02
2.148628537852697098e-02
2.096485062466160038e-02
2.045985518446231943e-02
1.997050643063546724e-02
1.949601173588734124e-02
1.903557847292430480e-02
1.858841401445266231e-02
1.815372573317872162e-02
1.773077195407717424e-02
1.731916634002707289e-02
1.691867387305836384e-02
1.652906009434793044e-02
1.615009054507269420e-02
1.578153076640955582e-02
1.542314629953541252e-02
1.507470268562719276e-02
1.473596546586176601e-02
1.440670018141605897e-02
1.408667237346696889e-02
1.377564758319140860e-02
1.347339135176628400e-02
1.317966922036849058e-02
1.289424673017493597e-02
1.261688942236254343e-02
1.234736283810818416e-02
1.208543251858878141e-02
1.183086400498124455e-02
1.158342283846247080e-02
1.134287456020936780e-02
1.110898471139884318e-02
1.088151883320779938e-02
1.066024246681314055e-02
1.044492115339178129e-02
1.023532043412060839e-02
1.003120585017653645e-02
9.832342942736473079e-03
9.638497252977318991e-03
9.449434322075981815e-03
9.264919691209363983e-03
9.084718901554376599e-03
8.908597494287915156e-03
8.736321010586899430e-03
8.567654991628216241e-03
8.402364978588780162e-03
8.240219564510365552e-03
8.081075138483360260e-03
7.924886945605042962e-03
7.771615504595203242e-03
7.621221334173623740e-03
7.473664953060079295e-03
7.328906879974369896e-03
7.186907633636253900e-03
7.047627732765531297e-03
6.911027696081979525e-03
6.777068042305383830e-03
6.645709290155523384e-03
6.516911958352183433e-03
6.390636565615145752e-03
6.266843630664193851e-03
6.145493672219114710e-03
6.026547208999681431e-03
5.909964759725681860e-03
5.795706843116898641e-03
5.683733977893115283e-03
5.574006682774112695e-03
5.466485476479675254e-03
5.361130877729585603e-03
5.257903405243625518e-03
5.156763577741581978e-03
5.057671913943231554e-03
4.960588932568358624e-03
4.865475152336746698e-03
4.772291091968178418e-03
4.680997270182437296e-03
4.591554205699304239e-03
4.503922417238565359e-03
4.418062423520005035e-03
4.333934743263397234e-03
4.251499895188530671e-03
4.170718398015187123e-03
4.091550772166018847e-03
4.013960473810512970e-03
3.937919917914036241e-03
3.863403222311350381e-03
3.790384504837215375e-03
3.718837883326395113e-03
3.648737475613646111e-03
3.580057399533730089e-03
3.512771772921409637e-03
3.446854713611446040e-03
3.382280339438597985e-03
3.319022768237628492e-03
3.257056117843296680e-03
3.196354506090365137e-03
3.136892050813596886e-03
3.078642869847747141e-03
3.021581081027580225e-03
2.965680802187856558e-03
2.910916151163336560e-03
2.857261245788781517e-03
2.804690203898953585e-03
2.753177143328612748e-03
2.702696181912519428e-03
2.653221437485437512e-03
2.604727027882123083e-03
2.557187070937339598e-03
2.510575684485847475e-03
2.464866986362407569e-03
2.420035094401781599e-03
2.376054126438730419e-03
2.332898200308014449e-03
2.290541433844394542e-03
2.248957944882634154e-03
2.208121851257489367e-03
2.168007270803724504e-03
2.128588321356099117e-03
2.089839120749375362e-03
2.051734982356774421e-03
2.014262453409993315e-03
1.977414236295779639e-03
1.941183096446850260e-03
1.905561799295926164e-03
1.870543110275723351e-03
1.836119794818963239e-03
1.802284618358363779e-03
1.769030346326644441e-03
1.736349744156524474e-03
1.704235577280722048e-03
1.672680611131956846e-03
1.641677611142950072e-03
1.611219342746416424e-03
1.581298571375077755e-03
1.551908062461652017e-03
1.523040581438858459e-03
1.494688893739416335e-03
1.466845764796044895e-03
1.439503960041462740e-03
1.412656244908388906e-03
1.386295384829544161e-03
1.360414145237644722e-03
1.335005291565410273e-03
1.310061589245560716e-03
1.285575803710814870e-03
1.261540700393891769e-03
1.237949044727510231e-03
1.214793602144389507e-03
1.192067138077248633e-03
1.169762417958807076e-03
1.147872207221782787e-03
1.126389271298895234e-03
1.105306375622863452e-03
1.084616285626406693e-03
1.064311766742243558e-03
1.044385584403093514e-03
1.024830504041675814e-03
1.005639291090708841e-03
9.868047109829129315e-04
9.683195291510052769e-04
9.501765110277056708e-04
9.323684220457331478e-04
9.148880276378069595e-04
8.977280932366459238e-04
8.808813842749690752e-04
8.643406661854955569e-04
8.480987044009442952e-04
8.321482643540349753e-04
8.164821114774854392e-04
8.010930112040156974e-04
7.859737289663440256e-04
7.711170301971896754e-04
7.565156803292722235e-04
7.421624447953099456e-04
7.280500890280224187e-04
7.141713784601291110e-04
7.005190785243474308e-04
6.870859546533979309e-04
6.738647722799988868e-04
6.608482968368695502e-04
6.480292937567289557e-04
6.354005284722962464e-04
6.229547664162907823e-04
6.106847730214300801e-04
5.985833137204354514e-04
5.866431539460235456e-04
5.748570591309156742e-04
5.632177947078285951e-04
5.517181261094836198e-04
5.403508187685986987e-04
5.291086381178917823e-04
5.179843495900839654e-04
