0.000000000000000000e+00
2.863699628180792212e-02
5.560952974995776038e-02
8.095495151852441507e-02
1.047106127015827587e-01
1.269138644132076499e-01
1.476020577674740097e-01
1.668125438784565928e-01
1.845826738602304729e-01
2.009497988268702517e-01
2.159512698924511420e-01
2.296244381710477733e-01
2.420066547767351084e-01
2.531352708235881099e-01
2.630476374256814354e-01
2.717811056970902417e-01
2.793730267518890198e-01
2.858607517041531487e-01
2.912816316679570638e-01
2.956730177573758667e-01
2.990722610864844921e-01
3.015167127693575977e-01
3.030437239200702293e-01
3.036906456526972664e-01
3.034948290813134775e-01
3.024936253199937974e-01
3.007243854828131058e-01
2.982244606838461709e-01
2.950312020371681498e-01
2.911819606568536445e-01
2.867140876569776453e-01
2.816649341516151428e-01
2.760718512548406833e-01
2.699721900807295905e-01
2.634033017433564106e-01
2.564025373567960231e-01
2.490072480351234463e-01
2.412547848924135874e-01
2.331824990427411870e-01
2.248277416001811524e-01
2.162278636788084185e-01
2.074202163926978648e-01
1.984421508559242875e-01
1.893310181825626215e-01
1.801241694866878296e-01
1.708589558823746524e-01
1.615727284836979694e-01
1.523028384047327710e-01
1.430866367595537980e-01
1.339614746622359853e-01
1.249647032268543234e-01
1.161336735674834975e-01
1.075057367981985534e-01
9.911824403307419040e-02
9.100854638618544046e-02
8.321399497160716918e-02
7.577194090341415889e-02
6.871973529568138617e-02
6.208944608725528586e-02
5.588053717726292752e-02
5.008004721938671272e-02
4.467499040816469424e-02
3.965238093813468201e-02
3.499923300383470104e-02
3.070256079980259595e-02
2.674937852057632237e-02
2.312670036069387064e-02
1.982154051469308190e-02
1.682091317711195341e-02
1.411183254248834368e-02
1.168131280536024476e-02
9.516368160265527287e-03
7.604012801742169453e-03
5.931260924328064441e-03
4.485126722561158345e-03
3.252624390979361700e-03
2.220768124120612794e-03
1.376572116522853167e-03
7.070505627239850053e-04
1.992176572619534813e-04
-1.599124053253226860e-04
-3.833254304999108458e-04
-4.840072237238869667e-04
-4.749435904593201870e-04
-3.691203361682849032e-04
-1.795232663128536958e-04
8.090130013798448342e-05
4.026473049249672297e-04
7.822698664768450681e-04
1.216941079676774106e-03
1.703833039407901939e-03
2.240117840553383210e-03
2.822967577996366492e-03
3.449554346620013583e-03
4.117050241307460695e-03
4.822627356941877434e-03
5.563457788406396543e-03
6.336713630584190661e-03
7.139566978358401206e-03
7.969189926612179134e-03
8.822754570228663260e-03
9.697433004091031428e-03
1.059039732308242679e-02
1.149881962208600117e-02
1.241987199598488210e-02
1.335072653966226132e-02
1.428855534800127502e-02
1.523053051588506984e-02
1.617382413819680800e-02
1.711560830981960490e-02
1.805305512563667308e-02
1.898333668053112794e-02
1.990362506938612649e-02
2.081109238708480150e-02
2.170291072851034120e-02
2.257640309264231579e-02
2.343037496030367026e-02
2.426447325355905738e-02
2.507835455233534475e-02
2.587167543655933405e-02
2.664409248615789635e-02
2.739526228105782640e-02
2.812484140118596404e-02
2.883248642646917687e-02
2.951785393683427350e-02
3.018060051220809725e-02
3.082038273251746716e-02
3.143685717768925081e-02
3.202968042765026030e-02
3.259850906232732159e-02
3.314299966164728495e-02
3.366280880553698673e-02
3.415759307392325639e-02
3.462700904673292335e-02
3.507071330389283786e-02
3.548836242532982244e-02
3.587961299097070650e-02
3.624412158074234724e-02
3.658154477457155329e-02
3.689153915238518183e-02
3.717376129411004843e-02
3.742786777967300332e-02
3.765351518900086208e-02
3.785036075609989753e-02
3.801839398731944597e-02
3.815847627686973220e-02
3.827161030011477089e-02
3.835879873241853505e-02
3.842104424914504629e-02
3.845934952565827764e-02
3.847471723732222293e-02
3.846815005950088989e-02
3.844065066755827931e-02
3.839322173685837808e-02
3.832686594276515230e-02
3.824258596064264437e-02
3.814138446585482733e-02
3.802426413376571585e-02
3.789222763973926905e-02
3.774627765913951549e-02
3.758741686733042126e-02
3.741664793967600100e-02
3.723497355154024857e-02
3.704339637828715087e-02
3.684291909528070175e-02
3.663454437788490892e-02
3.641927490146374541e-02
3.619811334138123976e-02
3.597206237300136500e-02
3.574212467168811497e-02
3.550930291280549739e-02
3.527459977171749222e-02
3.503899001034843641e-02
3.480297953206589606e-02
3.456668519667219219e-02
3.433021208798726215e-02
3.409366528983104327e-02
3.385714988602351455e-02
3.362077096038460639e-02
3.338463359673429776e-02
3.314884287889251213e-02
3.291350389067920768e-02
3.267872171591435643e-02
3.244460143841788879e-02
3.221124814200976988e-02
3.197876691050995090e-02
3.174726282773836228e-02
3.151684097751498992e-02
3.128760644365975035e-02
3.105966430999262604e-02
3.083311966033355431e-02
3.060807757850248639e-02
3.038464314831939433e-02
3.016292145360419119e-02
2.994301757817686288e-02
2.972503660585734328e-02
2.950908362046559749e-02
2.929526370582156633e-02
2.908368194574520449e-02
2.887444342405647707e-02
2.866765322457532489e-02
2.846338715087743179e-02
2.826160388556156824e-02
2.806223283098217142e-02
2.786520338949373399e-02
2.767044496345072782e-02
2.747788695520763172e-02
2.728745876711891755e-02
2.709908980153907451e-02
2.691270946082256060e-02
2.672824714732385809e-02
2.654563226339745272e-02
2.636479421139781287e-02
2.618566239367940696e-02
2.600816621259673111e-02
2.583223507050424333e-02
2.565779836975642936e-02
2.548478551270777492e-02
2.531312590171272761e-02
2.514274893912578010e-02
2.497358402730142854e-02
2.480556056859411357e-02
2.463860796535833134e-02
2.447265561994855718e-02
2.430763293471925948e-02
2.414346931202492053e-02
2.398009415422002605e-02
2.381743686365903750e-02
2.365542684269643023e-02
2.349399444247989022e-02
2.333310135947306088e-02
2.317274706616499758e-02
2.301293328403607522e-02
2.285366173456663749e-02
2.269493413923703851e-02
2.253675221952761848e-02
2.237911769691874192e-02
2.222203229289075252e-02
2.206549772892399050e-02
2.190951572649883078e-02
2.175408800709561011e-02
2.159921629219468259e-02
2.144490230327640232e-02
2.129114776182113034e-02
2.113795438930919993e-02
2.098532390722095825e-02
2.083325803703677676e-02
2.068175850023699913e-02
2.053082701830197254e-02
2.038046531271204415e-02
2.023067510494757845e-02
2.008145811648892262e-02
1.993281606881643422e-02
1.978475068341044307e-02
1.963726368175131715e-02
1.949035678531941054e-02
1.934403171559506349e-02
1.919829019405863008e-02
1.905313430676965070e-02
1.890856838971385206e-02
1.876459763631318362e-02
1.862122724167747032e-02
1.847846240091652326e-02
1.833630830914018128e-02
1.819477016145825549e-02
1.805385315298057083e-02
1.791356247881695229e-02
1.777390333407721790e-02
1.763488091387118567e-02
1.749650041330869446e-02
1.735876702749955883e-02
1.722168595155358986e-02
1.708526238058061600e-02
1.694950150969046915e-02
1.681440853399295693e-02
1.667998864859791472e-02
1.654624704861515708e-02
1.641318892915450550e-02
1.628081948532578843e-02
1.614914391223882389e-02
1.601816740500343339e-02
1.588789515872944189e-02
1.575833236852666394e-02
1.562948422950492799e-02
1.550135593677406422e-02
1.537395268544387850e-02
1.524727963678057518e-02
1.512133900342416473e-02
1.499612780301756536e-02
1.487164252439702669e-02
1.474787965639875846e-02
1.462483568785901203e-02
1.450250710761400406e-02
1.438089040449997552e-02
1.425998206735314654e-02
1.413977858500975633e-02
1.402027644630604239e-02
1.390147214007821617e-02
1.378336215516251864e-02
1.366594298039518207e-02
1.354921110461243354e-02
1.343316301665050533e-02
1.331779520534562972e-02
1.320310415953403552e-02
1.308908636805195848e-02
1.297573831973561874e-02
1.286305650342125725e-02
1.275103740794510110e-02
1.263967752214337735e-02
1.252897333485231829e-02
1.241892133490815966e-02
1.230951801114712856e-02
1.220075985240545724e-02
1.209264334751936759e-02
1.198516498532511097e-02
1.187832147329743147e-02
1.177211166681606420e-02
1.166653564038919177e-02
1.156159348251787483e-02
1.145728528170316882e-02
1.135361112644613091e-02
1.125057110524781828e-02
1.114816530660928812e-02
1.104639381903159412e-02
1.094525673101579173e-02
1.084475413106293466e-02
1.074488610767408356e-02
1.064565274935029560e-02
1.054705414459262795e-02
1.044909038190212913e-02
1.035176154977985978e-02
1.025506773672688401e-02
1.015900903124425034e-02
1.006358552183301246e-02
9.968797296994231019e-03
9.874644445228959733e-03
9.781127055038257509e-03
9.688245214923178056e-03
9.595999013384778550e-03
9.504388538924116170e-03
9.413413880042253296e-03
9.323075125240233227e-03
9.233372363019120080e-03
9.144305679796495279e-03
9.055874103587543272e-03
8.968073885142851392e-03
8.880900825183626890e-03
8.794350724431092628e-03
8.708419383606461062e-03
8.623102603430956789e-03
8.538396184625783591e-03
8.454295927912160863e-03
8.370797634011309732e-03
8.287897103644437449e-03
8.205590137532766878e-03
8.123872536397512209e-03
8.042740100959889366e-03
7.962188631941114272e-03
7.882213930062404589e-03
7.802811796044971902e-03
7.723978030610035607e-03
7.645708434478808158e-03
7.567998808372509816e-03
7.490844953012351301e-03
7.414242669119552875e-03
7.338187757415328728e-03
7.262676018620896519e-03
7.187703253457473906e-03
7.113265262646268142e-03
7.039357846908501221e-03
6.965976806965389935e-03
6.893117943538146740e-03
6.820777057347990162e-03
6.748949949116135258e-03
6.677632419563798820e-03
6.606820269412195037e-03
6.536509299382544172e-03
6.466695310196055209e-03
6.397374102573948410e-03
6.328541477237437964e-03
6.260193234907739795e-03
6.192325176306069830e-03
6.124933102153646593e-03
6.058012813171685142e-03
5.991560110081402268e-03
5.925570793604008693e-03
5.860040664460722075e-03
5.794965523372760940e-03
5.730341171061340347e-03
5.666163408247676218e-03
5.602428035652983612e-03
5.539130853998480188e-03
5.476267664005376665e-03
5.413834266394898509e-03
5.351826461888248634e-03
5.290240051206657711e-03
5.229070835071327784e-03
5.168314614203486923e-03
5.107967189324344980e-03
5.048024361155111807e-03
4.988481930417016340e-03
