0.000000000000000000e+00
5.037519583688893771e-02
1.001161412378310384e-01
1.492172302299380748e-01
1.976728568403217368e-01
2.454774150960937484e-01
2.926252990243658481e-01
3.391109026522496905e-01
3.849286200068572916e-01
4.300728451152998066e-01
4.745379720046895566e-01
5.183183947021381410e-01
5.614085072347568817e-01
6.038027036296580441e-01
6.454953779139531722e-01
6.864809241147539209e-01
7.267537362591718342e-01
7.663082083743190109e-01
8.051387344873068841e-01
8.432397086252473306e-01
8.806055248152523385e-01
9.172305770844331185e-01
9.531092594599014367e-01
9.882359659687696141e-01
1.022605090638148972e+00
1.056211027495151056e+00
1.089048170566887963e+00
1.121110913880471127e+00
1.152393651463012647e+00
1.182890777341623734e+00
1.212596685543416930e+00
1.241505770095502781e+00
1.269612425024993607e+00
1.296911044359001952e+00
1.323396022124638138e+00
1.349061752349014931e+00
1.373902629059243319e+00
1.397913046282435179e+00
1.421087398045703498e+00
1.443420078376158155e+00
1.464905481300911694e+00
1.485538000847075768e+00
1.505312031041762033e+00
1.524221965912082810e+00
1.542262199485149532e+00
1.559427125788072965e+00
1.575711138847965875e+00
1.591108632691940361e+00
1.605614001347107189e+00
1.619221638840578459e+00
1.631925939199465603e+00
1.643721296450881164e+00
1.654602104621935910e+00
1.664562757739741716e+00
1.673597649831410683e+00
1.681701174924055131e+00
1.688867727044785605e+00
1.695091700220714426e+00
1.700370150280903880e+00
1.704716559822932798e+00
1.708150671608228421e+00
1.710692240721373381e+00
1.712361022246950748e+00
1.713176771269543153e+00
1.713159242873735666e+00
1.712328192144109362e+00
1.710703374165248869e+00
1.708304544021736593e+00
1.705151456798156273e+00
1.701263867579090983e+00
1.696661531449123128e+00
1.691364203492836671e+00
1.685391638794815128e+00
1.678763592439640906e+00
1.671499819511897300e+00
1.663620075096167827e+00
1.655144114277035783e+00
1.646091692139084239e+00
1.636482563766896048e+00
1.626336484245054725e+00
1.615673208658143345e+00
1.604512492090744979e+00
1.592874089627442924e+00
1.580777756352820473e+00
1.568243247351461145e+00
1.555290317707947345e+00
1.541938706030932194e+00
1.528206715463602761e+00
1.514110120093778766e+00
1.499664436572863968e+00
1.484885181552259237e+00
1.469787871683367664e+00
1.454388023617591452e+00
1.438701154006333249e+00
1.422742779500995036e+00
1.406528416752979682e+00
1.390073582413689168e+00
1.373393793134525920e+00
1.356504565566892362e+00
1.339421416362190476e+00
1.322159862171824241e+00
1.304735419647193861e+00
1.287163605439702874e+00
1.269459936200753924e+00
1.251639928581748995e+00
1.233719099234090288e+00
1.215712964809180452e+00
1.197637041958421689e+00
1.179506847333216424e+00
1.161337897584967527e+00
1.143145709365076979e+00
1.124945799324946760e+00
1.106753684115979519e+00
1.088584880389578347e+00
1.070454904797144557e+00
1.052378767240067958e+00
1.034366499307610043e+00
1.016425306950960117e+00
9.985623636893052879e-01
9.807848430418332208e-01
9.630999185277330232e-01
9.455147636661918042e-01
9.280365519763980053e-01
9.106724569775392908e-01
8.934296521888033249e-01
8.763153111293785491e-01
8.593366073184532938e-01
8.425007142752144462e-01
8.258148055188507808e-01
8.092860545685494067e-01
7.929216349434992095e-01
7.767287201628880755e-01
7.607144837459032249e-01
7.448860992117330992e-01
7.292507400795656958e-01
7.138155798685889009e-01
6.985877920979904898e-01
6.835745502869584600e-01
6.687830279546809198e-01
6.542203986203455335e-01
6.398938358031409646e-01
6.258105130222543222e-01
6.119776037968738258e-01
5.984022769263331876e-01
5.850893035238808881e-01
5.720371631367184850e-01
5.592433158234777490e-01
5.467052216427887856e-01
5.344203406532826994e-01
5.223861329135902620e-01
5.106000584823421340e-01
4.990595774181689204e-01
4.877621497797018368e-01
4.767052356255715995e-01
4.658862950144084802e-01
4.553027880048436948e-01
4.449521746555080703e-01
4.348319150250324894e-01
4.249394691720472794e-01
4.152722971551833786e-01
4.058278590330715030e-01
3.966036148643428128e-01
3.875970247076279129e-01
3.788055486215573531e-01
3.702266466647620713e-01
3.618577788958728392e-01
3.536964053735205393e-01
3.457399861563358323e-01
3.379859813029494897e-01
3.304318508719922276e-01
3.230750549220952061e-01
3.159130535118888083e-01
3.089432627047683511e-01
3.021623595816599894e-01
2.955664080398960891e-01
2.891514534163193151e-01
2.829135410477719992e-01
2.768487162710968619e-01
2.709530244231362905e-01
2.652225108407332832e-01
2.596532208607298942e-01
2.542411998199688994e-01
2.489824930552929361e-01
2.438731459035444193e-01
2.389092037015661807e-01
2.340867117862004132e-01
2.294017154942899483e-01
2.248502601626772013e-01
2.204283911282048369e-01
2.161321537277153537e-01
2.119575932980513056e-01
2.079007551760552741e-01
2.039576846985699798e-01
2.001244272024376714e-01
1.963970280245011246e-01
1.927715325016028936e-01
1.892439859705854766e-01
1.858104337682914553e-01
1.824669212315633837e-01
1.792094936972440100e-01
1.760341965021756383e-01
1.729374353757461846e-01
1.699170576175252634e-01
1.669712709196273515e-01
1.640982829741673699e-01
1.612963014732599343e-01
1.585635341090199102e-01
1.558981885735619410e-01
1.532984725590008923e-01
1.507625937574513242e-01
1.482887598610279911e-01
1.458751785618457308e-01
1.435200575520191590e-01
1.412216045236631690e-01
1.389780271688923763e-01
1.367875331798215355e-01
1.346483302485654565e-01
1.325586260672388939e-01
1.305166283279564354e-01
1.285205447228328357e-01
1.265685829439830157e-01
1.246589506835214939e-01
1.227898556335631219e-01
1.209595054862226404e-01
1.191661079336147622e-01
1.174078706678542278e-01
1.156830013810557917e-01
1.139897077653341390e-01
1.123261975128040518e-01
1.106906963077872452e-01
1.090820242438144405e-01
1.074997177708061080e-01
1.059433559868771940e-01
1.044125179901424644e-01
1.029067828787168792e-01
1.014257297507151628e-01
9.996893770425220593e-02
9.853598583744291317e-02
9.712645324840209204e-02
9.573991903524464719e-02
9.437596229608537224e-02
9.303416212903918570e-02
9.171409763222090894e-02
9.041534790374546049e-02
8.913749204172760621e-02
8.788010914428219522e-02
8.664277830952415993e-02
8.542507863556829395e-02
8.422658922052951580e-02
8.304688916252261910e-02
8.188555755966248073e-02
8.074217351006397758e-02
7.961631611184200041e-02
7.850756446311128733e-02
7.741549766198675686e-02
7.633969480658331364e-02
7.527973499501572352e-02
7.423519732539890503e-02
7.320568499695222220e-02
7.219094994395217069e-02
7.119080078290254687e-02
7.020504624188639298e-02
6.923349504898659856e-02
6.827595593228623361e-02
6.733223761986825706e-02
6.640214883981566951e-02
6.548549832021145767e-02
6.458209478913863599e-02
6.369174697468016344e-02
6.281426360491906835e-02
6.194945340793835131e-02
6.109712511182093658e-02
6.025708744464985944e-02
5.942914913450812048e-02
5.861311890947869252e-02
5.780880549764456922e-02
5.701601762708875115e-02
5.623456402589422504e-02
5.546425342214399840e-02
5.470489454392107875e-02
5.395629611930837649e-02
5.321826687638896852e-02
5.249061554324579298e-02
5.177315084796185740e-02
5.106568151862016930e-02
5.036801628330371539e-02
4.967996412319672372e-02
4.900135607092969553e-02
4.833206201017455766e-02
4.767195577931036127e-02
4.702091121671606033e-02
4.637880216077068518e-02
4.574550244985321756e-02
4.512088592234267392e-02
4.450482641661803601e-02
4.389719777105828558e-02
4.329787382404248069e-02
4.270672841394953373e-02
4.212363537915849582e-02
4.154846855804834871e-02
4.098110178899808803e-02
4.042140891038670247e-02
3.986926376059321542e-02
3.932454017799660168e-02
3.878711200097587769e-02
3.825685306791002521e-02
3.773363721717803293e-02
3.721733828715891729e-02
3.670783011623165309e-02
3.620498654277524986e-02
3.570868140516871708e-02
3.521878854179102958e-02
3.473518179102120379e-02
3.425773499123820759e-02
3.378632198082109211e-02
3.332082040385497823e-02
3.286114529168263076e-02
3.240723289626440407e-02
3.195901971312591766e-02
3.151644223779275639e-02
3.107943696579053283e-02
3.064794039264482489e-02
3.022188901388122434e-02
2.980121932502533683e-02
2.938586782160274719e-02
2.897577099913902984e-02
2.857086535315979739e-02
2.817108737919064160e-02
2.777637357275715771e-02
2.738666042938492709e-02
2.700188444459956580e-02
2.662198211392664479e-02
2.624688993289177319e-02
2.587654439702052889e-02
2.551088200183851407e-02
2.514983924287131356e-02
2.479335261564452608e-02
2.444135861568374687e-02
2.409379373851456771e-02
2.375059447966258036e-02
2.341169733465340089e-02
2.307703879901257943e-02
2.274655536826573551e-02
2.242018354873369715e-02
2.209786533072492440e-02
2.177955709461770056e-02
2.146521755256453057e-02
2.115480541671796097e-02
2.084827939923051404e-02
2.054559821225473981e-02
2.024672056794313973e-02
1.995160517844826037e-02
1.966021075592262399e-02
1.937249601251875633e-02
1.908841966038920049e-02
1.880794041168647873e-02
1.853101697856313068e-02
1.825760807317166820e-02
1.798767240766464826e-02
1.772116869419457577e-02
1.745805564491397996e-02
1.719829197197541085e-02
1.694183638753138377e-02
1.668864760373442793e-02
1.643868433273708296e-02
1.619190528669186765e-02
1.594826917775132510e-02
1.570773471806798799e-02
1.547026061979436470e-02
1.523580559508299313e-02
1.500432835608640943e-02
1.477578761495714280e-02
1.455014208384771898e-02
1.432735047491067414e-02
1.410737150029853226e-02
1.389016387216382431e-02
1.367568630265909163e-02
1.346389750393684089e-02
1.325475618814962210e-02
1.304822106744995928e-02
1.284425085399037644e-02
1.264280425992340626e-02
1.244383999740158661e-02
1.224731677857744151e-02
1.205319331560351058e-02
1.186142832063230394e-02
1.167198050581636122e-02
1.148480858330821336e-02
1.129987126526039130e-02
1.111712726382542427e-02
1.093653529115583972e-02
1.075805405940417729e-02
1.058164228072294710e-02
1.040725866726470439e-02
1.023486193118195060e-02
1.006441078462724792e-02
9.895863939753094321e-03
9.729180108712048511e-03
9.564318003656627556e-03
9.401236336739345056e-03
9.239893820112763181e-03
