0.000000000000000000e+00
8.340365633141881563e-03
1.640291005279052514e-02
2.419148657974855982e-02
3.170994853481864245e-02
3.896214923880340908e-02
4.595194201250549226e-02
5.268318017672756620e-02
5.915971705227223570e-02
6.538540595994213334e-02
7.136410022053997493e-02
7.709965315486833060e-02
8.259591808372986066e-02
8.785674832792722544e-02
9.288599720826305750e-02
9.768751804554001716e-02
1.022651641605606815e-01
1.066227888741277802e-01
1.107642455070438764e-01
1.146933873801116860e-01
1.184140678141337999e-01
1.219301401299129201e-01
1.252454576482515958e-01
1.283638736899525290e-01
1.312892415758183662e-01
1.340254146266517399e-01
1.365762461632552827e-01
1.389455895064316271e-01
1.411372979769834612e-01
1.431552248957133899e-01
1.450032235834241012e-01
1.466851473609181444e-01
1.482048495489982076e-01
1.495661834684669511e-01
1.507730024401270352e-01
1.518291597847810925e-01
1.527385088232317278e-01
1.535049028762816015e-01
1.541321952647333737e-01
1.546242393093897050e-01
1.549848883310531722e-01
1.552179956505264358e-01
1.553274145886122393e-01
1.553169984661130765e-01
1.551906006038316077e-01
1.549520743225705766e-01
1.546052729431325878e-01
1.541540497863202464e-01
1.536022581729362124e-01
1.529537514237831464e-01
1.522123828596636808e-01
1.513820058013804482e-01
1.504664735697360811e-01
1.494696394855332677e-01
1.483953568695745573e-01
1.472474790426627211e-01
1.460298593256002808e-01
1.447463510391900077e-01
1.434008075042344510e-01
1.419970820415362434e-01
1.405390279718980451e-01
1.390304986161225442e-01
1.374753472950123456e-01
1.358774273293700818e-01
1.342405920399984409e-01
1.325686947476999999e-01
1.308655887732774470e-01
1.291351274375334146e-01
1.273811640612705354e-01
1.256075519652914418e-01
1.238181444703988637e-01
1.220167948973952948e-01
1.202073565670834926e-01
1.183936721459215580e-01
1.165785441206588502e-01
1.147628765316947436e-01
1.129473713814881236e-01
1.111327306724979869e-01
1.093196564071832327e-01
1.075088505880027467e-01
1.057010152174155393e-01
1.038968522978805237e-01
1.020970638318566132e-01
1.003023518218027627e-01
9.851341827017788544e-02
9.673096517944099193e-02
9.495569455205089826e-02
9.318830839046664261e-02
9.142950869714708273e-02
8.967999747455120130e-02
8.794047672513795322e-02
8.621164845136619626e-02
8.449421465569492695e-02
8.278887734058305858e-02
8.109633850848953218e-02
7.941730016187327490e-02
7.775246430319322777e-02
7.610253293490833182e-02
7.446820805947750033e-02
7.285019167935967432e-02
7.124918579701387811e-02
6.966589241489887230e-02
6.810101353547373670e-02
6.655525116119734297e-02
6.502930729452863212e-02
6.352388393792655907e-02
6.203968309385003016e-02
6.057740676475795866e-02
5.913775695310938274e-02
5.772143566136315324e-02
5.632903640458584993e-02
5.496058194567284699e-02
5.361590801525507877e-02
5.229485023547612854e-02
5.099724422847948246e-02
4.972292561640867525e-02
4.847173002140731796e-02
4.724349306561892448e-02
4.603805037118701565e-02
4.485523756025514008e-02
4.369489025496686718e-02
4.255684407746571085e-02
4.144093464989526132e-02
4.034699759439901862e-02
3.927486853312051746e-02
3.822438308820332725e-02
3.719537688179100354e-02
3.618768553602706023e-02
3.520114467305505285e-02
3.423558991501850918e-02
3.329085688406100557e-02
3.236678120232608369e-02
3.146319849195725049e-02
3.057994437509807192e-02
2.971685447389208271e-02
2.887376441048286266e-02
2.805050980701390834e-02
2.724692628562877875e-02
2.646284946847102248e-02
2.569811497768417080e-02
2.495255843541181046e-02
2.422601546379742066e-02
2.351832168498459164e-02
2.282931272111684076e-02
2.215882419433773398e-02
2.150669172679079214e-02
2.087274628505879359e-02
2.025673156551345208e-02
1.965831375806097528e-02
1.907715635841725904e-02
1.851292286229823045e-02
1.796527676541982699e-02
1.743388156349796186e-02
1.691840075224856563e-02
1.641849782738755148e-02
1.593383628463084650e-02
1.546407961969437778e-02
1.500889132829407932e-02
1.456793490614584526e-02
1.414087384896562521e-02
1.372737165246932199e-02
1.332709181237287654e-02
1.293969782439221075e-02
1.256485318424323608e-02
1.220222138764187787e-02
1.185146593030406842e-02
1.151225030794573133e-02
1.118423801628277807e-02
1.086709255103113919e-02
1.056047740790673657e-02
1.026405608262550249e-02
9.977492070903343224e-03
9.700448868456192780e-03
9.432589970999976509e-03
9.173578874250609347e-03
8.923079073924023580e-03
8.680754065736135880e-03
8.446267345402871593e-03
8.219282408640150861e-03
7.999462751163911173e-03
7.786471868690055323e-03
7.579973256934517331e-03
7.379630626831378340e-03
7.185165932728399159e-03
6.996437900111987865e-03
6.813324866223086258e-03
6.635705168302637007e-03
6.463457143591590584e-03
6.296459129330890525e-03
6.134589462761476895e-03
5.977726481124295832e-03
5.825748521660293472e-03
5.678533921610416819e-03
5.535961018215604205e-03
5.397908148716802634e-03
5.264253650354958243e-03
5.134875860371013699e-03
5.009653116005914272e-03
4.888463754500604365e-03
4.771186113096034451e-03
4.657698529033136789e-03
4.547879339552863588e-03
4.441606881896157516e-03
4.338759493303964709e-03
4.239215511017226969e-03
4.142853272276892165e-03
4.049551114323902967e-03
3.959187374399204644e-03
3.871640389743742899e-03
3.786788497598458231e-03
3.704510035204297645e-03
3.624683339802203808e-03
3.547186748633124592e-03
3.471898598938002230e-03
3.398697227957782861e-03
3.327460972933407850e-03
3.258068171105825937e-03
3.190397159715981524e-03
3.124326276004813809e-03
3.059742681729718094e-03
2.996595080268954579e-03
2.934858382240986083e-03
2.874507595103963174e-03
2.815517726316033378e-03
2.757863783335348130e-03
2.701520773620055826e-03
2.646463704628308333e-03
2.592667583818250143e-03
2.540107418648034424e-03
2.488758216575808271e-03
2.438594985059723986e-03
2.389592731557929096e-03
2.341726463528573301e-03
2.294971188429806731e-03
2.249301913719779951e-03
2.204693646856638756e-03
2.161121395298534580e-03
2.118560166503617986e-03
2.076984967930036504e-03
2.036370807035941134e-03
1.996692691279480271e-03
1.957925628118803614e-03
1.920044625012061728e-03
1.883024689417404311e-03
1.846840828792977807e-03
1.811468050596934300e-03
1.776881362287421971e-03
1.743055771322590732e-03
1.709966285160590934e-03
1.677587911259570321e-03
1.645895657077679460e-03
1.614864530073067614e-03
1.584469537703885348e-03
1.554685687428279976e-03
1.525487986704401845e-03
1.496851709110462838e-03
1.468759783966620174e-03
1.441203760754081317e-03
1.414175648809522755e-03
1.387667457469619458e-03
1.361671196071046397e-03
1.336178873950481143e-03
1.311182500444595415e-03
1.286674084890067002e-03
1.262645636623571524e-03
1.239089164981782868e-03
1.215996679301377956e-03
1.193360188919031541e-03
1.171171703171418809e-03
1.149423231395215817e-03
1.128106782927098400e-03
1.107214367103740446e-03
1.086737993261818226e-03
1.066669670738006927e-03
1.047001408868982386e-03
1.027725216991419357e-03
1.008833104441994111e-03
9.903170805573814021e-04
9.721691546742569591e-04
9.543813361292967281e-04
9.369456342591749205e-04
9.198540584005673740e-04
9.030986178901500346e-04
8.866713220645974390e-04
8.705641802605857500e-04
8.547692018147903716e-04
8.392783960638863826e-04
8.240837723445499459e-04
8.091773399934553811e-04
7.945511083472783093e-04
7.801970867426945679e-04
7.661072850358789351e-04
7.522746087002652555e-04
7.386946962965245875e-04
7.253637058848980872e-04
7.122777955256269109e-04
6.994331232789527571e-04
6.868258472051160229e-04
6.744521253643580815e-04
6.623081158169201975e-04
6.503899766230438525e-04
6.386938658429696606e-04
6.272159415369394286e-04
6.159523617651937706e-04
6.048992845879743851e-04
5.940528680655224282e-04
5.834092702580785141e-04
5.729646492258841243e-04
5.627151630291806319e-04
5.526569697282090847e-04
5.427862273832103138e-04
5.330990940544262343e-04
5.235917278020973519e-04
5.142602866864654735e-04
5.051009287677716468e-04
4.961098121062564861e-04
4.872830947621615812e-04
4.786169347957280342e-04
4.701074902671970013e-04
4.617509192368098015e-04
4.535433797648075367e-04
4.454810299114316343e-04
4.375600277369227084e-04
4.297765313015228369e-04
4.221266986654720918e-04
4.146066878890123882e-04
4.072126570323847199e-04
3.999407641558302973e-04
3.927873289930439811e-04
3.857501904398030583e-04
3.788280197575571344e-04
3.720194967335036852e-04
3.653233011548412163e-04
3.587381128087669324e-04
3.522626114824791224e-04
3.458954769631757500e-04
3.396353890380547245e-04
3.334810274943139012e-04
3.274310721191511894e-04
3.214842026997644445e-04
3.156390990233521178e-04
3.098944408771113599e-04
3.042489080482404054e-04
2.987011803239372721e-04
2.932499374913997070e-04
2.878938593378257819e-04
2.826316256504133521e-04
2.774619162163603813e-04
2.723834108228646704e-04
2.673947892571245624e-04
2.624947313063373706e-04
2.576819167577012754e-04
2.529550253984141862e-04
2.483127370156741208e-04
2.437537313966789073e-04
2.392766883286264010e-04
2.348802875987147010e-04
2.305632089941416353e-04
2.263241323021052218e-04
2.221617373098031803e-04
2.180747038044335555e-04
2.140617115731941486e-04
2.101214404032830316e-04
2.062525700818979783e-04
2.024537803962371150e-04
1.987237511334981885e-04
1.950611620808791896e-04
1.914646930255782173e-04
1.879330237547928017e-04
1.844648340557210689e-04
1.810588037155609013e-04
1.777136125215103167e-04
1.744279402607671161e-04
1.712004667205293173e-04
1.680298716879947485e-04
1.649148349503614004e-04
1.618540362948273179e-04
1.588461555085901122e-04
1.558898723788479097e-04
1.529838666927985384e-04
1.501268182376399890e-04
1.473174068005701711e-04
1.445543121687869938e-04
1.418362141294883397e-04
1.391617924698723349e-04
1.365297269771365907e-04
1.339386974384791521e-04
1.313873836410979826e-04
1.288744653721909646e-04
1.263986224189560346e-04
1.239585345685911290e-04
1.215528816082942523e-04
1.191803433252629750e-04
1.168395995066956943e-04
1.145293299397898997e-04
1.122482144117438934e-04
1.099949327097552056e-04
1.077681646210221792e-04
1.055665899327425068e-04
1.033888884321139217e-04
1.012337399063347669e-04
