0.000000000000000000e+00
-8.593210668166857344e-03
-1.546272484277084330e-02
-2.064882287887728415e-02
-2.419178513155153046e-02
-2.613189195585888941e-02
-2.650942370686472024e-02
-2.536466073963432322e-02
-2.273788340923308532e-02
-1.866937207072626864e-02
-1.319940707917927405e-02
-6.368268789657395741e-03
1.783762442774024411e-03
1.121640626304964278e-02
2.188938231610414176e-02
3.376241024687219594e-02
4.679520970028843568e-02
6.094750032128753992e-02
7.617900175480418756e-02
9.244943364577311307e-02
1.097185156391288219e-01
1.279459673798060970e-01
1.470915085127395550e-01
1.671148586828637983e-01
1.879757375351137905e-01
2.096338647144238287e-01
2.320489598657287933e-01
2.551807426339633977e-01
2.789889326640621059e-01
3.034332496009596314e-01
3.284734130895907711e-01
3.540691427748900999e-01
3.801801583017923591e-01
4.067661793152321237e-01
4.337869254601440239e-01
4.612021163814628011e-01
4.889714717241231412e-01
5.170547111330595635e-01
5.454115542532073091e-01
5.740017207295001755e-01
6.027849302068731818e-01
6.317209023302613469e-01
6.607693567445988014e-01
6.898900130948205645e-01
7.190425910258615438e-01
7.481868101826554263e-01
7.772823902101377858e-01
8.062890507532431972e-01
8.351665114569059023e-01
8.638744919660612531e-01
8.923727119256427143e-01
9.206208909805864149e-01
9.485787487758259307e-01
9.762060049562962805e-01
1.003462379166932372e+00
1.030307591052668670e+00
1.056701360258439859e+00
1.082603406429180071e+00
1.107976325044534027e+00
1.132800459212230271e+00
1.157062915577184548e+00
1.180750814098361801e+00
1.203851274734726307e+00
1.226351417445243230e+00
1.248238362188876849e+00
1.269499228924592327e+00
1.290121137611354163e+00
1.310091208208127966e+00
1.329396560673877126e+00
1.348024314967567694e+00
1.365961591048163060e+00
1.383195508874628832e+00
1.399713188405929953e+00
1.415501749601030701e+00
1.430548312418896018e+00
1.444839996818490402e+00
1.458363922758779685e+00
1.471107210198727033e+00
1.483056979097297834e+00
1.494200349413457474e+00
1.504524441106169785e+00
1.514016374134400156e+00
1.522663268457113084e+00
1.530452244033272846e+00
1.537370420821845496e+00
1.543404918781794199e+00
1.548542981653978190e+00
1.552782637676681343e+00
1.556140915608762221e+00
1.558636778301158321e+00
1.560289188604805810e+00
1.561117109370641520e+00
1.561139503449602506e+00
1.560375333692626043e+00
1.558843562950647854e+00
1.556563154074605881e+00
1.553553069915436069e+00
1.549832273324075471e+00
1.545419727151461142e+00
1.540334394248529470e+00
1.534595237466218398e+00
1.528221219655462537e+00
1.521231303667200496e+00
1.513644452352368663e+00
1.505479628561904093e+00
1.496755795146742507e+00
1.487491914957822070e+00
1.477706950846078504e+00
1.467419865662449530e+00
1.456649622257870869e+00
1.445415183483280908e+00
1.433735512189614703e+00
1.421629571227810196e+00
1.409116323448803998e+00
1.396214731703532497e+00
1.382943726471220991e+00
1.369321920211397092e+00
1.355367744878923641e+00
1.341099630356873407e+00
1.326536006528318934e+00
1.311695303276333657e+00
1.296595950483990567e+00
1.281256378034362653e+00
1.265695015810522461e+00
1.249930293695542760e+00
1.233980641572496983e+00
1.217864489324458344e+00
1.201600266834499164e+00
1.185206403985692658e+00
1.168701330661111815e+00
1.152103476743829624e+00
1.135431272116919077e+00
1.118703146663452719e+00
1.101937530266503984e+00
1.085152852809145418e+00
1.068367544174450678e+00
1.051600034245491644e+00
1.034868752905341971e+00
1.018192130037074206e+00
1.001588595523761560e+00
9.850765792484779126e-01
9.686745110942945880e-01
9.524008209442852424e-01
9.362739311101806461e-01
9.203084176619334977e-01
9.045087640704954079e-01
8.888778183969299196e-01
8.734184287022999094e-01
8.581334430476684760e-01
8.430257094940976081e-01
8.280980761026506265e-01
8.133533909343897417e-01
7.987945020503787186e-01
7.844242575116795457e-01
7.702455053793550999e-01
7.562610937144687018e-01
7.424738705780824510e-01
7.288866840312602235e-01
7.155023821350634528e-01
7.023238129505556815e-01
6.893538245387993424e-01
6.765952649608577563e-01
6.640509822777934668e-01
6.517238245506690175e-01
6.396166398405472853e-01
6.277322762084911467e-01
6.160735817155637006e-01
6.046434044228272686e-01
5.934445923913448384e-01
5.824799936821790647e-01
5.717524563563932682e-01
5.612648284750493266e-01
5.510197302679491482e-01
5.410159551116717758e-01
5.312491209845887630e-01
5.217147497487583108e-01
5.124083632662368437e-01
5.033254833990832289e-01
4.944616320093547235e-01
4.858123309591096395e-01
4.773731021104049010e-01
4.691394673252988756e-01
4.611069484658490980e-01
4.532710673941134361e-01
4.456273459721497021e-01
4.381713060620153755e-01
4.308984695257682684e-01
4.238043582254665820e-01
4.168844940231674623e-01
4.101343987809290548e-01
4.035495943608088942e-01
3.971256026248649040e-01
3.908579454351548965e-01
3.847421446537364065e-01
3.787737221426672463e-01
3.729481997640052282e-01
3.672610993798081092e-01
3.617079428521337015e-01
3.562842520430396509e-01
3.509855488145839919e-01
3.458073550288240927e-01
3.407454942926380626e-01
3.357969971921852537e-01
3.309591960584448711e-01
3.262294232223967860e-01
3.216050110150200925e-01
3.170832917672944395e-01
3.126615978101991988e-01
3.083372614747140195e-01
3.041076150918180510e-01
2.999699909924909424e-01
2.959217215077121210e-01
2.919601389684610693e-01
2.880825757057171033e-01
2.842863640504599831e-01
2.805688363336689140e-01
2.769273248863234338e-01
2.733591620394031918e-01
2.698616801238872820e-01
2.664322114707552980e-01
2.630680884109869444e-01
2.597666432755612598e-01
2.565252083954580598e-01
2.533411161016567159e-01
2.502116987251366553e-01
2.471342885968772773e-01
2.441062180478582033e-01
2.411248194090586938e-01
2.381874250114583980e-01
2.352913947503609549e-01
2.324349991646737223e-01
2.296176062617723557e-01
2.268386493866903775e-01
2.240975618844609218e-01
2.213937771001175669e-01
2.187267283786934191e-01
2.160958490652218622e-01
2.135005725047363634e-01
2.109403320422701400e-01
2.084145610228566037e-01
2.059226927915291383e-01
2.034641606933210445e-01
2.010383980732656228e-01
1.986448382763963405e-01
1.962829146477464981e-01
1.939520605323493130e-01
1.916517092752382245e-01
1.893812942214466444e-01
1.871402487160077899e-01
1.849280061039551004e-01
1.827439997303219044e-01
1.805876629401415023e-01
1.784584290784474725e-01
1.763557314902727546e-01
1.742790035206509269e-01
1.722276785146153455e-01
1.702011898171992554e-01
1.681989707734361517e-01
1.662204876129358133e-01
1.642654095057740904e-01
1.623334829616790431e-01
1.604244546426221996e-01
1.585380712105749490e-01
1.566740793275088750e-01
1.548322256553955056e-01
1.530122568562063134e-01
1.512139195919127710e-01
1.494369605244864618e-01
1.476811263158988030e-01
1.459461636281213504e-01
1.442318191231257152e-01
1.425378394628831480e-01
1.408639713093652879e-01
1.392099613245437184e-01
1.375755561703897734e-01
1.359605025088751196e-01
1.343645470019711741e-01
1.327874363116494094e-01
1.312289170998814092e-01
1.296887360286387292e-01
1.281666397598927032e-01
1.266623749556149425e-01
1.251756882777768920e-01
1.237063263883500935e-01
1.222540359493060752e-01
1.208185636226162957e-01
1.193996563032294483e-01
1.179970811842275119e-01
1.166106412206833892e-01
1.152401430079379729e-01
1.138853931413319476e-01
1.125461982162062197e-01
1.112223648279015570e-01
1.099136995717587689e-01
1.086200090431186788e-01
1.073410998373219710e-01
1.060767785497096632e-01
1.048268517756223428e-01
1.035911261104008885e-01
1.023694081493861235e-01
1.011615044879188019e-01
9.996722172133973294e-02
9.878636644498976771e-02
9.761874525420964621e-02
9.646416474434024724e-02
9.532243151072229692e-02
9.419335214869660466e-02
9.307673325360399375e-02
9.197238142078523193e-02
9.088010324558112862e-02
8.979970532333250710e-02
8.873099424938017676e-02
8.767377661906489150e-02
8.662785902772747459e-02
8.559304807070879095e-02
8.456915625987307394e-02
8.355605423101188090e-02
8.255364561045193394e-02
8.156183440317749112e-02
8.058052461417276879e-02
7.960962024842209439e-02
7.864902531090961491e-02
7.769864380661961611e-02
7.675837974053638380e-02
7.582813711764407882e-02
7.490781994292700086e-02
7.399733222136933852e-02
7.309657795795537760e-02
7.220546115766937612e-02
7.132388582549555045e-02
7.045175596641814475e-02
6.958897558542140316e-02
6.873544868748959757e-02
6.789107927760695826e-02
6.705577136075767386e-02
6.622942894192603014e-02
6.541195602609629900e-02
6.460325661825268295e-02
6.380323472337942614e-02
6.301179434646080046e-02
6.222883949248109170e-02
6.145427416642441909e-02
6.068800237327511005e-02
5.992992812802370312e-02
5.917996052888390562e-02
5.843802201252671497e-02
5.770403717699361390e-02
5.697793062032606437e-02
5.625962694056550056e-02
5.554905073575343993e-02
5.484612660393128891e-02
5.415077914314054414e-02
5.346293295142267449e-02
5.278251262681910028e-02
5.210944276737132508e-02
5.144364797112081777e-02
5.078505283610903337e-02
5.013358196037741299e-02
4.948915994196748103e-02
4.885171137892063004e-02
4.822116086927835665e-02
4.759743301108212282e-02
4.698045240237339742e-02
4.637014364119364240e-02
4.576643132558431276e-02
4.516924005358687738e-02
4.457849442324281208e-02
4.399411903259359963e-02
4.341603847968064644e-02
4.284417736254544917e-02
4.227846027922946281e-02
4.171881182777416319e-02
4.116515660622100531e-02
4.061741921261147192e-02
4.007552424498699722e-02
3.953939630138905703e-02
3.900895997985914798e-02
3.848413987843868345e-02
3.796486059516915312e-02
3.745104672809201896e-02
3.694262287524873595e-02
3.643951363468077298e-02
3.594164360442960587e-02
3.544893738253669657e-02
3.496131956704352090e-02
3.447871475599149915e-02
3.400104754742211410e-02
3.352824253937684157e-02
3.306022432989714349e-02
3.259691751702448181e-02
3.213824669880031848e-02
3.168413647326613625e-02
3.123451143846335196e-02
3.078929619243349347e-02
3.034841533321795681e-02
2.991179345885827678e-02
2.947935516739584941e-02
2.905102505687219561e-02
2.862672772532876345e-02
2.820638777080696977e-02
2.778992979134835631e-02
