0.000000000000000000e+00
2.863556568546695921e-02
5.560670059622809663e-02
8.095075598818039786e-02
1.047050831172208485e-01
1.269070332392463474e-01
1.475939576101539530e-01
1.668032074858405156e-01
1.845721341222031631e-01
2.009380887751385791e-01
2.159384227005440582e-01
2.296104871543164505e-01
2.419916333923526064e-01
2.531192126705496537e-01
2.630305762448044149e-01
2.717630753710140179e-01
2.793540613050752297e-01
2.858408853028851504e-01
2.912608986203407690e-01
2.956514525133389637e-01
2.990498982377768344e-01
3.014935870495511483e-01
3.030198702045589498e-01
3.036660989586972836e-01
3.034696245678631388e-01
3.024677982879533378e-01
3.006979713748649252e-01
2.981974950844947236e-01
2.950037206727399441e-01
2.911539993954974648e-01
2.866856825086642746e-01
2.816361212681371962e-01
2.760426669298132740e-01
2.699426707495896638e-01
2.633734839833629660e-01
2.563724578870304471e-01
2.489769437164889021e-01
2.412242927276354032e-01
2.331518561763668840e-01
2.247969853185802502e-01
2.161970314101725466e-01
2.073893457070407897e-01
1.984112794650817746e-01
1.893001839401926012e-01
1.800934103882702308e-01
1.708283100652115694e-01
1.615422342269135503e-01
1.522725341292733015e-01
1.430565610281876454e-01
1.339316661795535435e-01
1.249352008392680818e-01
1.161045162632280553e-01
1.074769637073306749e-01
9.908989442747259679e-02
9.098065967955096256e-02
8.318661071946285845e-02
7.574509880310499599e-02
6.869347518637453076e-02
6.206380773214017349e-02
5.585555891944423562e-02
5.005576546965146562e-02
4.465143964397402104e-02
3.962959370362372641e-02
3.497723990981268377e-02
3.068139052375279049e-02
2.672905780665605496e-02
2.310725401973452026e-02
1.980299142420007680e-02
1.680328228126478501e-02
1.409513885214055788e-02
1.166557339803943501e-02
9.501598180173346717e-03
7.590225459754323944e-03
5.918467497994313493e-03
4.473336556105316809e-03
3.241844895299301945e-03
2.211004776788259071e-03
1.367828461784181392e-03
6.993282114990308912e-04
1.925162871448035380e-04
-1.655950500665254860e-04
-3.879935389229710791e-04
-4.876669182125526933e-04
-4.776029267232860401e-04
-3.707893032431909238e-04
-1.802137865602841942e-04
8.117537501039755340e-05
4.038705406122929630e-04
7.844258569914264439e-04
1.220012509534163913e-03
1.707801683626854672e-03
2.244964564655865802e-03
2.828672338007545521e-03
3.456096189068265465e-03
4.124407303224369298e-03
4.830776865862230172e-03
5.572376062368188283e-03
6.346376078128623290e-03
7.149948098529881023e-03
7.980263308958320326e-03
8.834492894800285295e-03
9.709808041442159060e-03
1.060337993427029613e-02
1.151237975867104406e-02
1.243397870003075042e-02
1.336534794373580096e-02
1.430365867517254669e-02
1.524608207972733692e-02
1.618978934278654178e-02
1.713195164973647586e-02
1.806974018596356479e-02
1.900032613685413013e-02
1.992088068779453505e-02
2.082857502417111498e-02
2.172058033137027125e-02
2.259421884733598881e-02
2.344829675033860764e-02
2.428246248770989449e-02
2.509637417414536595e-02
2.588968992434045879e-02
2.666206785299067572e-02
2.741316607479146392e-02
2.814264270443830179e-02
2.885015585662669205e-02
2.953536364605208187e-02
3.019792418740996007e-02
3.083749559539577384e-02
3.145373598470503629e-02
3.204630347003320501e-02
3.261485616607574106e-02
3.315905218752814021e-02
3.367854964908585658e-02
3.417300666544438592e-02
3.464208135129918931e-02
3.508543182134575555e-02
3.550271619027953185e-02
3.589359257279600701e-02
3.625771908359066986e-02
3.659475383735897452e-02
3.690435494879640288e-02
3.718618053259842987e-02
3.743988870346053044e-02
3.766513757607816565e-02
3.786158591847011562e-02
3.802922438687892509e-02
3.816891451747302794e-02
3.828165896424836484e-02
3.836846038120076546e-02
3.843032142232618437e-02
3.846824474162048590e-02
3.848323299307957607e-02
3.847628883069932615e-02
3.844841490847567683e-02
3.840061388040448553e-02
3.833388840048165130e-02
3.824924112270308707e-02
3.814767470106469188e-02
3.803019178956235091e-02
3.789779504219194239e-02
3.775148711294938619e-02
3.759227065583056054e-02
3.742114832483137143e-02
3.723912277394772485e-02
3.704719665717549210e-02
3.684637262851057915e-02
3.663765334194887119e-02
3.642204145148628808e-02
3.620053961111870111e-02
3.597415047484203016e-02
3.574387669665213957e-02
3.551072093054495615e-02
3.527568583051635814e-02
3.503974613415163086e-02
3.480340767057699125e-02
3.456678718394599892e-02
3.432998964117651292e-02
3.409312000918639923e-02
3.385628325489352386e-02
3.361958434521573891e-02
3.338312824707091730e-02
3.314701992737690422e-02
3.291136435305157260e-02
3.267626649101278147e-02
3.244183130817839683e-02
3.220816377146627080e-02
3.197536884779426936e-02
3.174355150408025850e-02
3.151281670724209033e-02
3.128326942419763779e-02
3.105501462186474951e-02
3.082815726716130883e-02
3.060280232700514011e-02
3.037905476831415444e-02
3.015701955800616577e-02
2.993680166299905743e-02
2.971850605021069194e-02
2.950223768655892490e-02
2.928810153896162574e-02
2.907620257433664659e-02
2.886664575960186038e-02
2.865953606167512963e-02
2.845494921281230619e-02
2.825284400662133460e-02
2.805315000204815223e-02
2.785579675803869990e-02
2.766071383353891841e-02
2.746783078749475554e-02
2.727707717885213823e-02
2.708838256655701771e-02
2.690167650955533132e-02
2.671688856679301644e-02
2.653394829721601733e-02
2.635278525977027483e-02
2.617332901340171936e-02
2.599550911705630907e-02
2.581925512967996397e-02
2.564449661021864571e-02
2.547116311761828816e-02
2.529918421082482174e-02
2.512848944878419075e-02
2.495900839044235334e-02
2.479067059474521911e-02
2.462340562063875318e-02
2.445714302706888249e-02
2.429181237298156174e-02
2.412734321732271786e-02
2.396366511903829516e-02
2.380070763707423445e-02
2.363840033037648350e-02
2.347667370545942350e-02
2.331548957369155781e-02
2.315484747370387397e-02
2.299474919021557429e-02
2.283519650794582634e-02
2.267619121161383935e-02
2.251773508593878440e-02
2.235982991563984293e-02
2.220247748543621030e-02
2.204567958004706105e-02
2.188943798419160092e-02
2.173375448258899403e-02
2.157863085995843921e-02
2.142406890101911793e-02
2.127007039049022899e-02
2.111663711309094693e-02
2.096377085354044975e-02
2.081147339655793280e-02
2.065974652686258101e-02
2.050859202917357932e-02
2.035801168821011961e-02
2.020800728869137641e-02
2.005858061533654507e-02
1.990973345286481747e-02
1.976146758599536465e-02
1.961378479944737505e-02
1.946668687794004399e-02
1.932017560619254601e-02
1.917425276892407646e-02
1.902892046865301695e-02
1.888418276913075497e-02
1.874004448152533434e-02
1.859651041847606989e-02
1.845358539262227301e-02
1.831127421660327589e-02
1.816958170305839337e-02
1.802851266462695071e-02
1.788807191394826274e-02
1.774826426366165819e-02
1.760909452640644496e-02
1.747056751482195872e-02
1.733268804154752124e-02
1.719546091922243697e-02
1.705889096048603462e-02
1.692298297797764292e-02
1.678774178433656977e-02
1.665317219220214390e-02
1.651927901421369055e-02
1.638606706301051416e-02
1.625354115123195040e-02
1.612170609151732104e-02
1.599056669650593746e-02
1.586012777883712491e-02
1.573039415115020170e-02
1.560137062608448789e-02
1.547306201627931047e-02
1.534547313437398947e-02
1.521860876122879853e-02
1.509247090895509194e-02
1.496705671158141647e-02
1.484236280658884043e-02
1.471838583145839915e-02
1.459512242367116096e-02
1.447256922070816118e-02
1.435072286005046466e-02
1.422957997917911194e-02
1.410913721557515745e-02
1.398939120671966775e-02
1.387033859009366432e-02
1.375197600317821546e-02
1.363430008345437386e-02
1.351730746840318527e-02
1.340099479550570238e-02
1.328535870224297789e-02
1.317039582609606276e-02
1.305610280454600793e-02
1.294247627507386610e-02
1.282951287516068302e-02
1.271720924228751659e-02
1.260556201393541083e-02
1.249456782758542016e-02
1.238422332071859727e-02
1.227452513081599313e-02
1.216546989535866041e-02
1.205705425182763968e-02
1.194927483770400443e-02
1.184212850554546004e-02
1.173561422082297981e-02
1.162973214827506784e-02
1.152448246640513756e-02
1.141986535371659547e-02
1.131588098871285676e-02
1.121252954989733139e-02
1.110981121577342759e-02
1.100772616484455881e-02
1.090627457561413501e-02
1.080545662658555922e-02
1.070527249626225010e-02
1.060572236314761760e-02
1.050680640574507170e-02
1.040852480255801717e-02
1.031087773208987438e-02
1.021386537284404809e-02
1.011748790332395176e-02
1.002174550203299361e-02
9.926638347474581875e-03
9.832166618152130000e-03
9.738330492569047953e-03
9.645130149228750907e-03
9.552565766634641894e-03
9.460637523290134354e-03
9.369345597698645195e-03
9.278690168363575713e-03
9.188671413788341083e-03
9.099289510304588505e-03
9.010543530992289399e-03
8.922429653981583247e-03
8.834943588303461118e-03
8.748081042988919281e-03
8.661837727068952275e-03
8.576209349574561575e-03
8.491191619536733043e-03
8.406780245986468156e-03
8.322970937954756246e-03
8.239759404472595319e-03
8.157141354570981648e-03
8.075112497280911503e-03
7.993668541633377686e-03
7.912805196659373000e-03
7.832518171389898920e-03
7.752803174855946514e-03
7.673655916088508583e-03
7.595072104118582267e-03
7.517047447977165571e-03
7.439577656695248696e-03
7.362658439303833117e-03
7.286285504833904698e-03
7.210454562316468384e-03
7.135161320782516976e-03
7.060401489263040675e-03
6.986170776789036620e-03
6.912464892391500214e-03
6.839279545101426862e-03
6.766610443949812835e-03
6.694453297967653538e-03
6.622803816185940037e-03
6.551657707635672075e-03
6.481010681347844186e-03
6.410858446353448307e-03
6.341196711683481577e-03
6.272021186368938531e-03
6.203327579440813706e-03
6.135111599930103375e-03
6.067368956867802941e-03
6.000095359284907809e-03
5.933286516212415117e-03
5.866938136681312463e-03
5.801045929722599588e-03
5.735605604367271897e-03
5.670612869646324793e-03
5.606063434590752813e-03
5.541953008231551361e-03
5.478277299599716710e-03
5.415032017726237323e-03
5.352212871642119882e-03
5.289815570378345912e-03
5.227835822965924695e-03
5.166269338435837757e-03
5.105111825819091780e-03
5.044358994146677828e-03
4.984006552449583502e-03
4.924050209758816347e-03
