0.000000000000000000e+00
1.331923412715881267e-03
4.377110106917825316e-03
9.083562988327921126e-03
1.539928496266827589e-02
2.327227893566096925e-02
3.265054781302810516e-02
4.348209450049178582e-02
5.571492190377409087e-02
6.929703292859709651e-02
8.417643048068296219e-02
1.003011174657537224e-01
1.176190967895314882e-01
1.360783713577383702e-01
1.556269440760964518e-01
1.762128178503278297e-01
1.977839955861546428e-01
2.202884801892988631e-01
2.436742745654826015e-01
2.678893816204281353e-01
2.928818042598574367e-01
3.185995453894924778e-01
3.449906079150555915e-01
3.720029947422687777e-01
3.995847087768540362e-01
4.276837529245334779e-01
4.562481300910292692e-01
4.852258431820637985e-01
5.145648951033585661e-01
5.442132887606360159e-01
5.741190270596180367e-01
6.042301129060271281e-01
6.344945492055850123e-01
6.648603388640136336e-01
6.952754847870356025e-01
7.256879898803728635e-01
7.560458570497471387e-01
7.862970892008809276e-01
8.163896892394963967e-01
8.462716600713152681e-01
8.758910046020597084e-01
9.051999657103548813e-01
9.341677461664363857e-01
9.627677887134433732e-01
9.909735360945146621e-01
1.018758431052789071e+00
1.046095916331404974e+00
1.072959434673502077e+00
1.099322428822218090e+00
1.125158341520692939e+00
1.150440615512064779e+00
1.175142693539472205e+00
1.199238018346054924e+00
1.222700032674950865e+00
1.245502179269299514e+00
1.267617900872239245e+00
1.289020640226909320e+00
1.309683840076447670e+00
1.329580943163994000e+00
1.348685392232686686e+00
1.366970630025664768e+00
1.384414508656401921e+00
1.401012517719708805e+00
1.416764556180731827e+00
1.431670523004617612e+00
1.445730317156511902e+00
1.458943837601559768e+00
1.471310983304908726e+00
1.482831653231704072e+00
1.493505746347091989e+00
1.503333161616218216e+00
1.512313798004229382e+00
1.520447554476271224e+00
1.527734329997489482e+00
1.534174023533031228e+00
1.539766534048041091e+00
1.544511760507666143e+00
1.548409601877052122e+00
1.551459957121345212e+00
1.553662725205690931e+00
1.555017805095236350e+00
1.555528381949075056e+00
1.555210785702096254e+00
1.554084632483135886e+00
1.552169538421032335e+00
1.549485119644622211e+00
1.546050992282742786e+00
1.541886772464230226e+00
1.537012076317922915e+00
1.531446519972657239e+00
1.525209719557270027e+00
1.518321291200598333e+00
1.510800851031480319e+00
1.502668015178751482e+00
1.493942399771250429e+00
1.484643620937812436e+00
1.474791294807275888e+00
1.464405037508477836e+00
1.453504465170254667e+00
1.442109193921443877e+00
1.430238839890882740e+00
1.417913374617648437e+00
1.405154191281783538e+00
1.391983038473570966e+00
1.378421664783293199e+00
1.364491818801232714e+00
1.350215249117672656e+00
1.335613704322895945e+00
1.320708933007185504e+00
1.305522683760823810e+00
1.290076705174093785e+00
1.274392745837278129e+00
1.258492554340659542e+00
1.242397879274521388e+00
1.226130469229145481e+00
1.209712072794815629e+00
1.193164438561813645e+00
1.176509315120423560e+00
1.159768451060927408e+00
1.142963594973607666e+00
1.126116495448747701e+00
1.109247277433305756e+00
1.092369571300942477e+00
1.075495383781992276e+00
1.058636721606792008e+00
1.041805591505676754e+00
1.025014000208982923e+00
1.008273954447045151e+00
9.915974609502001824e-01
9.749965264487830963e-01
9.584831576731303038e-01
9.420693613535774391e-01
9.257671442204590262e-01
9.095885130041119204e-01
8.935454744348714229e-01
8.776500352430738339e-01
8.619142021590540104e-01
8.463499819131479196e-01
8.309693812356914178e-01
8.157844068570203611e-01
8.008070655074706057e-01
7.860475491828874395e-01
7.715087909411569855e-01
7.571919091056762419e-01
7.430980219998410963e-01
7.292282479470473255e-01
7.155837052706915946e-01
7.021655122941706795e-01
6.889747873408806900e-01
6.760126487342169588e-01
6.632802147975767060e-01
6.507786038543560414e-01
6.385089342279508529e-01
6.264723242417583604e-01
6.146698922191735637e-01
6.031027564835935717e-01
5.917720353584144943e-01
5.806788471670327745e-01
5.698243102328444110e-01
5.592095428792456246e-01
5.488356634296327474e-01
5.387029055440492042e-01
5.288079642291267923e-01
5.191466498281434028e-01
5.097147726843778148e-01
5.005081431411085857e-01
4.915225715416143837e-01
4.827538682291733774e-01
4.741978435470643460e-01
4.658503078385656249e-01
4.577070714469560486e-01
4.497639447155137860e-01
4.420167379875173941e-01
4.344612616062455412e-01
4.270933259149766736e-01
4.199087412569894595e-01
4.129033179755620675e-01
4.060728664139732214e-01
3.994131969155014783e-01
3.929201198234255066e-01
3.865894454810234748e-01
3.804170063199940333e-01
3.743987231257160930e-01
3.685305387719883807e-01
3.628083961326099005e-01
3.572282380813791014e-01
3.517860074920950431e-01
3.464776472385566186e-01
3.412991001945627767e-01
3.362463092339118553e-01
3.313152172304029697e-01
3.265017670578349573e-01
3.218019015900066560e-01
3.172115637007167921e-01
3.127266962637642034e-01
3.083432421529477829e-01
3.040571442420663129e-01
2.998643454049185197e-01
2.957607885153034077e-01
2.917424164470198700e-01
2.878051720738664665e-01
2.839453281718397060e-01
2.801604771257270032e-01
2.764485412225130001e-01
2.728074427491827270e-01
2.692351039927209921e-01
2.657294472401128260e-01
2.622883947783428704e-01
2.589098688943961002e-01
2.555917918752574347e-01
2.523320860079116268e-01
2.491286735793437068e-01
2.459794768765383999e-01
2.428824181864806253e-01
2.398354197961552470e-01
2.368364039925472675e-01
2.338832930626413564e-01
2.309740092934226274e-01
2.281064749718757501e-01
2.252786123849856992e-01
2.224883438197372554e-01
2.197338218652178377e-01
2.170141203189246415e-01
2.143285432804572788e-01
2.116763948494155279e-01
2.090569791253989729e-01
2.064696002080074200e-01
2.039135621968402867e-01
2.013881691914974348e-01
1.988927252915785315e-01
1.964265345966830778e-01
1.939889012064109075e-01
1.915791292203617435e-01
1.891965227381350589e-01
1.868403858593307709e-01
1.845100226835483248e-01
1.822047373103874435e-01
1.799238338394478776e-01
1.776666163703291557e-01
1.754323890026311394e-01
1.732204558359533575e-01
1.710301911255650842e-01
1.688612497494136333e-01
1.667133567411159811e-01
1.645862371342888264e-01
1.624796159625492287e-01
1.603932182595139977e-01
1.583267690588000542e-01
1.562799933940242636e-01
1.542526162988035465e-01
1.522443628067547405e-01
1.502549579514948219e-01
1.482841267666406837e-01
1.463315942858090801e-01
1.443970855426169597e-01
1.424803255706812710e-01
1.405810394036188238e-01
1.386989520750465388e-01
1.368337886185813090e-01
1.349852740678400553e-01
1.331531334564395874e-01
1.313371018609457153e-01
1.295369545297188896e-01
1.277524767540685058e-01
1.259834538253040703e-01
1.242296710347348815e-01
1.224909136736704873e-01
1.207669670334201029e-01
1.190576164052931929e-01
1.173626470805992084e-01
1.156818443506475586e-01
1.140149935067475140e-01
1.123618798402084978e-01
1.107222886423399194e-01
1.090960052044512019e-01
1.074828148178517684e-01
1.058825027738509589e-01
1.042948543637581549e-01
1.027196548788828073e-01
1.011566896105343255e-01
9.960574385002199382e-02
9.806660318191141867e-02
9.653905436379260629e-02
9.502288444651167676e-02
9.351788048091481953e-02
9.202382951784816856e-02
9.054051860815789943e-02
8.906773480269015997e-02
8.760526515229102862e-02
8.615289670780675035e-02
8.471041652008337586e-02
8.327761163996712235e-02
8.185426911830415153e-02
8.044017600594058348e-02
7.903511935372255215e-02
7.763888621249623312e-02
7.625126363310784361e-02
7.487203866640340655e-02
7.350099836322909752e-02
7.213792977443111987e-02
7.078261995085559366e-02
6.943485948927369256e-02
6.809445317015659638e-02
6.676120931990055241e-02
6.543493626490176629e-02
6.411544233155652694e-02
6.280253584626094288e-02
6.149602513541127524e-02
6.019571852540373663e-02
5.890142434263458820e-02
5.761295091349998704e-02
5.633010656439622205e-02
5.505269962171946418e-02
5.378053841186591910e-02
5.251343126123191041e-02
5.125118649621353273e-02
4.999361244320703335e-02
4.874051742860866648e-02
4.749170977881461697e-02
4.624699782022113209e-02
4.500618987922443831e-02
4.376912295374096873e-02
4.253574872776821891e-02
4.130604755682396739e-02
4.007999979642581229e-02
3.885758580209153906e-02
3.763878592933887768e-02
3.642358053368553034e-02
3.521194997064922005e-02
3.400387459574768373e-02
3.279933476449863744e-02
3.159831083241979727e-02
3.040078315502894521e-02
2.920673208784367592e-02
2.801613798638179220e-02
2.682898120616099627e-02
2.564524210269902155e-02
2.446490103151358758e-02
2.328793834812240698e-02
2.211433440804319930e-02
2.094406956679375348e-02
1.977718872875908890e-02
1.861399499379406963e-02
1.745485601062092204e-02
1.630013942796185861e-02
1.515021289453910742e-02
1.400544405907489486e-02
1.286620057029142991e-02
1.173285007691094416e-02
1.060576022765570385e-02
9.485298671247836474e-03
8.371833056409611756e-03
7.265731031863250852e-03
6.167360246330974051e-03
5.077088348535010315e-03
3.995282987197575596e-03
2.922311811040891483e-03
1.858542468787182820e-03
8.043426091587161904e-04
-2.399201191223767509e-04
-1.273878067333827956e-03
-2.297131107670355270e-03
-3.309149195994412485e-03
-4.309369809085390225e-03
-5.297230423722682803e-03
-6.272168516685680192e-03
-7.233621564753775837e-03
-8.181027044706322415e-03
-9.113822433322794903e-03
-1.003144520738253817e-02
-1.093333284366495260e-02
-1.181892281894942470e-02
-1.268765261001534791e-02
-1.353895969364211742e-02
-1.437228154660911798e-02
-1.518705564569574826e-02
-1.598271946768136526e-02
-1.675871048934542487e-02
-1.751446618746729453e-02
-1.824942403882636247e-02
-1.896302152020201692e-02
-1.965469610837364961e-02
-2.032388528012065571e-02
-2.097002651222243733e-02
-2.159255728145834108e-02
-2.219091506460782459e-02
-2.276453733845024835e-02
-2.331286157976500406e-02
-2.383532526533148344e-02
-2.433136587192909206e-02
-2.480042087633720430e-02
-2.524192775533520491e-02
-2.565532398570253420e-02
-2.604004704421851446e-02
-2.639553440766261375e-02
-2.672122355281414396e-02
-2.701655195645256621e-02
-2.728095709535722710e-02
-2.751387644630753221e-02
-2.771474748608291142e-02
-2.788300769146269051e-02
