0.000000000000000000e+00
1.724745803869355207e-02
3.386579059230743205e-02
4.986453109032386311e-02
6.525321296222505452e-02
8.004136963749322597e-02
9.423853454561056942e-02
1.078542411160594156e-01
1.208980227783218314e-01
1.333794129618800506e-01
1.453079450962163899e-01
1.566931526108130412e-01
1.675445689351521827e-01
1.778717274987160479e-01
1.876841617309868426e-01
1.969914050614468559e-01
2.058029909195781548e-01
2.141284527348631117e-01
2.219773239367838491e-01
2.293591379548226006e-01
2.362834282184616275e-01
2.427597281571831911e-01
2.487975712004693585e-01
2.544064907778024742e-01
2.595960203186646886e-01
2.643756932525382908e-01
2.687550430089054032e-01
2.727436030172483705e-01
2.763509067070491487e-01
2.795864875077901934e-01
2.824598788489538492e-01
2.849806141600220166e-01
2.871582268704769847e-01
2.890022504098010980e-01
2.905222182074765347e-01
2.917276636929855838e-01
2.926281202958102012e-01
2.932331214454328427e-01
2.935522005713356863e-01
2.935948911030009101e-01
2.933707264699107475e-01
2.928892401015473212e-01
2.921599654273930868e-01
2.911924358769300003e-01
2.899961848796404063e-01
2.885807458650065382e-01
2.869556522625105743e-01
2.851304375016348036e-01
2.831146350118613486e-01
2.809177782226724429e-01
2.785494005635503201e-01
2.760190354639772692e-01
2.733362163534353573e-01
2.705104766614069289e-01
2.675513498173741622e-01
2.644683692508192907e-01
2.612710683912244924e-01
2.579689806680720565e-01
2.545716395108440500e-01
2.510885783490229284e-01
2.475293306120907033e-01
2.439034297295296361e-01
2.402204091308220435e-01
2.364898022454500204e-01
2.327211425028958280e-01
2.289239633326417278e-01
2.251077981641698700e-01
2.212821804269625436e-01
2.174566435505019546e-01
2.136407209642702254e-01
2.098439460977496729e-01
2.060758523804224751e-01
2.023459732417709211e-01
1.986638073080214950e-01
1.950354553764472310e-01
1.914608168197776961e-01
1.879391310378955571e-01
1.844696374306836750e-01
1.810515753980246612e-01
1.776841843398012932e-01
1.743667036558963213e-01
1.710983727461924397e-01
1.678784310105723987e-01
1.647061178489188926e-01
1.615806726611147270e-01
1.585013348470426520e-01
1.554673438065853064e-01
1.524779389396254958e-01
1.495323596460458593e-01
1.466298453257292300e-01
1.437696353785583858e-01
1.409509692044158824e-01
1.381730862031846363e-01
1.354352257747472033e-01
1.327366273189864443e-01
1.300765302357850817e-01
1.274541739250258376e-01
1.248687977865913790e-01
1.223196412203644973e-01
1.198059436262279287e-01
1.173269444040644788e-01
1.148818829537566893e-01
1.124699986751874631e-01
1.100905309682394667e-01
1.077427192327953948e-01
1.054258028687380944e-01
1.031390212759502045e-01
1.008816138543144197e-01
9.865282000371361493e-02
9.645187912403042907e-02
9.427814337974568804e-02
9.213155818989085533e-02
9.001226337966446167e-02
8.792039888702966877e-02
8.585610464994961055e-02
8.381952060638737934e-02
8.181078669430622008e-02
7.983004285166922509e-02
7.787742901643955606e-02
7.595308512658031919e-02
7.405715112005470391e-02
7.218976693482581641e-02
7.035107250885687391e-02
6.854120778011098258e-02
6.676031268655124862e-02
6.500852716614086146e-02
6.328599115684298282e-02
6.159284459662073968e-02
5.992922742343723824e-02
5.829527957525565407e-02
5.669114099003916274e-02
5.511695160575090513e-02
5.357285136035396661e-02
5.205898019181156439e-02
5.057547803808677689e-02
4.912248483714283520e-02
4.770014052694282469e-02
4.630858504544987930e-02
4.494795833062719542e-02
4.361840032043786536e-02
4.232005095284513407e-02
4.105305016581200367e-02
3.981753789730172605e-02
3.861365408527740045e-02
3.744153866770222328e-02
3.630133158253925907e-02
3.519315260659267725e-02
3.411674358827305326e-02
3.307151073002840419e-02
3.205684856696917884e-02
3.107215163420594395e-02
3.011681446684923852e-02
2.919023160000958766e-02
2.829179756879752691e-02
2.742090690832357097e-02
2.657695415369825537e-02
2.575933384003212603e-02
2.496744050243571503e-02
2.420066867601952665e-02
2.345841289589411724e-02
2.274006769716999804e-02
2.204502761495771845e-02
2.137268718436781748e-02
2.072244094051080288e-02
2.009368341849719977e-02
1.948580915343756798e-02
1.889821268044243260e-02
1.833028853462230490e-02
1.778143125108772385e-02
1.725103536494922846e-02
1.673849541131735424e-02
1.624320592530261245e-02
1.576456144201555248e-02
1.530195649656669946e-02
1.485478562406657502e-02
1.442244335962573377e-02
1.400432423835468003e-02
1.359982279536395972e-02
1.320833356576409968e-02
1.282925108466564414e-02
1.246196988717910258e-02
1.210588450841501573e-02
1.176038989140955164e-02
1.142499137407412997e-02
1.109945353106187721e-02
1.078357810924948645e-02
1.047716685551366989e-02
1.018002151673113448e-02
9.891943839778585476e-03
9.612735571532719445e-03
9.342198458870250299e-03
9.080134248667874608e-03
8.826344687802309755e-03
8.580631523150250572e-03
8.342796501588405772e-03
8.112641369993482329e-03
7.889967875242175077e-03
7.674577764211205737e-03
7.466272783777266539e-03
7.264854680817079205e-03
7.070125202207323822e-03
6.881886094824718643e-03
6.699939105545968908e-03
6.524085981247781593e-03
6.354128468806856736e-03
6.189868315099903914e-03
6.031107267003624900e-03
5.877647071394727536e-03
5.729289475149917932e-03
5.585836225145896991e-03
5.447089068259369088e-03
5.312849751367042066e-03
5.182920021345620298e-03
5.057101625071809894e-03
4.935196309422316963e-03
4.817005821273841540e-03
4.702331907503095806e-03
4.590976314986783269e-03
4.482740790601603097e-03
4.377439816257490748e-03
4.274976687182514661e-03
4.175292519382432614e-03
4.078328568616450787e-03
3.984026090643778828e-03
3.892326341223625516e-03
3.803170576115198764e-03
3.716500051077709522e-03
3.632256021870358328e-03
3.550379744252358735e-03
3.470812473982916920e-03
3.393495466821243832e-03
3.318369978526545649e-03
3.245377264858029850e-03
3.174458581574906516e-03
3.105555184436385729e-03
3.038608329201669764e-03
2.973559271629969136e-03
2.910349267480493926e-03
2.848919572512450746e-03
2.789211442485047942e-03
2.731166133157494728e-03
2.674724900288997717e-03
2.619828999638766556e-03
2.566419686966010891e-03
2.514438218029934301e-03
2.463825848589747299e-03
2.414523834404658231e-03
2.366473431233875012e-03
2.319615894836607288e-03
2.273892480972060804e-03
2.229244445399445641e-03
2.185613043877968412e-03
2.142939532166840931e-03
2.101165166025266342e-03
2.060231201212455159e-03
2.020079659511987268e-03
1.980674599696591407e-03
1.942004893600465538e-03
1.904060736747924774e-03
1.866832324663285532e-03
1.830309852870859889e-03
1.794483516894966862e-03
1.759343512259916144e-03
1.724880034490026103e-03
1.691083279109611417e-03
1.657943441642985901e-03
1.625450717614464668e-03
1.593595302548363917e-03
1.562367391968997243e-03
1.531757181400680195e-03
1.501754866367728536e-03
1.472350642394454996e-03
1.443534705005175773e-03
1.415297249724205763e-03
1.387628472075859648e-03
1.360518567584452759e-03
1.333957731774299341e-03
1.307936160169715159e-03
1.282444048295014244e-03
1.257471591674513226e-03
1.233008985832525052e-03
1.209046426293365053e-03
1.185574108581348776e-03
1.162582228220790251e-03
1.140060980736005460e-03
1.118000561651308865e-03
1.096391166491015147e-03
1.075222990779440722e-03
1.054486230040898101e-03
1.034171079799703265e-03
1.014267735580171330e-03
9.947663933215535048e-04
9.756579643143006115e-04
9.569355428318381939e-04
9.385926380844827411e-04
9.206227592825496579e-04
9.030194156363568429e-04
8.857761163562182915e-04
8.688863706524507097e-04
8.523436877353706949e-04
8.361415768152944111e-04
8.202735471025373714e-04
8.047331078074160650e-04
7.895137681402464389e-04
7.746090373113449822e-04
7.600124245310281839e-04
7.457174390096106900e-04
7.317175899574096401e-04
7.180063865847413065e-04
7.045773381019209856e-04
6.914239537192653834e-04
6.785397426470906636e-04
6.659182140957126649e-04
6.535528772754478763e-04
6.414372413966124616e-04
6.295648156695218258e-04
6.179291093044923496e-04
6.065236315118403051e-04
5.953418915018820730e-04
5.843773984849331667e-04
5.736236616713100752e-04
5.630741902713290708e-04
5.527224934953058836e-04
5.425620805535574364e-04
5.325864606563983751e-04
5.227891430141460563e-04
5.131636368371159931e-04
5.037034513356246747e-04
4.944023968370140016e-04
4.852571131100590312e-04
4.762657902057244440e-04
4.674266340541922407e-04
4.587378505856457771e-04
4.501976457302671081e-04
4.418042254182394813e-04
4.335557955797449516e-04
4.254505621449666580e-04
4.174867310440871977e-04
4.096625082072891675e-04
4.019760995647551644e-04
3.944257110466684361e-04
3.870095485832107662e-04
3.797258181045654025e-04
3.725727255409148333e-04
3.655484768224416558e-04
3.586512778793287922e-04
3.518793346417587310e-04
3.452308530399142861e-04
3.387040390039779462e-04
3.322970984641329044e-04
3.260082373505611072e-04
3.198356615934454771e-04
3.137775771229687192e-04
3.078321898693137017e-04
3.019977057626628048e-04
2.962723307331989507e-04
2.906542707111046280e-04
2.851417316265627048e-04
2.797329194097558864e-04
2.744260399908664987e-04
2.692192993000774642e-04
2.641109032675713797e-04
2.590990578235309507e-04
2.541819688981388826e-04
2.493578424215777724e-04
2.446248843240303797e-04
2.399813005356793828e-04
2.354252969867075957e-04
2.309550796072973441e-04
2.265688543276314420e-04
2.222648270778925948e-04
2.180412037882635350e-04
2.138961903889268596e-04
2.098279928100653011e-04
2.058348169818614837e-04
2.019148688344980585e-04
1.980663542981579749e-04
1.942874793030234775e-04
1.905764497792775158e-04
1.869314716571026324e-04
1.833507508666815328e-04
1.798324933381969496e-04
1.763749050018315610e-04
1.729761917877679369e-04
1.696345596261890538e-04
1.663482144472771293e-04
1.631153621812151398e-04
1.599342087581856551e-04
1.568029601083714079e-04
1.537198221619550222e-04
1.506830008491191763e-04
1.476907021000467383e-04
1.447411318449199258e-04
1.418324960139220132e-04
1.389630005372350556e-04
1.361308513450422734e-04
1.333342543675259111e-04
1.305714155348690266e-04
1.278405407772541355e-04
1.251398360248635910e-04
1.224675072078806404e-04
