0.000000000000000000e+00
-3.542585742890525576e-03
-6.795298940705405896e-03
-9.761853817545755943e-03
-1.244596459751269243e-02
-1.485134550470731951e-02
-1.698171076323076387e-02
-1.884077459718411923e-02
-2.043225123066852791e-02
-2.175985488778506283e-02
-2.282729979263488015e-02
-2.363830016931907363e-02
-2.419657024193874739e-02
-2.450582423459503334e-02
-2.456977637138903214e-02
-2.439214087642187223e-02
-2.397663197379464040e-02
-2.332696388760847200e-02
-2.244685084196447813e-02
-2.134000706096375946e-02
-2.001014676870745829e-02
-1.846098418929666141e-02
-1.669623354683247990e-02
-1.471960906541605434e-02
-1.253482496914846978e-02
-1.014559548213085811e-02
-7.555634828464320892e-03
-4.768657232249960513e-03
-1.788376917588920152e-03
1.381491891417694316e-03
4.737234970668783955e-03
8.275138096063219470e-03
1.199148704349990539e-02
1.588256758887770376e-02
1.994466550809552777e-02
2.417406657705224379e-02
2.856705657164674422e-02
3.311992126777791451e-02
3.782894644134467133e-02
4.269041786824584461e-02
4.770062132438035452e-02
5.285584258564708648e-02
5.815236742794492597e-02
6.358648162717274455e-02
6.915447095922948317e-02
7.485262120001393016e-02
8.067721812542504034e-02
8.662454751136169917e-02
9.269089513372277822e-02
9.887254676840721845e-02
1.051657881913137527e-01
1.115669051783414745e-01
1.180721835053890889e-01
1.246779089483556063e-01
1.313803672831398706e-01
1.381758442856407254e-01
1.450606257317571535e-01
1.520309973973879014e-01
1.590824345372869875e-01
1.662054104400675636e-01
1.733884921686870972e-01
1.806202430336902587e-01
1.878892263456216905e-01
1.951840054150259518e-01
2.024931435524479628e-01
2.098052040684321440e-01
2.171087502735232211e-01
2.243923454782660309e-01
2.316445529932049940e-01
2.388539361288849749e-01
2.460090581958504496e-01
2.530984825046462827e-01
2.601107723658169779e-01
2.670344910899072888e-01
2.738582019874617468e-01
2.805704683690252721e-01
2.871598535451423961e-01
2.936149208263576504e-01
2.999242335232158996e-01
3.060763549462617306e-01
3.120598484060397304e-01
3.178632772130947082e-01
3.234752046779713064e-01
3.288841941112140566e-01
3.340788088233678232e-01
3.390476121249770269e-01
3.437792212900902533e-01
3.482669551630035443e-01
3.525124159858111783e-01
3.565180491803501828e-01
3.602863001684575850e-01
3.638196143719706899e-01
3.671204372127266358e-01
3.701912141125626166e-01
3.730343904933155486e-01
3.756524117768229587e-01
3.780477233849217633e-01
3.802227707394491008e-01
3.821799992622421649e-01
3.839218543751382051e-01
3.854507814999743598e-01
3.867692260585875452e-01
3.878796334728152884e-01
3.887844491644943945e-01
3.894861185554622796e-01
3.899870870675558598e-01
3.902898001226126623e-01
3.903967031424694367e-01
3.903102415489635435e-01
3.900328607639319545e-01
3.895670062092122521e-01
3.889151233066412416e-01
3.880796574780560615e-01
3.870630541452939610e-01
3.858677587301920231e-01
3.844964034006040365e-01
3.829534549172490809e-01
3.812444213366344425e-01
3.793748226670121126e-01
3.773501789166342490e-01
3.751760100937531761e-01
3.728578362066206076e-01
3.704011772634892008e-01
3.678115532726107251e-01
3.650944842422372827e-01
3.622554901806213090e-01
3.593000910960148508e-01
3.562338069966698995e-01
3.530621578908386682e-01
3.497906637867732038e-01
3.464248446927257752e-01
3.429702206169485956e-01
3.394323115676935454e-01
3.358166375532128933e-01
3.321287185817588528e-01
3.283740746615834705e-01
3.245582258009389043e-01
3.206866920080771455e-01
3.167649932912505184e-01
3.127986496587111254e-01
3.087931811187111242e-01
3.047541076795025061e-01
3.006869493493375955e-01
2.965972248458647043e-01
2.924897972600792873e-01
2.883678093083132388e-01
2.842341249365109568e-01
2.800916080906163952e-01
2.759431227165741185e-01
2.717915327603278031e-01
2.676397021678221244e-01
2.634904948850008144e-01
2.593467748578083820e-01
2.552114060321890032e-01
2.510872523540864654e-01
2.469771777694454162e-01
2.428840462242098375e-01
2.388107216643240716e-01
2.347600680357320169e-01
2.307349492843779881e-01
2.267382293562061335e-01
2.227727721971606845e-01
2.188414417531859002e-01
2.149471019702257346e-01
2.110926167942245302e-01
2.072808501711264628e-01
2.035146660468757362e-01
1.997969283674164154e-01
1.961305010786927316e-01
1.925182481266488610e-01
1.889630334572291182e-01
1.854677210163774848e-01
1.820350668943103156e-01
1.786660155420651819e-01
1.753600081714724312e-01
1.721164404927274516e-01
1.689347082160252977e-01
1.658142070515613298e-01
1.627543327095307968e-01
1.597544809001290034e-01
1.568140473335510598e-01
1.539324277199922986e-01
1.511090177696480241e-01
1.483432131927133746e-01
1.456344096993838211e-01
1.429820029998543074e-01
1.403853888043203046e-01
1.378439628229770064e-01
1.353571207660197173e-01
1.329242583436435476e-01
1.305447712660438575e-01
1.282180552434158960e-01
1.259435059859549677e-01
1.237205192038561552e-01
1.215484906073148463e-01
1.194268159065262486e-01
1.173548908116856526e-01
1.153321110329882659e-01
1.133578722806293654e-01
1.114315702648042833e-01
1.095526006957081439e-01
1.077202870470527346e-01
1.059336638466160524e-01
1.041916933856925354e-01
1.024933379555767049e-01
1.008375598475629714e-01
9.922332135294585631e-02
9.764958476301978385e-02
9.611531236907930320e-02
9.461946646241875536e-02
9.316100933433268949e-02
9.173890327611557149e-02
9.035211057906186727e-02
8.899959353446601495e-02
8.768031443362256372e-02
8.639323556782588232e-02
8.513731922837051991e-02
8.391152770655098403e-02
8.271482329366160180e-02
8.154616828099690851e-02
8.040452495985145331e-02
7.928885562151957722e-02
7.819812255729582939e-02
7.713128805847467573e-02
7.608731441635054049e-02
7.506516392221795897e-02
7.406379886737139706e-02
7.308218154310525128e-02
7.211927424071405690e-02
7.117404831943997812e-02
7.024577471665044426e-02
6.933408540837264489e-02
6.843863386502850588e-02
6.755907355703986983e-02
6.669505795482862098e-02
6.584624052881657419e-02
6.501227474942561368e-02
6.419281408707765146e-02
6.338751201219448850e-02
6.259602199519802290e-02
6.181799750651013892e-02
6.105309201655265833e-02
6.030095899574749313e-02
5.956125191451652062e-02
5.883362424328154178e-02
5.811772945246446859e-02
5.741322101248715060e-02
5.671975239377146510e-02
5.603697706673928941e-02
5.536454850181245918e-02
5.470212016941285171e-02
5.404934553996234431e-02
5.340587808388284896e-02
5.277137127159613889e-02
5.214547857352412608e-02
5.152785346008868783e-02
5.091814940171165982e-02
5.031601986881493321e-02
4.972114697571380915e-02
4.913338960667701372e-02
4.855267401216714629e-02
4.797892657525739540e-02
4.741207367902088715e-02
4.685204170653084477e-02
4.629875704086046373e-02
4.575214606508288401e-02
4.521213516227133578e-02
4.467865071549897982e-02
4.415161910783899080e-02
4.363096672236455725e-02
4.311661994214890242e-02
4.260850515026514546e-02
4.210654872978649571e-02
4.161067706378614867e-02
4.112081653533727205e-02
4.063689352751305439e-02
4.015883442338669118e-02
3.968656560603134320e-02
3.922001345852021287e-02
3.875910436392648178e-02
3.830376470532331074e-02
3.785392086578390214e-02
3.740949922838142372e-02
3.697042617618908483e-02
3.653662809228004626e-02
3.610803135972750350e-02
3.568456240699618975e-02
3.526615161729006187e-02
3.485273634141659166e-02
3.444425463942644983e-02
3.404064457137018218e-02
3.364184419729840392e-02
3.324779157726167472e-02
3.285842477131060285e-02
3.247368183949578269e-02
3.209350084186778779e-02
3.171781983847726111e-02
3.134657688937471376e-02
3.097971005461077829e-02
3.061715739423603866e-02
3.025885696830108926e-02
2.990474683685651752e-02
2.955476505995290396e-02
2.920884969764084294e-02
2.886693880997094619e-02
2.852897045699378381e-02
2.819488269875993630e-02
2.786461359532000498e-02
2.753810120672458422e-02
2.721528359302425801e-02
2.689609881426961377e-02
2.658048493051124589e-02
2.626838000179974875e-02
2.595972208818569243e-02
2.565444924971970950e-02
2.535250127091458888e-02
2.505383487740024673e-02
2.475841641040803232e-02
2.446621232153491088e-02
2.417718906237781643e-02
2.389131308453369684e-02
2.360855083959950695e-02
2.332886877917217383e-02
2.305223335484866271e-02
2.277861101822590412e-02
2.250796822090083901e-02
2.224027141447042569e-02
2.197548705053161203e-02
2.171358158068133204e-02
2.145452145651653361e-02
2.119827312963417157e-02
2.094480305163118339e-02
2.069407767410452043e-02
2.044606344865112016e-02
2.020072682686792701e-02
1.995803426035189232e-02
1.971795220069996052e-02
1.948044709950907255e-02
1.924548540837617977e-02
1.901303357889822659e-02
1.878305806267217479e-02
1.855552531129493754e-02
1.833040177636347662e-02
1.810765391591906762e-02
1.788725146173135092e-02
1.766917273588456197e-02
1.745339745244192664e-02
1.723990532546667426e-02
1.702867606902202721e-02
1.681968939717121830e-02
1.661292502397746298e-02
1.640836266350398712e-02
1.620598202981402003e-02
1.600576283697078064e-02
1.580768479903750176e-02
1.561172763007740577e-02
1.541787104415371680e-02
1.522609475532966071e-02
1.503637847766847377e-02
1.484870192523335755e-02
1.466304481208755353e-02
1.447938685229428063e-02
1.429770775991676818e-02
1.411798724901823510e-02
1.394020503366191766e-02
1.376434082791103131e-02
1.359037434582880365e-02
1.341828530147846747e-02
1.324805340892323824e-02
1.307965838222633834e-02
1.291307993545099710e-02
1.274829778266044558e-02
1.258529163791790272e-02
1.242404121528659609e-02
1.226452622882975158e-02
1.210672639261058635e-02
1.195062142069234362e-02
1.179619102713823017e-02
1.164341492601147880e-02
1.149227283137531190e-02
1.134274445729295706e-02
1.119480951782763668e-02
1.104844772704258009e-02
1.090363879900101141e-02
1.076036244776616170e-02
1.061859838740124122e-02
1.047832633196948103e-02
1.033952599553411220e-02
1.020217709215835364e-02
1.006625933590543469e-02
9.931752440838577736e-03
9.798636121021015583e-03
9.666890090515953271e-03
9.536494063386642683e-03
9.407427753696285394e-03
9.279670875508128081e-03
9.153203142885370583e-03
9.028004269891264782e-03
8.904053970589022662e-03
8.781331959041861410e-03
8.659817949313024232e-03
