0.000000000000000000e+00
-5.289183983812071992e-03
-1.010258789810673970e-02
-1.442671571966651183e-02
-1.824807142527390749e-02
-2.155315899171144148e-02
-2.432848239576160948e-02
-2.656054561420695057e-02
-2.823585262382997604e-02
-2.934090740141317294e-02
-2.986221392373909767e-02
-2.978627616759022337e-02
-2.909959810974908564e-02
-2.778868372699819581e-02
-2.584003699612006516e-02
-2.324016189389720155e-02
-1.997556239711212669e-02
-1.603274248254736231e-02
-1.139820612698541104e-02
-6.058457307208769439e-03
5.900528557509915452e-18
6.790661817858432807e-03
1.432702416958399685e-02
2.262258307839415394e-02
3.169083456750643180e-02
4.154527466013828441e-02
5.219939937950723169e-02
6.366670474883077968e-02
7.596068679132630952e-02
8.909484153021139663e-02
1.030826649887034568e-01
1.179376531900200725e-01
1.336733021573786595e-01
1.503031079139967030e-01
1.678405664830917299e-01
1.862991738878812531e-01
2.056924261515825914e-01
2.260338192974134519e-01
2.473368493485912645e-01
2.696150123283334032e-01
2.928818042598573257e-01
3.171368808421412000e-01
3.423245364772036226e-01
3.683752252428242890e-01
3.952194012167827841e-01
4.227875184768583594e-01
4.510100311008303220e-01
4.798173931664783121e-01
5.091400587515817477e-01
5.389084819339201582e-01
5.690531167912726840e-01
5.995044174014190208e-01
6.301928378421384203e-01
6.610488321912105780e-01
6.920028545264147457e-01
7.229853589255300639e-01
7.539267994663367833e-01
7.847576302266132675e-01
8.154083052841397672e-01
8.458092787166952009e-01
8.758910046020597084e-01
9.055918854946178875e-01
9.348821178551780520e-01
9.637398466211540837e-01
9.921432167299613081e-01
1.020070373119012386e+00
1.047499460725721976e+00
1.074408624487503960e+00
1.100776009341772221e+00
1.126579760225941529e+00
1.151798022077425099e+00
1.176408939833637923e+00
1.200390658431992996e+00
1.223721322809905310e+00
1.246379077904788524e+00
1.268342068654056520e+00
1.289588439995123847e+00
1.310096336865404387e+00
1.329843904202311800e+00
1.348809286943260410e+00
1.366970630025664768e+00
1.384309494066700674e+00
1.400821102402593832e+00
1.416504094049331419e+00
1.431357108022902169e+00
1.445378783339292594e+00
1.458567759014491427e+00
1.470922674064485847e+00
1.482442167505263697e+00
1.493124878352812823e+00
1.502969445623120182e+00
1.511974508332175171e+00
1.520138705495964082e+00
1.527460676130474981e+00
1.533939059251695713e+00
1.539572493875613679e+00
1.544359619018216723e+00
1.548299073695492911e+00
1.551389496923429645e+00
1.553629527718015213e+00
1.555017805095236350e+00
1.555556520523615704e+00
1.555262075281814038e+00
1.554154423101026694e+00
1.552253517712448350e+00
1.549579312847274126e+00
1.546151762236699145e+00
1.541990819611919861e+00
1.537116438704129395e+00
1.531548573244524869e+00
1.525307176964299627e+00
1.518412203594649679e+00
1.510883606866770146e+00
1.502741340511856150e+00
1.494005358261102145e+00
1.484695613845704809e+00
1.474832060996857486e+00
1.464434653445757073e+00
1.453523344923597804e+00
1.442118089161574135e+00
1.430238839890882296e+00
1.417905834909186202e+00
1.405140448280025378e+00
1.391964338133409029e+00
1.378399162599345695e+00
1.364466579807843694e+00
1.350188247888913340e+00
1.335585824972561841e+00
1.320680969188798848e+00
1.305495338667632899e+00
1.290050591539073199e+00
1.274368385933128733e+00
1.258470379979807374e+00
1.242378231809118772e+00
1.226113599551071021e+00
1.209698141335674437e+00
1.193153515292935785e+00
1.176501379552865156e+00
1.159763392245470870e+00
1.142961211500762353e+00
1.126116495448748145e+00
1.109249297692614489e+00
1.092373253728257110e+00
1.075500394524750103e+00
1.058642751051167341e+00
1.041812354276580699e+00
1.025021235170065159e+00
1.008281424700694151e+00
9.916049538375417693e-01
9.750038535496795555e-01
9.584901548061829368e-01
9.420758885761250090e-01
9.257730858285786457e-01
9.095937775326184971e-01
8.935499946573171037e-01
8.776537681717483386e-01
8.619171290449858525e-01
8.463521082461037404e-01
8.309707367441744319e-01
8.157850455082721330e-01
8.008070655074700506e-01
7.860470078541164085e-01
7.715078042336558362e-01
7.571905664748067588e-01
7.430964064062888230e-01
7.292264358568202320e-01
7.155817666551206324e-01
7.021635106299083384e-01
6.889727796099025525e-01
6.760106854238222551e-01
6.632783399003867597e-01
6.507768548683141585e-01
6.385073421563235430e-01
6.264709135931343376e-01
6.146686810074650786e-01
6.031017562280353017e-01
5.917712510835630990e-01
5.806782774027677840e-01
5.698239470143683372e-01
5.592093717470838499e-01
5.488356634296328584e-01
5.387030505998229302e-01
5.288082286318157577e-01
5.191470096088611763e-01
5.097152056142097987e-01
5.005086287311110160e-01
4.915230910428152189e-01
4.827544046325723537e-01
4.741983815836328664e-01
4.658508339792464259e-01
4.577075739026629786e-01
4.497644134371330815e-01
4.420171646659064590e-01
4.344616396722335017e-01
4.270936505393637117e-01
4.199090093505476462e-01
4.129035281890351960e-01
4.060730191380764187e-01
3.994132942809214271e-01
3.929201657008206117e-01
3.865894454810234748e-01
3.804169674256702161e-01
3.743986522224609925e-01
3.685304422799856039e-01
3.628082800068341274e-01
3.572281078115964181e-01
3.517858681028627754e-01
3.464775032892226103e-01
3.412989557792663886e-01
3.362461679815837434e-01
3.313150823047646965e-01
3.265016411573993249e-01
3.218017869480774285e-01
3.172114620853890843e-01
3.127266089779242031e-01
3.083431700342728621e-01
3.040570876630248054e-01
2.998643042727704433e-01
2.957607622720990759e-01
2.917424040696011134e-01
2.878051720738664665e-01
2.839453386933614154e-01
2.801604963360584399e-01
2.764485674098061674e-01
2.728074743224533916e-01
2.692351394818489063e-01
2.657294852958416165e-01
2.622884341722800383e-01
2.589099085190130212e-01
2.555918307438894144e-01
2.523321232547577897e-01
2.491287084594671353e-01
2.459795087658661616e-01
2.428824465818034684e-01
2.398354443151281545e-01
2.368364243736886532e-01
2.338833091653338692e-01
2.309740210979125963e-01
2.281064825792734896e-01
2.252786160172653984e-01
2.224883438197371166e-01
2.197338186734547338e-01
2.170141143808539119e-01
2.143285350232875253e-01
2.116763846821085870e-01
2.090569674386699717e-01
2.064695873743247201e-01
2.039135485704258455e-01
2.013881551083261667e-01
1.988927110693788081e-01
1.964265205349365606e-01
1.939888875863526041e-01
1.915791163049798129e-01
1.891965107721710615e-01
1.868403750692793075e-01
1.845100132776577029e-01
1.822047294786589833e-01
1.799238277536362174e-01
1.776666121839423629e-01
1.754323868509304329e-01
1.732204558359533852e-01
1.710301933710953182e-01
1.688612542913648096e-01
1.667133635825017446e-01
1.645862462302459250e-01
1.624796272203372360e-01
1.603932315385155349e-01
1.583267841705205126e-01
1.562800101020920540e-01
1.542526343189700444e-01
1.522443818068943133e-01
1.502549775516045516e-01
1.482841465388406721e-01
1.463316137543424766e-01
1.443971041838497393e-01
1.424803428131024285e-01
1.405810546278402351e-01
1.386989646138030441e-01
1.368337977567306851e-01
1.349852790423629600e-01
1.331531334564396984e-01
1.313370960705880774e-01
1.295369422999851916e-01
1.277524576456952610e-01
1.259834276087826721e-01
1.242296376903118393e-01
1.224908733913470799e-01
1.207669202129528219e-01
1.190575636561933409e-01
1.173625892221330513e-01
1.156817824118362287e-01
1.140149287263673011e-01
1.123618136667906831e-01
1.107222227341706222e-01
1.090959414295715746e-01
1.074827552540578157e-01
1.058824497086938571e-01
1.042948102945438910e-01
1.027196225126723317e-01
1.011566718641435519e-01
9.960574385002191056e-02
9.806662409781162493e-02
9.653909874077618025e-02
9.502295403861892031e-02
9.351797625104320277e-02
9.202395163775245468e-02
9.054066645844988104e-02
8.906790697283892277e-02
8.760545944062289592e-02
8.615311012150515813e-02
8.471064527518908094e-02
8.327785116137800814e-02
8.185451403977526963e-02
8.044042017008419532e-02
7.903535581200822613e-02
7.763910722525062258e-02
7.625146066951474233e-02
7.487220240450395692e-02
7.350111868992158237e-02
7.213799578547100411e-02
7.078261995085559366e-02
6.943478161603015841e-02
6.809428789195566545e-02
6.676095005984464259e-02
6.543457940090940950e-02
6.411498719636246624e-02
6.280198472741632676e-02
6.149538327528335235e-02
6.019499412117604309e-02
5.890062854630688516e-02
5.761209783188829536e-02
5.632921325913274602e-02
5.505178610925275107e-02
5.377962766346063017e-02
5.251254920296889728e-02
5.125036200899003858e-02
4.999287736273647781e-02
4.873990654542069423e-02
4.749126083825511851e-02
4.624675152245221604e-02
4.500618987922448688e-02
4.376941353081480884e-02
4.253636546358830622e-02
4.130701500494053657e-02
4.008133148226709908e-02
3.885928422296355822e-02
3.764084255442551319e-02
3.642597580404851459e-02
3.521465329922817550e-02
3.400684436736010202e-02
3.280251833583979620e-02
3.160164453206286417e-02
3.040419228342489122e-02
2.921013091732148695e-02
2.801942976114819850e-02
2.683205814230062158e-02
2.564798538817432763e-02
2.446718082616490195e-02
2.328961378366798535e-02
2.211525358807903477e-02
2.094406956679369450e-02
1.977610429608776810e-02
1.861169334775794257e-02
1.745124554248113705e-02
1.629516970093424638e-02
1.514387464379419145e-02
1.399776919173788443e-02
1.285726216544227918e-02
1.172276238558419247e-02
1.059467867284059027e-02
9.473419847888372644e-03
8.359394731404458725e-03
7.253012144065758976e-03
6.154680906549180389e-03
5.064809839531638630e-03
3.983807763690040693e-03
2.912083499701348648e-03
1.850045868242379500e-03
7.981036899900896802e-04
-2.433342143786100770e-04
-1.273859024186807737e-03
-2.293061918757591158e-03
-3.300534077414051231e-03
-4.295866679479274676e-03
-5.278650904276310264e-03
-6.248477931128329499e-03
-7.204938939358380284e-03
-8.147625108289549556e-03
-9.076127617244928586e-03
-9.990037645547603443e-03
-1.088894637252066366e-02
-1.177244497748716409e-02
-1.264012463977030182e-02
-1.349157653869301546e-02
-1.432639185357854894e-02
-1.514416176374983568e-02
-1.594447744853011092e-02
-1.672693008724233238e-02
-1.749111085920964509e-02
-1.823661094375521319e-02
-1.896302152020198917e-02
