0.000000000000000000e+00
2.212197353436543869e-03
4.739297156803317680e-03
7.571494669594997298e-03
1.069898515130626726e-02
1.411196386143179562e-02
1.780062605946627213e-02
2.175516700490436744e-02
2.596578195724076610e-02
3.042266617597013181e-02
3.511601492058716301e-02
4.003602345058653728e-02
4.517288702546291140e-02
5.051680090471098727e-02
5.605796034782542514e-02
6.178656061430092689e-02
6.769279696363213195e-02
7.376686465531376302e-02
7.999895894884047343e-02
8.637927510370696504e-02
9.289800837940785649e-02
9.954535403543790517e-02
1.063115073312917158e-01
1.131866635264640181e-01
1.201610178804494861e-01
1.272247656527427939e-01
1.343681021028386158e-01
1.415812224902316119e-01
1.488543220744164841e-01
1.561775961148879066e-01
1.635412398711405813e-01
1.709354486026690989e-01
1.783504175689682170e-01
1.857763420295326096e-01
1.932034172438569508e-01
2.006218384714359149e-01
2.080218009717641481e-01
2.153935000043363246e-01
2.227271308286472851e-01
2.300128887041914538e-01
2.372409688904636715e-01
2.444015666469585846e-01
2.514848772331708116e-01
2.584810959085951931e-01
2.653804179327263202e-01
2.721730385650586448e-01
2.788491530650871741e-01
2.853989566923065269e-01
2.918126447062112105e-01
2.980804123662961214e-01
3.041924549320557114e-01
3.101389676629848768e-01
3.159101458185781808e-01
3.214961846583302418e-01
3.268872794417357897e-01
3.320736254282896094e-01
3.370454178774862641e-01
3.417928520488203725e-01
3.463073630378979972e-01
3.505880373363242097e-01
3.546368773465587432e-01
3.584558912110428208e-01
3.620470870722176104e-01
3.654124730725244463e-01
3.685540573544048293e-01
3.714738480602998161e-01
3.741738533326509630e-01
3.766560813138994934e-01
3.789225401464867415e-01
3.809752379728538751e-01
3.828161829354422840e-01
3.844473831766933025e-01
3.858708468390483759e-01
3.870885820649486164e-01
3.881025969968352474e-01
3.889148997771498251e-01
3.895274985483336838e-01
3.899424014528278803e-01
3.901616166330739155e-01
3.901871522315130125e-01
3.900210163905865057e-01
3.896652172527357849e-01
3.891217629604020734e-01
3.883926616560265943e-01
3.874799214820508486e-01
3.863855505809161706e-01
3.851115712020973803e-01
3.836612346703894283e-01
3.820399577402745495e-01
3.802533775886384193e-01
3.783071313923663248e-01
3.762068563283438860e-01
3.739581895734565009e-01
3.715667683045897896e-01
3.690382296986291499e-01
3.663782109324602021e-01
3.635923491829682885e-01
3.606862816270389738e-01
3.576656454415577113e-01
3.545360778034100657e-01
3.513032158894816570e-01
3.479726968766577166e-01
3.445501579418238092e-01
3.410412362618654991e-01
3.374515690136684065e-01
3.337867933741177628e-01
3.300525465200991881e-01
3.262544656284982469e-01
3.223981878762002817e-01
3.184893504400908570e-01
3.145335904970555929e-01
3.105365452239797763e-01
3.065038517977490828e-01
3.024411473952489104e-01
2.983540691933647127e-01
2.942480840199733771e-01
2.901269851942904210e-01
2.859936161694591750e-01
2.818508094962858812e-01
2.777013977255772259e-01
2.735482134081400063e-01
2.693940890947805200e-01
2.652418573363055643e-01
2.610943506835215477e-01
2.569544016872351011e-01
2.528248428982529106e-01
2.487085068673815513e-01
2.446082261454274320e-01
2.405268332831972666e-01
2.364671608314975748e-01
2.324320413411349595e-01
2.284243073629161902e-01
2.244467914476475090e-01
2.205023261461357409e-01
2.165937440091873778e-01
2.127238775876090504e-01
2.088955594322072229e-01
2.051116220937886092e-01
2.013748981231596735e-01
1.976882200711271020e-01
1.940544204884975255e-01
1.904763319260773524e-01
1.869567869346732691e-01
1.834986163991886576e-01
1.801038049257240869e-01
1.767721164714730342e-01
1.735029551585481888e-01
1.702957251090616020e-01
1.671498304451257133e-01
1.640646752888526849e-01
1.610396637623548732e-01
1.580741999877444959e-01
1.551676880871339093e-01
1.523195321826354420e-01
1.495291363963612286e-01
1.467959048504236808e-01
1.441192416669350163e-01
1.414985509680076470e-01
1.389332368757536795e-01
1.364227035122854981e-01
1.339663549997153480e-01
1.315635954601555579e-01
1.292138290157184843e-01
1.269164597885162338e-01
1.246708919006612182e-01
1.224765294742656413e-01
1.203327766314418873e-01
1.182390374943021877e-01
1.161947161849588295e-01
1.141992168255240719e-01
1.122519435381103270e-01
1.103523004448297151e-01
1.084996778576224341e-01
1.066932341206931895e-01
1.049319350989723343e-01
1.032147408312238390e-01
1.015406113562115076e-01
9.990850671269939365e-02
9.831738693945135665e-02
9.676621207523143642e-02
9.525394215880342297e-02
9.377953722893132837e-02
9.234195732437910920e-02
9.094016248391065260e-02
8.957311274628997066e-02
8.823976815028090892e-02
8.693908873464743781e-02
8.567003453815351388e-02
8.443156559956303819e-02
8.322264195763995343e-02
8.204222365114823001e-02
8.088927071885174125e-02
7.976274319951449920e-02
7.866160113190037717e-02
7.758480455477330395e-02
7.653131350689727774e-02
7.550008802703615796e-02
7.449008815395395666e-02
7.350027392641456103e-02
7.252960538318194150e-02
7.157704256301998524e-02
7.064166117633648156e-02
6.972299962011459240e-02
6.882071196298124305e-02
6.793445227356342819e-02
6.706387462048814252e-02
6.620863307238233908e-02
6.536838169787299868e-02
6.454277456558708825e-02
6.373146574415157473e-02
6.293410930219338340e-02
6.215035930833958527e-02
6.137986983121707096e-02
6.062229493945284209e-02
5.987728870167388640e-02
5.914450518650712224e-02
5.842359846257959288e-02
5.771422259851826525e-02
5.701603166295001607e-02
5.632867972450190247e-02
5.565182085180090527e-02
5.498510911347391505e-02
5.432819857814798897e-02
5.368074331445005926e-02
5.304239739100710671e-02
5.241281487644609133e-02
5.179164983939401473e-02
5.117855634847782303e-02
5.057318847232446929e-02
4.997520385035892493e-02
4.938437809059088857e-02
4.880062897168994940e-02
4.822388273643941209e-02
4.765406562762256049e-02
4.709110388802272701e-02
4.653492376042314693e-02
4.598545148760715268e-02
4.544261331235804890e-02
4.490633547745909865e-02
4.437654422569364127e-02
4.385316579984493979e-02
4.333612644269631275e-02
4.282535239703104402e-02
4.232076990563245905e-02
4.182230521128382783e-02
4.132988455676843420e-02
4.084343418486959670e-02
4.036288033837059919e-02
3.988814926005475325e-02
3.941916719270534275e-02
3.895586037910567234e-02
3.849815506203903281e-02
3.804597748428875659e-02
3.759925388863807894e-02
3.715791051787033228e-02
3.672187361476881434e-02
3.629106942211680897e-02
3.586542418269762778e-02
3.544486537570266244e-02
3.502932811056412576e-02
3.461875040456295627e-02
3.421307028070418726e-02
3.381222576199281044e-02
3.341615487143387991e-02
3.302479563203243595e-02
3.263808606679348412e-02
3.225596419872207160e-02
3.187836805082322478e-02
3.150523564610196309e-02
3.113650500756333026e-02
3.077211415821237694e-02
3.041200112105409137e-02
3.005610391909352072e-02
2.970436057533569485e-02
2.935670911278564013e-02
2.901308755444840029e-02
2.867343392332898783e-02
2.833768624243244300e-02
2.800578253476380258e-02
2.767766082332809643e-02
2.735325913113033011e-02
2.703251548117554734e-02
2.671536789646878490e-02
2.640175440001506918e-02
2.609161301481942655e-02
2.578488176388690073e-02
2.548149878185345524e-02
2.518141192920236859e-02
2.488458620176893857e-02
2.459098833962227240e-02
2.430058508283140795e-02
2.401334317146544203e-02
2.372922934559344027e-02
2.344821034528447520e-02
2.317025291060761591e-02
2.289532378163192453e-02
2.262338969842650135e-02
2.235441740106037731e-02
2.208837362960265269e-02
2.182522512412238963e-02
2.156493862468865375e-02
2.130748087137051758e-02
2.105281860423706408e-02
2.080091856335735193e-02
2.055174748880046406e-02
2.030527212063546610e-02
2.006145919893142018e-02
1.982027546375741273e-02
1.958168765518249893e-02
1.934566251327575828e-02
1.911216677810625986e-02
1.888116718974308314e-02
1.865263048825529027e-02
1.842652341371194685e-02
1.820281270618215319e-02
1.798146582592148948e-02
1.776245730829816016e-02
1.754576570444050382e-02
1.733136961156880179e-02
1.711924762690333890e-02
1.690937834766439649e-02
1.670174037107226284e-02
1.649631229434721236e-02
1.629307271470953680e-02
1.609200022937951058e-02
1.589307343557740809e-02
1.569627093052352110e-02
1.550157131143813094e-02
1.530895317554152243e-02
1.511839512005396652e-02
1.492987574219576362e-02
1.474337363918717947e-02
1.455886740824850756e-02
1.437633564660002229e-02
1.419575695146200155e-02
1.401710992005473881e-02
1.384037314959850502e-02
1.366552523731359714e-02
1.349254478042028089e-02
1.332141037613884631e-02
1.315210062168958687e-02
1.298459411429276310e-02
1.281886945116867023e-02
1.265490523211082637e-02
1.249268136412231417e-02
1.233218118434462225e-02
1.217338858574061947e-02
1.201628746127317814e-02
1.186086170390517058e-02
1.170709520659947434e-02
1.155497186231895131e-02
1.140447556402648076e-02
1.125559020468492981e-02
1.110829967725716905e-02
1.096258787470607253e-02
1.081843868999451778e-02
1.067583601608536673e-02
1.053476374594149514e-02
1.039520577252578057e-02
1.025714598880108491e-02
1.012056828773028397e-02
9.985456562276250059e-03
9.851794705401855506e-03
9.719566610069970899e-03
9.588756169243466826e-03
9.459347275885215608e-03
9.331323822958089570e-03
9.204669703424969707e-03
9.079368810248710994e-03
8.955405036392194429e-03
8.832762274818285395e-03
8.711424418489864888e-03
8.591375360369800027e-03
8.472598993420961400e-03
8.355079210606221329e-03
8.238799904888452139e-03
8.123744969230531354e-03
8.009898296595320891e-03
7.897243779945694805e-03
7.785765312244528023e-03
7.675446786454691132e-03
7.566272095539052986e-03
7.458225132460489376e-03
7.351289790181871758e-03
7.245449961666076792e-03
7.140689539875962055e-03
7.036992417774408544e-03
6.934342488324286846e-03
6.832723644488466683e-03
6.732119779229824713e-03
6.632514785511228056e-03
6.533892556295554238e-03
6.436236984545663439e-03
6.339531963224441860e-03
6.243761385294747078e-03
6.148909143719465294e-03
6.054959131461453217e-03
5.961895241483597049e-03
5.869701366748762174e-03
5.778361400219812240e-03
5.687859234859634315e-03
