1.790565860149145594e-01
1.541389034229360133e-01
1.310915033624092674e-01
1.098780745780771478e-01
9.046230581468282794e-02
7.280788581696917561e-02
5.687850332967932937e-02
4.263784709755611552e-02
3.004960586534271769e-02
1.907746837778199686e-02
9.685123379616990963e-03
1.836259615590714713e-03
-4.505434169553843189e-03
-9.376269231073710089e-03
-1.281255682422585349e-02
-1.485060820426728663e-02
-1.552673462645500109e-02
-1.487724734604601619e-02
-1.293845761829733911e-02
-9.746676698465951000e-03
-5.338215841808853848e-03
2.506136964169616496e-04
6.983500660954354740e-03
1.482413379654659580e-02
2.373620184793645213e-02
3.368339355986703365e-02
4.462939767708127420e-02
5.653790294432234353e-02
6.937259810633292223e-02
8.309717190785624596e-02
9.767531309363523817e-02
1.130707104084129472e-01
1.292470525969323103e-01
1.461680284039363342e-01
1.637973265741680673e-01
1.820986358523704329e-01
2.010356449832864656e-01
2.205720427116591720e-01
2.406715177822316976e-01
2.612977589397467715e-01
2.824144549289475670e-01
3.039852944945769520e-01
3.259739663813780997e-01
3.483441593340937947e-01
3.710595620974672104e-01
3.940838634162411869e-01
4.173807520351590084e-01
4.409139166989632930e-01
4.646470461523973805e-01
4.885438291402040556e-01
5.125679544071262139e-01
5.366831106979074173e-01
5.608529867572897842e-01
5.850412713300172651e-01
6.092116531608322560e-01
6.333278209944777082e-01
6.573534635756967948e-01
6.812522696492325780e-01
7.049879279598282311e-01
7.285241272522260392e-01
7.518245562711698415e-01
7.748529037614021453e-01
7.975728584676661237e-01
8.199481091347046169e-01
8.419423445072609091e-01
8.635192533300779516e-01
8.846425243478982514e-01
9.052758463054654259e-01
9.253829079475220931e-01
9.449273980188114264e-01
9.638730052640762658e-01
9.821834184280596736e-01
9.998223262555047119e-01
1.016753563312614350e+00
1.032955200660698569e+00
1.048431292584877772e+00
1.063188658577212786e+00
1.077234118129764440e+00
1.090574490734593116e+00
1.103216595883759421e+00
1.115167253069324627e+00
1.126433281783349338e+00
1.137021501517893940e+00
1.146938731765019037e+00
1.156191792016785902e+00
1.164787501765255362e+00
1.172732680502487801e+00
1.180034147720543602e+00
1.186698722911484039e+00
1.192733225567369937e+00
1.198144475180261681e+00
1.202939291242219877e+00
1.207124493245305574e+00
1.210706900681579157e+00
1.213693333043101674e+00
1.216090609821934176e+00
1.217905550510136381e+00
1.219144974599770226e+00
1.219815701582895651e+00
1.219924550951573261e+00
1.219478342197864551e+00
1.218483894813829238e+00
1.216948028291529038e+00
1.214877562123024113e+00
1.212279315800375512e+00
1.209160108815643619e+00
1.205526760660889263e+00
1.201386090828173048e+00
1.196744918809556468e+00
1.191610064097099242e+00
1.185989563116560452e+00
1.179897854581883232e+00
1.173351475200706151e+00
1.166366962897600557e+00
1.158960855597139572e+00
1.151149691223893434e+00
1.142950007702436155e+00
1.134378342957338637e+00
1.125451234913172449e+00
1.116185221494510937e+00
1.106596840625925449e+00
1.096702630231987330e+00
1.086519128237269927e+00
1.076062872566344142e+00
1.065350401143782433e+00
1.054398251894156813e+00
1.043222962742039517e+00
1.031841071612002114e+00
1.020269116428616618e+00
1.008523635116455486e+00
9.966211656000901753e-01
9.845782458040935881e-01
9.724114136530364050e-01
9.601372070714921936e-01
9.477721639840310797e-01
9.353328223152271859e-01
9.228357199896511931e-01
9.102973949318753366e-01
8.977343850664717406e-01
8.851632283180119742e-01
8.726004626110692719e-01
8.600626258702142035e-01
8.475662560200197815e-01
8.351278909850573529e-01
8.227640686898994860e-01
8.104913270591178609e-01
7.983257965876352502e-01
7.862759703506995157e-01
7.743435584743985078e-01
7.625300353037718359e-01
7.508368751838602195e-01
7.392655524597039340e-01
7.278175414763431439e-01
7.164943165788185686e-01
7.052973521121701506e-01
6.942281224214383872e-01
6.832881018516637761e-01
6.724787647478863706e-01
6.618015854551465571e-01
6.512580383184850552e-01
6.408495976829414742e-01
6.305777378935567556e-01
6.204439332953712860e-01
6.104496582334247856e-01
6.005963870527580850e-01
5.908855940984113486e-01
5.813187537154251849e-01
5.718973402488394253e-01
5.626228280436946783e-01
5.534966914450313302e-01
5.445204047978896567e-01
5.356954424473099330e-01
5.270232787383327677e-01
5.185053880159982143e-01
5.101432446253465480e-01
5.019383229114183775e-01
4.938920972192538117e-01
4.860060418938932925e-01
4.782816312803768732e-01
4.707203397237457176e-01
4.633236415690392684e-01
4.560930111612980231e-01
4.490299180153775049e-01
4.421345244773073335e-01
4.354039233105247431e-01
4.288347671278563977e-01
4.224237085421283511e-01
4.161674001661668232e-01
4.100624946127983117e-01
4.041056444948487036e-01
3.982935024251443856e-01
3.926227210165113557e-01
3.870899528817763335e-01
3.816918506337650396e-01
3.764250668853040827e-01
3.712862542492195717e-01
3.662720653383375047e-01
3.613791527654844349e-01
3.566041691434864158e-01
3.519437670851700561e-01
3.473945992033609653e-01
3.429533181108856965e-01
3.386165764205704698e-01
3.343810267452415608e-01
3.302433216977250785e-01
3.262001138908472986e-01
3.222480559374344966e-01
3.183838004503128927e-01
3.146040000423088179e-01
3.109053073262483258e-01
3.072843749149576920e-01
3.037378554212630810e-01
3.002624014579908240e-01
2.968546656379672521e-01
2.935113005740184189e-01
2.902289588789704888e-01
2.870042931656500707e-01
2.838339560468830514e-01
2.807146001354957621e-01
2.776431143105145272e-01
2.746180351565366551e-01
2.716386009266414381e-01
2.687040524666782226e-01
2.658136306224966883e-01
2.629665762399464035e-01
2.601621301648766593e-01
2.573995332431373018e-01
2.546780263205775663e-01
2.519968502430470769e-01
2.493552458563954022e-01
2.467524540064720551e-01
2.441877155391265208e-01
2.416602713002083125e-01
2.391693621355670263e-01
2.367142288910522308e-01
2.342941124125131613e-01
2.319082535457995808e-01
2.295558931367610300e-01
2.272362720312469664e-01
2.249486310751069584e-01
2.226922111141904637e-01
2.204662529943470228e-01
2.182699975614262045e-01
2.161026856612775771e-01
2.139635581397505426e-01
2.118518558426946419e-01
2.097668196159594989e-01
2.077076903053945156e-01
2.056737087568493161e-01
2.036641158161733578e-01
2.016781523292162093e-01
1.997150591418273280e-01
1.977740770998564213e-01
1.958544470491527523e-01
1.939554098355660283e-01
1.920762158086539717e-01
1.902163887206534121e-01
1.883757601679189875e-01
1.865541781692131584e-01
1.847514907432984688e-01
1.829675459089373513e-01
1.812021916848924052e-01
1.794552760899258970e-01
1.777266471428004813e-01
1.760161528622785909e-01
1.743236412671227142e-01
1.726489603760953395e-01
1.709919582079589551e-01
1.693524827814760214e-01
1.677303821154090824e-01
1.661255042285206263e-01
1.645376971395730581e-01
1.629668088673288939e-01
1.614126874305506221e-01
1.598751808480007586e-01
1.583541371384417640e-01
1.568494043206360988e-01
1.553608304133462792e-01
1.538882634353347933e-01
1.524315514053641851e-01
1.509905423421968318e-01
1.495650842645952494e-01
1.481550251913219540e-01
1.467602131411393784e-01
1.453804961328100109e-01
1.440157221850964508e-01
1.426657393167610755e-01
1.413303955465664563e-01
1.400095388932749430e-01
1.387030173756491069e-01
1.374106790124514366e-01
1.361323718205244837e-01
1.348679405068441417e-01
1.336172196779168153e-01
1.323800420203727624e-01
1.311562402208419353e-01
1.299456469659546753e-01
1.287480949423409626e-01
1.275634168366309440e-01
1.263914453354548495e-01
1.252320131254427704e-01
1.240849528932248397e-01
1.229500973254311624e-01
1.218272791086918855e-01
1.207163309296372250e-01
1.196170854748972862e-01
1.185293754311021464e-01
1.174530334848819940e-01
1.163878923228669621e-01
1.153337846316871557e-01
1.142905430979727494e-01
1.132580004083538622e-01
1.122359892494606548e-01
1.112243423079233018e-01
1.102228922703718528e-01
1.092314718234364823e-01
1.082499136537472817e-01
1.072780504479344810e-01
1.063157148926281437e-01
1.053627396744584305e-01
1.044189574800554882e-01
1.034842009960495191e-01
1.025583029090705312e-01
1.016410959057487684e-01
1.007324126727142666e-01
9.983208589659725574e-02
9.893994826402782716e-02
9.805583246163612765e-02
9.717957826446116387e-02
9.631109205366514270e-02
9.545031670464032558e-02
9.459719546658171274e-02
9.375167158868442929e-02
9.291368832014343382e-02
9.208318891015382368e-02
9.126011660791068236e-02
9.044441466260901008e-02
8.963602632344390420e-02
8.883489483961036492e-02
8.804096346030348963e-02
8.725417543471836179e-02
8.647447401204992612e-02
8.570180244149336324e-02
8.493610397224361785e-02
8.417732185349575957e-02
8.342539933444488576e-02
8.268027966428603825e-02
8.194190609221425892e-02
8.121022186742460347e-02
8.048517023911214152e-02
7.976669445647190104e-02
7.905473776869891001e-02
7.834924342498823802e-02
7.765015467453496856e-02
7.695741476653415736e-02
7.627096695018079076e-02
7.559075447466997999e-02
7.491672058919678079e-02
7.424880854295622112e-02
7.358696158514337060e-02
7.293112296495324332e-02
7.228123593158092275e-02
7.163724373422145075e-02
7.099908962206988305e-02
7.036671684432130314e-02
6.974006865017069734e-02
6.911908828881316302e-02
6.850371900944376979e-02
6.789390406125754562e-02
6.728958669344951848e-02
6.669071015521475798e-02
6.609721769574833372e-02
6.550905256424528755e-02
6.492615800990066133e-02
6.434847728190952465e-02
6.377595362946691937e-02
6.320853030176792897e-02
6.264615054800753979e-02
6.208875761738087001e-02
6.153629475908291985e-02
6.098870522230875890e-02
6.044593225625347760e-02
5.990791911011207616e-02
5.937460903307962418e-02
5.884594527435121208e-02
5.832187108312181928e-02
5.780232970858655006e-02
5.728726439994044628e-02
5.677661840637854979e-02
5.627033497709591631e-02
5.576835736128760851e-02
5.527062880814868906e-02
5.477709256687415817e-02
5.428769188665915485e-02
5.380237001669861685e-02
5.332107020618769705e-02
5.284373570432138872e-02
5.237030976029480311e-02
5.190073562330294737e-02
5.143495654254082866e-02
5.097291576720361372e-02
