1.790565860149145594e-01
1.675295235586423959e-01
1.566236667331876997e-01
1.463246188171167528e-01
1.366179830889960867e-01
1.274893628273919000e-01
1.189243613108707937e-01
1.109085818179990635e-01
1.034276276273431994e-01
9.646710201746946933e-02
9.001260826694440498e-02
8.404974965433437140e-02
7.856412945820569205e-02
7.354135095712489856e-02
6.896701742965827275e-02
6.482673215437237402e-02
6.110609840983343560e-02
5.779071947460796138e-02
5.486619862726230951e-02
5.231813914636288670e-02
5.013214431047613440e-02
4.829381739816840380e-02
4.678876168800614327e-02
4.560258045855571790e-02
4.472087698838356218e-02
4.412925455605605507e-02
4.381331644013961024e-02
4.375866591920062054e-02
4.395090627180549964e-02
4.437564077652065425e-02
4.501847271191247724e-02
4.586500535654737531e-02
4.690084198899174828e-02
4.811158588781199591e-02
4.948284033157453188e-02
5.100020859884574903e-02
5.264929396819204716e-02
5.441569971817984686e-02
5.628502912737554792e-02
5.824288547434551544e-02
6.027487203765621165e-02
6.236659209587398084e-02
6.450364892756527135e-02
6.667164581129646217e-02
6.885618602563398083e-02
7.104287284914416467e-02
7.321730956039351756e-02
7.536509943794836297e-02
7.747184576037513537e-02
7.952315180624025537e-02
8.150462085411003255e-02
8.340185618255101241e-02
8.520046107012947678e-02
8.688603879541188790e-02
8.844419263696463862e-02
8.986052587335413566e-02
9.112064178314675800e-02
9.221014364490892623e-02
9.311691739926485079e-02
9.384293597074142013e-02
9.439554076685338635e-02
9.478208376299533666e-02
9.500991693456184439e-02
9.508639225694745511e-02
9.501886170554681155e-02
9.481467725575447314e-02
9.448119088296506873e-02
9.402575456257314390e-02
9.345572026997328585e-02
9.277843998056010955e-02
9.200126566972818831e-02
9.113154931287208160e-02
9.017664288538641826e-02
8.914389836266575773e-02
8.804066772010470110e-02
8.687430293309782170e-02
8.565215597703973449e-02
8.438157882732498505e-02
8.306992345934818833e-02
8.172454184850395931e-02
8.035278597018681579e-02
7.896200779979140050e-02
7.755955931271224513e-02
7.615279248434400627e-02
7.474905929008122951e-02
7.335571170531850205e-02
7.198007110620449622e-02
7.062679290958620570e-02
6.929583554806043044e-02
6.798667934100627308e-02
6.669880460780289178e-02
6.543169166782931978e-02
6.418482084046477076e-02
6.295767244508831961e-02
6.174972680107908979e-02
6.056046422781622557e-02
5.938936504467881572e-02
5.823590957104598370e-02
5.709957812629685298e-02
5.597985102981055394e-02
5.487620860096625863e-02
5.378813115914297949e-02
5.271509902371988854e-02
5.165659251407612312e-02
5.061209194959082058e-02
4.958107764964302111e-02
4.856302993361191755e-02
4.755742912087659868e-02
4.656375553081619489e-02
4.558148948280982965e-02
4.461011129623664029e-02
4.364910129047570170e-02
4.269793978490615122e-02
4.175610709890715394e-02
4.082308355185776394e-02
3.989840013441271066e-02
3.898208563183786640e-02
3.807445137243176125e-02
3.717581192745444962e-02
3.628648186816606919e-02
3.540677576582675068e-02
3.453700819169657626e-02
3.367749371703569750e-02
3.282854691310420348e-02
3.199048235116221106e-02
3.116361460246985099e-02
3.034825823828724359e-02
2.954472782987446061e-02
2.875333794849166055e-02
2.797440316539892211e-02
2.720823805185639335e-02
2.645515717912418421e-02
2.571547511846238726e-02
2.498950644113113670e-02
2.427756571839054245e-02
2.357996752150072831e-02
2.289702642172178337e-02
2.222905699031384880e-02
2.157637379853702408e-02
2.093929141765142957e-02
2.031812441891719251e-02
1.971318737359440201e-02
1.912479485294318188e-02
1.855326109878297630e-02
1.799873299706696017e-02
1.746091828931964698e-02
1.693945355787838947e-02
1.643397538508048830e-02
1.594412035326328234e-02
1.546952504476406878e-02
1.500982604192018476e-02
1.456465992706893267e-02
1.413366328254764964e-02
1.371647269069365543e-02
1.331272473384425246e-02
1.292205599433677785e-02
1.254410305450854093e-02
1.217850249669687711e-02
1.182489090323908011e-02
1.148290485647248706e-02
1.115218093873441077e-02
1.083235573236217622e-02
1.052306581969310838e-02
1.022394778306451313e-02
9.934638204813713708e-03
9.654773667278031615e-03
9.383990752794797024e-03
9.121926043701315823e-03
8.868216122334907775e-03
8.622497571032896116e-03
8.384406972132611019e-03
8.153580907971354902e-03
7.929662815823058930e-03
7.712411274474905223e-03
7.501680403392992774e-03
7.297327213969797763e-03
7.099208717597789431e-03
6.907181925669446561e-03
6.721103849577241864e-03
6.540831500713656724e-03
6.366221890471157781e-03
6.197132030242222950e-03
6.033418931419329279e-03
5.874939605394949478e-03
5.721551063561565800e-03
5.573110317311639680e-03
5.429474378037656840e-03
5.290500257132089122e-03
5.156044965987412708e-03
5.025965515996099441e-03
4.900118918550628103e-03
4.778362185043470538e-03
4.660552326867108131e-03
4.546546355414006653e-03
4.436201282076646622e-03
4.329374118247501617e-03
4.225921875319047817e-03
4.125701564683760536e-03
4.028570197734113352e-03
3.934384785862585915e-03
3.843002340461645731e-03
3.754293035435465886e-03
3.668179694734994504e-03
3.584598304822874011e-03
3.503484852161748136e-03
3.424775323214258437e-03
3.348405704443047776e-03
3.274311982310759012e-03
3.202430143280037608e-03
3.132696173813521220e-03
3.065046060373853142e-03
2.999415789423677970e-03
2.935741347425637263e-03
2.873958720842374748e-03
2.814003896136532418e-03
2.755812859770752701e-03
2.699321598207678457e-03
2.644466097909954714e-03
2.591182345340219129e-03
2.539406326961117163e-03
2.489074029235292113e-03
2.440121438625383801e-03
2.392484541594038124e-03
2.346099324603896207e-03
2.300901774117600912e-03
2.256827876597794665e-03
2.213813618507121626e-03
2.171794986308221622e-03
2.130707966463739247e-03
2.090489205280484080e-03
2.051097148361500158e-03
2.012516512883202706e-03
1.974733580097075628e-03
1.937734631254598707e-03
1.901505947607256717e-03
1.866033810406528574e-03
1.831304500903897098e-03
1.797304300350845326e-03
1.764019489998854126e-03
1.731436351099407620e-03
1.699541164903985158e-03
1.668320212664071078e-03
1.637759775631145815e-03
1.607846135056693491e-03
1.578565572192193889e-03
1.549904368289129397e-03
1.521848804598982833e-03
1.494385162373235718e-03
1.467499722863370437e-03
1.441178767320868510e-03
1.415408576997212757e-03
1.390175433143884913e-03
1.365465617012368016e-03
1.341265409854141850e-03
1.317561092920689668e-03
1.294338947463493424e-03
1.271585254734035287e-03
1.249286295983797210e-03
1.227429007120691340e-03
1.206004364131431491e-03
1.185004882657668878e-03
1.164423081371872065e-03
1.144251478946507229e-03
1.124482594054043369e-03
1.105108945366949048e-03
1.086123051557690879e-03
1.067517431298737642e-03
1.049284603262556816e-03
1.031417086121616750e-03
1.013907398548384922e-03
9.967480592153305473e-04
9.799315867949193702e-04
9.634504999596210390e-04
9.472973173819024912e-04
9.314645577342320739e-04
9.159447396890781339e-04
9.007303819189078258e-04
8.858140030961896049e-04
8.711881218933910593e-04
8.568452569829807528e-04
8.427779270374258398e-04
8.289786507291945590e-04
8.154399467307546067e-04
8.021543337145740048e-04
7.891143303531213170e-04
7.763124553188634810e-04
7.637412428003104202e-04
7.513945788210744676e-04
7.392687311171136384e-04
7.273602098625339555e-04
7.156655252314401408e-04
7.041811873979383256e-04
6.929037065361330150e-04
6.818295928201296898e-04
6.709553564240339392e-04
6.602775075219505935e-04
6.497925562879858924e-04
6.394970128962437989e-04
6.293873875208301190e-04
6.194601903358502252e-04
6.097119315154092729e-04
6.001391212336126347e-04
5.907382696645655743e-04
5.815058869823733559e-04
5.724384833611414602e-04
5.635325689749749343e-04
5.547846539979787170e-04
5.461912486042587228e-04
5.377488629679197819e-04
5.294540072630672667e-04
5.213031916638066580e-04
5.132929263442430031e-04
5.054197214784817826e-04
4.976800872406278269e-04
4.900705338047873756e-04
4.825876712803308342e-04
4.752290915406856488e-04
4.679929436983223143e-04
4.608773832615694526e-04
4.538805657387550894e-04
4.470006466382076297e-04
4.402357814682550450e-04
4.335841257372253068e-04
4.270438349534472536e-04
4.206130646252483150e-04
4.142899702609568959e-04
4.080727073689010762e-04
4.019594314574092609e-04
3.959482980348094758e-04
3.900374626094299632e-04
3.842250806895988031e-04
3.785093077836441835e-04
3.728882993998945640e-04
3.673602110466775905e-04
3.619231982323216140e-04
3.565754164651548769e-04
3.513150212535055134e-04
3.461401681057018199e-04
3.410490125300717681e-04
3.360397100349435460e-04
3.311104161286457757e-04
3.262592863195058323e-04
3.214844761158525003e-04
3.167841414642246878e-04
3.121566609224484001e-04
3.076009971838704121e-04
3.031162075954553958e-04
2.987013495041678608e-04
2.943554802569723705e-04
2.900776572008339224e-04
2.858669376827168091e-04
2.817223790495855941e-04
2.776430386484051121e-04
2.736279738261398185e-04
2.696762419297544936e-04
2.657869003062137553e-04
2.619590063024820588e-04
2.581916172655242389e-04
2.544837905423049675e-04
2.508345834797885915e-04
2.472430534249398372e-04
2.437082577247233765e-04
2.402292537261038817e-04
2.368050987760459162e-04
2.334348502215141522e-04
2.301175654094730720e-04
2.268523016868875374e-04
2.236381164007221391e-04
2.204740668979412240e-04
2.173592105255096809e-04
2.142926046303920192e-04
2.112733065595529382e-04
2.083003736599570014e-04
2.053728632785689352e-04
2.024898327623532489e-04
1.996503394582745876e-04
1.968534407132977587e-04
1.940981938743871092e-04
1.913836562885074194e-04
1.887088853026233073e-04
1.860729382636993094e-04
1.834748725187001789e-04
1.809137454145904526e-04
1.783886142983348566e-04
1.758985365168980360e-04
1.734425694172443645e-04
1.710197703463386498e-04
1.686291966511455369e-04
1.662699056786296164e-04
1.639409547757555063e-04
1.616414012894878244e-04
1.593703025667913241e-04
1.571267159546302979e-04
1.549096987999698516e-04
1.527183084497741152e-04
1.505516022510082215e-04
1.484086375506362733e-04
1.462884716956233222e-04
1.441901620329338505e-04
1.421127659095322863e-04
1.400553406723835999e-04
