1.790565860149145594e-01
2.041953840480214555e-01
2.297031654505035381e-01
2.555610550553970017e-01
2.817501776957382353e-01
3.082516582045634612e-01
3.350466214149091515e-01
3.621161921598113898e-01
3.894414952723067591e-01
4.170036555854311766e-01
4.447837979322213919e-01
4.727630471457134886e-01
5.009225280589438833e-01
5.292433655049488817e-01
5.577066843167647336e-01
5.862936093274279115e-01
6.149852653699743321e-01
6.437627772774408008e-01
6.726072698828631236e-01
7.014998680192783276e-01
7.304216965197218858e-01
7.593538802172309365e-01
7.882775439448410637e-01
8.171738125355890725e-01
8.460238108225111020e-01
8.748086636386435133e-01
9.035094958170225565e-01
9.321074321906845928e-01
9.605835975926660941e-01
9.889191168560029777e-01
1.017095114813731938e+00
1.045092716298889002e+00
1.072893046144510532e+00
1.100477229183632888e+00
1.127826390249292432e+00
1.154921654174525747e+00
1.181744145792368750e+00
1.208274989935857802e+00
1.234495311438029486e+00
1.260386235131920163e+00
1.285928885850565306e+00
1.311104388427002609e+00
1.335893867694266879e+00
1.360278448485395808e+00
1.384239255633424648e+00
1.407757413971389981e+00
1.430814048332328836e+00
1.453390283549276685e+00
1.475467244455269888e+00
1.497026055883345252e+00
1.518047842666539138e+00
1.538513729637887240e+00
1.558404841630425919e+00
1.577702303477192425e+00
1.596387240011222231e+00
1.614440776065551475e+00
1.631844036473217185e+00
1.648578146067255279e+00
1.664624229680702117e+00
1.679963412146593837e+00
1.694576818297967469e+00
1.708445572967858039e+00
1.721550800989303021e+00
1.733873627195338329e+00
1.745395176419000105e+00
1.756096573493325375e+00
1.765958943251349167e+00
1.774963410526109175e+00
1.783091100150641317e+00
1.790323136957981065e+00
1.796640645781165224e+00
1.802024751453230600e+00
1.806456578807212887e+00
1.809917394161796089e+00
1.812402277027015396e+00
1.813931517559183915e+00
1.814528088901706804e+00
1.814214964197988555e+00
1.813015116591433662e+00
1.810951519225447059e+00
1.808047145243433462e+00
1.804324967788797585e+00
1.799807960004943475e+00
1.794519095035276512e+00
1.788481346023201413e+00
1.781717686112123111e+00
1.774251088445444990e+00
1.766104526166572875e+00
1.757300972418911034e+00
1.747863400345864626e+00
1.737814783090837922e+00
1.727178093797235414e+00
1.715976305608461816e+00
1.704232391667922508e+00
1.691969325119021317e+00
1.679210079105163622e+00
1.665977626769753250e+00
1.652294941256196248e+00
1.638184995707895775e+00
1.623670763268257433e+00
1.608775217080686382e+00
1.593521330288585336e+00
1.577932076035361231e+00
1.562030427464417448e+00
1.545839357719158702e+00
1.529381839942990595e+00
1.512680847279316732e+00
1.495759352871541825e+00
1.478640329863071923e+00
1.461346751397310406e+00
1.443900217129648222e+00
1.426315100795036317e+00
1.408603408235088228e+00
1.390777143917930836e+00
1.372848312311690577e+00
1.354828917884493000e+00
1.336730965104465652e+00
1.318566458439733635e+00
1.300347402358423832e+00
1.282085801328662678e+00
1.263793659818576609e+00
1.245482982296291397e+00
1.227165773229934587e+00
1.208854037087631506e+00
1.190559778337508368e+00
1.172295001447692497e+00
1.154071710886309443e+00
1.135901911121485641e+00
1.117797606621347528e+00
1.099770801854021540e+00
1.081833501287634114e+00
1.063997709390311686e+00
1.046275430630179804e+00
1.028678669475365570e+00
1.011219430393994978e+00
9.939097178541947963e-01
9.767615363240912396e-01
9.597868902718103001e-01
9.429977841654787474e-01
9.264062224732221296e-01
9.100242096631688815e-01
8.938637502034425530e-01
8.779368485621712459e-01
8.622555092074807304e-01
8.468317366074976649e-01
8.316775352303481528e-01
8.168044918027456136e-01
8.022163623338965932e-01
7.879099482120761611e-01
7.738818090770558378e-01
7.601285045686073660e-01
7.466465943265025995e-01
7.334326379905133919e-01
7.204831952004119300e-01
7.077948255959689572e-01
6.953640888169573264e-01
6.831875445031483363e-01
6.712617522943142845e-01
6.595832718302258035e-01
6.481486627506558573e-01
6.369544846953758555e-01
6.259972973041573185e-01
6.152736602167726554e-01
6.047801330729930536e-01
5.945132755125904778e-01
5.844696471753370037e-01
5.746458077010042631e-01
5.650383167293637765e-01
5.556437339001875086e-01
5.464586188532473132e-01
5.374795312283153770e-01
5.287030306651627765e-01
5.201256768035616984e-01
5.117440292832839965e-01
5.035546477441010804e-01
4.955540918257853589e-01
4.877389211681080750e-01
4.801056954108412489e-01
4.726509741937564568e-01
4.653713171566260520e-01
4.582632839392213886e-01
4.513234341813140982e-01
4.445483275807101675e-01
4.379345395406186725e-01
4.314786823447435138e-01
4.251773735651207531e-01
4.190272307737868962e-01
4.130248715427779493e-01
4.071669134441300852e-01
4.014499740498794211e-01
3.958706709320622408e-01
3.904256216627145504e-01
3.851114438138727447e-01
3.799247549575728855e-01
3.748621726658510900e-01
3.699203145107437529e-01
3.650957980642867695e-01
3.603852408985165900e-01
3.557852605854691097e-01
3.512924746971810563e-01
3.469035008056879366e-01
3.426149564830262562e-01
3.384234593012320769e-01
3.343256268323417379e-01
3.303180766483911901e-01
3.263974263214168281e-01
3.225602934234547692e-01
3.188032955265411861e-01
3.151230502027122515e-01
3.115161750240041938e-01
3.079792875624530191e-01
3.045090053900949556e-01
3.011019460789663427e-01
2.977547272011032420e-01
2.944639663285418818e-01
2.912262810333182128e-01
2.880382888874689074e-01
2.848966074630298051e-01
2.817978543320369678e-01
2.787389157183285393e-01
2.757185514064554588e-01
2.727363190289122663e-01
2.697917791663611564e-01
2.668844923994646567e-01
2.640140193088850729e-01
2.611799204752846548e-01
2.583817564793260413e-01
2.556190879016712603e-01
2.528914753229828394e-01
2.501984793239230842e-01
2.475396604851544391e-01
2.449145793873391541e-01
2.423227966111396181e-01
2.397638727372182199e-01
2.372373683462373761e-01
2.347428440188592813e-01
2.322798603357463521e-01
2.298479778775610327e-01
2.274467572249656011e-01
2.250757589586224461e-01
2.227345436591939010e-01
2.204226719073423824e-01
2.181397042837301403e-01
2.158852013690197302e-01
2.136587237438732634e-01
2.114598319889532119e-01
2.092880866849219923e-01
2.071430484124417715e-01
2.050242777521751603e-01
2.029313352847843810e-01
2.008637815909317947e-01
1.988211772512797348e-01
1.968030828464907012e-01
1.948090589572268883e-01
1.928386661641506294e-01
1.908914679182989460e-01
1.889671102456416951e-01
1.870653321493191690e-01
1.851858775924787870e-01
1.833284905382679686e-01
1.814929149498340222e-01
1.796788947903245337e-01
1.778861740228865063e-01
1.761144966106676368e-01
1.743636065168152616e-01
1.726332477044766889e-01
1.709231641367993937e-01
1.692330997769307122e-01
1.675627985880180360e-01
1.659120045332087290e-01
1.642804615756502662e-01
1.626679136784899837e-01
1.610741048048751900e-01
1.594987789179533322e-01
1.579416799808718574e-01
1.564025519567780742e-01
1.548811388088194019e-01
1.533771845001432599e-01
1.518904329938969566e-01
1.504206282532279670e-01
1.489675142412836273e-01
1.475308349212113013e-01
1.461103342561584084e-01
1.447057562092723404e-01
1.433168447437004334e-01
1.419433438225901900e-01
1.405849974090888632e-01
1.392415494663440112e-01
1.379127439575028313e-01
1.365983248457127985e-01
1.352980360941213045e-01
1.340116216793488524e-01
1.327388488057577032e-01
1.314795555600467014e-01
1.302335935020828561e-01
1.290008141917330098e-01
1.277810691888642824e-01
1.265742100533434056e-01
1.253800883450373049e-01
1.241985556238130450e-01
1.230294634495375100e-01
1.218726633820775979e-01
1.207280069813002898e-01
1.195953458070724701e-01
1.184745314192610921e-01
1.173654153777331510e-01
1.162678492423554338e-01
1.151816845729949773e-01
1.141067729295187211e-01
1.130429658717935076e-01
1.119901149596863321e-01
1.109480717530641758e-01
1.099166878117938673e-01
1.088958146957424156e-01
1.078853039647767603e-01
1.068850071787637440e-01
1.058947758975703340e-01
1.049144616810634978e-01
1.039439160891101471e-01
1.029829906815772078e-01
1.020315370183316056e-01
1.010894066592403356e-01
1.001564511641702265e-01
9.923252209298834281e-02
9.831747100556142982e-02
9.741114946175657985e-02
9.651340902144066314e-02
9.562410124448063320e-02
9.474308295775593636e-02
9.387026047954731556e-02
9.300556724502045958e-02
9.214893696709360038e-02
9.130030335868517810e-02
9.045960013271328592e-02
8.962676100209636398e-02
8.880171967975265812e-02
8.798440987860044193e-02
8.717476531155804453e-02
8.637271969154372564e-02
8.557820673147581436e-02
8.479116014427263981e-02
8.401151364285240619e-02
8.323920094013344262e-02
8.247415574903406432e-02
8.171631178247253102e-02
8.096560275336717183e-02
8.022196237463624646e-02
7.948532435919809791e-02
7.875562241997098589e-02
7.803279026987323952e-02
7.731676162182309076e-02
7.660747018873885483e-02
7.590484968353883310e-02
7.520883381914134080e-02
7.451935630846465153e-02
7.383635086442705275e-02
7.315975119994685971e-02
7.248949102794234600e-02
7.182550406133185461e-02
7.116772401303360363e-02
7.051608459596593603e-02
6.987051952304712543e-02
6.923096250719545930e-02
6.859734726132925287e-02
6.796960749836679361e-02
6.734767693122639676e-02
6.673148927282630816e-02
6.612097823608489855e-02
6.551607753392037214e-02
6.491672087925107193e-02
6.432284198499527150e-02
6.373437456407129997e-02
6.315125232939741706e-02
6.257340899389192412e-02
6.200077827047311557e-02
6.143329387205929276e-02
6.087088951156878480e-02
6.031349890191979590e-02
5.976105575603071068e-02
5.921349378681976111e-02
5.867074670720524854e-02
5.813274823010552289e-02
5.759943206843881613e-02
5.707073193512344350e-02
5.654658154307772716e-02
5.602691460521991296e-02
5.551166483446831612e-02
5.500076594374123107e-02
5.449415164595695915e-02
5.399175565403377397e-02
5.349351168088999769e-02
5.299935343944392474e-02
5.250921464261378013e-02
5.202302900331798319e-02
5.154073023447469648e-02
5.106225204900231157e-02
5.058752815981905349e-02
5.011649227984328603e-02
4.964907812199326198e-02
4.918521939918723412e-02
4.872484982434360096e-02
