1.790565860149145594e-01
1.993875527303177186e-01
2.185567043897984063e-01
2.365925344928513363e-01
2.535235365389714168e-01
2.693782040276533341e-01
2.841850304583916076e-01
2.979725093306814787e-01
3.107691341440175781e-01
3.226033983978944253e-01
3.335037955918072061e-01
3.434988192252503847e-01
3.526169627977187582e-01
3.608867198087073458e-01
3.683365837577107782e-01
3.749950481442236305e-01
3.808906064677409775e-01
3.860517522277576163e-01
3.905069789237679001e-01
3.942847800552670701e-01
3.974136491217495903e-01
3.999220796227105357e-01
4.018385650576445367e-01
4.031915989260463351e-01
4.040096747274107281e-01
4.043212859612324572e-01
4.041549261270063753e-01
4.035390887242272795e-01
4.025022672523898004e-01
4.010729552109888463e-01
3.992796460995191588e-01
3.971508334174755350e-01
3.947150106643527168e-01
3.920006713396453346e-01
3.890363089428485188e-01
3.858504169734569000e-01
3.824714889309649979e-01
3.789280183148678871e-01
3.752484986246603649e-01
3.714614233598369508e-01
3.675952860198926642e-01
3.636741067400987570e-01
3.597040121988330785e-01
3.556866557102500437e-01
3.516236905885041231e-01
3.475167701477497317e-01
3.433675477021411182e-01
3.391776765658329196e-01
3.349488100529794399e-01
3.306826014777350942e-01
3.263807041542544085e-01
3.220447713966916314e-01
3.176764565192013445e-01
3.132774128359378518e-01
3.088492936610556239e-01
3.043937523087091312e-01
2.999124420930526225e-01
2.954070163282406791e-01
2.908791283284276608e-01
2.863304314077680379e-01
2.817625788804161147e-01
2.771775190606701189e-01
2.725783802634019759e-01
2.679685858036280344e-01
2.633515589963639769e-01
2.587307231566256527e-01
2.541095015994289663e-01
2.494913176397899612e-01
2.448795945927244033e-01
2.402777557732482250e-01
2.356892244963774696e-01
2.311174240771278199e-01
2.265657778305153747e-01
2.220377090715557333e-01
2.175366411152651613e-01
2.130659972766592858e-01
2.086292008707541501e-01
2.042296752125656867e-01
1.998708436171096336e-01
1.955561293994020622e-01
1.912889558744587659e-01
1.870722508437014375e-01
1.829069600541746443e-01
1.787935337393288249e-01
1.747324221326142235e-01
1.707240754674813066e-01
1.667689439773803461e-01
1.628674778957616698e-01
1.590201274560757994e-01
1.552273428917729514e-01
1.514895744363035091e-01
1.478072723231178276e-01
1.441808867856663734e-01
1.406108680573992797e-01
1.370976663717670962e-01
1.336417319622200395e-01
1.302435150622085758e-01
1.269034659051830050e-01
1.236220347245936824e-01
1.203996717538909911e-01
1.172368272265253003e-01
1.141338181226959209e-01
1.110904284095982492e-01
1.081063088011766926e-01
1.051811100113757419e-01
1.023144827541396240e-01
9.950607774341278799e-02
9.675554569313972453e-02
9.406253731726471612e-02
9.142670332973229508e-02
8.884769444448667453e-02
8.632516137547237289e-02
8.385875483663374208e-02
8.144812554191523113e-02
7.909292420526115031e-02
7.679280154061596253e-02
7.454740826192400582e-02
7.235639508312979862e-02
7.021941271817760954e-02
6.813611188101183214e-02
6.610614328557691544e-02
6.412906927281387948e-02
6.220409869165013234e-02
6.033035201800962533e-02
5.850694972781639996e-02
5.673301229699447001e-02
5.500766020146789087e-02
5.333001391716062078e-02
5.169919391999668046e-02
5.011432068590011141e-02
4.857451469079489964e-02
4.707889641060512137e-02
4.562658632125469321e-02
4.421670489866769832e-02
4.284837261876810882e-02
4.152070995748000787e-02
4.023283739072731902e-02
3.898387539443410460e-02
3.777294444452436450e-02
3.659916501692214025e-02
3.546165758755143865e-02
3.435955753864553680e-02
3.329205987767496627e-02
3.225837451841954279e-02
3.125771137465909594e-02
3.028928036017337205e-02
2.935229138874222501e-02
2.844595437414546013e-02
2.756947923016290353e-02
2.672207587057431888e-02
2.590295420915953578e-02
2.511132415969838036e-02
2.434639563597063711e-02
2.360737855175614949e-02
2.289348282083468120e-02
2.220391835698607222e-02
2.153789507399011746e-02
2.089462288562665346e-02
2.027331170567545429e-02
1.967317144791633568e-02
1.909341202612911681e-02
1.853328875975997214e-02
1.799223859092059091e-02
1.746974386738898988e-02
1.696528693694322049e-02
1.647835014736132378e-02
1.600841584642135121e-02
1.555496638190132820e-02
1.511748410157930621e-02
1.469545135323332280e-02
1.428835048464143810e-02
1.389566384358166887e-02
1.351687377783207002e-02
1.315146263517067739e-02
1.279891276337554069e-02
1.245870651022470618e-02
1.213032622349619755e-02
1.181325425096806624e-02
1.150697294041836197e-02
1.121096463962512405e-02
1.092471169636638484e-02
1.064773988019500524e-02
1.037974864776308390e-02
1.012048087749753585e-02
9.869679447825286528e-03
9.627087237173230158e-03
9.392447123968286973e-03
9.165501986637375476e-03
8.945994703607412432e-03
8.733668153305300733e-03
8.528265214157957144e-03
8.329528764592300169e-03
8.137201683035243105e-03
7.951026847913697515e-03
7.770747137654570626e-03
7.596105430684785276e-03
7.426844605431254763e-03
7.262707540320888049e-03
7.103437113780600165e-03
6.948776204237314819e-03
6.798467690117929695e-03
6.652279667769137386e-03
6.510081105216712974e-03
6.371766188406203894e-03
6.237229103283157584e-03
6.106364035793118879e-03
5.979065171881643020e-03
5.855226697494266171e-03
5.734742798576545307e-03
5.617507661074020060e-03
5.503415470932238734e-03
5.392360414096752236e-03
5.284236676513103664e-03
5.178938444126843059e-03
5.076359902883516122e-03
4.976395238728671157e-03
4.878938637607854734e-03
4.783884285466617758e-03
4.691126368250499862e-03
4.600559071905052817e-03
4.512076582375822327e-03
4.425583618679284313e-03
4.341027032115623435e-03
4.258364207055951103e-03
4.177552527871381330e-03
4.098549378933024658e-03
4.021312144611998568e-03
3.945798209279408400e-03
3.871964957306369901e-03
3.799769773063996214e-03
3.729170040923397884e-03
3.660123145255688056e-03
3.592586470431980306e-03
3.526517400823386914e-03
3.461873320801022759e-03
3.398611614735993613e-03
3.336689666999416090e-03
3.276064861962402035e-03
3.216694583996063724e-03
3.158536217471515171e-03
3.101547146759866917e-03
3.045688277020679787e-03
2.990934596567300114e-03
2.937264614501524512e-03
2.884656839925143091e-03
2.833089781939952465e-03
2.782541949647747079e-03
2.732991852150321813e-03
2.684417998549470247e-03
2.636798897946987259e-03
2.590113059444665994e-03
2.544338992144302633e-03
2.499455205147691622e-03
2.455440207556625672e-03
2.412272508472897928e-03
2.369930616998306306e-03
2.328393042234642649e-03
2.287638293283701836e-03
2.247644879247277881e-03
2.208391309227166963e-03
2.169856092325161794e-03
2.132019116932728012e-03
2.094865788600009087e-03
2.058382892166817947e-03
2.022557212472970989e-03
1.987375534358282441e-03
1.952824642662568050e-03
1.918891322225639443e-03
1.885562357887312799e-03
1.852824534487402565e-03
1.820664636865724269e-03
1.789069449862090190e-03
1.758025758316315423e-03
1.727520347068214413e-03
1.697540000957602040e-03
1.668071504824292966e-03
1.639101643508101419e-03
1.610617201848841846e-03
1.582604964686328691e-03
1.555051716860377268e-03
1.527944243210800288e-03
1.501269964875046352e-03
1.475018848181097221e-03
1.449181495754565127e-03
1.423748510221066422e-03
1.398710494206214421e-03
1.374058050335623306e-03
1.349781781234908346e-03
1.325872289529682205e-03
1.302320177845559717e-03
1.279116048808155064e-03
1.256250505043082647e-03
1.233714149175956865e-03
1.211497583832391468e-03
1.189591411638001289e-03
1.167986235218399860e-03
1.146672657199203317e-03
1.125641280206023456e-03
1.104882706864475112e-03
1.084387539800173335e-03
1.064146381638731440e-03
1.044150003199771594e-03
1.024389848078942691e-03
1.004857528065900745e-03
9.855446549503030663e-04
9.664428405218066431e-04
9.475436965700658604e-04
9.288388348847382474e-04
9.103198672554800325e-04
8.919784054719480946e-04
8.738060613237983365e-04
8.557944466006875287e-04
8.379351730922717911e-04
8.202198525882077856e-04
8.026400968781524994e-04
7.851875177517611852e-04
7.678537269986907216e-04
7.506303364085975538e-04
7.335089577711380185e-04
7.164812028759687777e-04
6.995386835127461681e-04
6.826732062075897009e-04
6.658773564324716940e-04
6.491439143958286154e-04
6.324656603060941143e-04
6.158353743717047673e-04
5.992458368010963920e-04
5.826898278027036132e-04
5.661601275849623572e-04
5.496495163563084414e-04
5.331507743251770329e-04
5.166566817000038409e-04
5.001600186892248999e-04
4.836535655012744010e-04
4.671301023445884331e-04
4.505824094276028135e-04
4.340032669587526554e-04
4.173854551464738303e-04
4.007217541992015054e-04
3.840049443253714442e-04
3.672278057334197893e-04
3.503837581155774860e-04
3.334687790992659092e-04
3.164794857957022121e-04
2.994124953161037103e-04
2.822644247716878281e-04
2.650318912736720979e-04
2.477115119332736187e-04
2.302999038617098415e-04
2.127936841701989496e-04
1.951894699699567408e-04
1.774838783722012625e-04
1.596735264881499661e-04
1.417550314290201400e-04
1.237250103060292628e-04
1.055800802303946093e-04
8.731685831333350889e-05
6.893196166606335858e-05
5.042200739980237531e-05
3.178361262576621460e-05
1.301339445517312729e-05
-5.890425781205274829e-06
-2.492320987437982282e-05
-4.407871539580708809e-05
-6.335069991694369286e-05
-8.273292100924615686e-05
-1.022191362441710473e-04
-1.218031031931740706e-04
-1.414785794277135492e-04
-1.612393225192451489e-04
-1.810790900392254029e-04
-2.009916395591109396e-04
-2.209707286503583327e-04
-2.410101148844241562e-04
-2.611035558327648486e-04
-2.812448090668371193e-04
-3.014276321580965936e-04
-3.216457826780015259e-04
-3.418930181980076770e-04
-3.621630962895717293e-04
-3.824497745241500941e-04
-4.027468104731993454e-04
-4.230479617081761654e-04
-4.433469858005369114e-04
-4.636376403217375066e-04
-4.839136828432359888e-04
-5.041688709364883355e-04
-5.243969621729510124e-04
-5.445917141240804848e-04
-5.647468843613334894e-04
-5.848562304561663290e-04
-6.049135099800350898e-04
-6.249124805043985683e-04
-6.448468996007100315e-04
-6.647105248404295771e-04
-6.844971137950100386e-04
-7.042004240359116219e-04
-7.238142131345878111e-04
-7.433322386624961016e-04
-7.627482581910953983e-04
-7.820560292918387517e-04
