1.790565860149145594e-01
1.682189942694212181e-01
1.578894463817185900e-01
1.480550765468513219e-01
1.387030189598642271e-01
1.298204078158019525e-01
1.213943773097091450e-01
1.134120616366307011e-01
1.058605949916112815e-01
9.872711156969554702e-02
9.199874556592824160e-02
8.566263117535408145e-02
7.970590259301782443e-02
7.411569401396418677e-02
6.887913963323782918e-02
6.398337364588346787e-02
5.941553024694593704e-02
5.516274363146985577e-02
5.121214799449995414e-02
4.755087753108095533e-02
4.416606643625761719e-02
4.104484890507462819e-02
3.817435913257671842e-02
3.554173131380859024e-02
3.313409964381498068e-02
3.093859831764059903e-02
2.894236153033018233e-02
2.713252347692842598e-02
2.549621835248006702e-02
2.402058035202982167e-02
2.269274367062241310e-02
2.149984250330255059e-02
2.042901104511496077e-02
1.946738349110435640e-02
1.860209403631547104e-02
1.782027687579301398e-02
1.710906620458170491e-02
1.645559621772627046e-02
1.584700111027142339e-02
1.527041507726188511e-02
1.471297231374237881e-02
1.416405522983726732e-02
1.362203909598950526e-02
1.308754739772169211e-02
1.256120362055643085e-02
1.204363125001632097e-02
1.153545377162396024e-02
1.103729467090194816e-02
1.054977743337288595e-02
1.007352554455937313e-02
9.609162489984017855e-03
9.157311755169405751e-03
8.718596825638151929e-03
8.293641186912840274e-03
7.883068324516087633e-03
7.487501723970483095e-03
7.107564870798630495e-03
6.743881250523132802e-03
6.397074348666583442e-03
6.067767650751587985e-03
5.756584642300743328e-03
5.463907111948111857e-03
5.189150060773570217e-03
4.931486792968470950e-03
4.690090612724149254e-03
4.464134824231950731e-03
4.252792731683219252e-03
4.055237639269294349e-03
3.870642851181522060e-03
3.698181671611240184e-03
3.537027404749797359e-03
3.386353354788531819e-03
3.245332825918787866e-03
3.113139122331905900e-03
2.988945548219232393e-03
2.871925407772105577e-03
2.761252005181871923e-03
2.656098644639872264e-03
2.555638630337448737e-03
2.459045266465946077e-03
2.365491857216703818e-03
2.274290636691696319e-03
2.185309558635414699e-03
2.098555506702977965e-03
2.014035364549506425e-03
1.931756015830122771e-03
1.851724344199944710e-03
1.773947233314094284e-03
1.698431566827692668e-03
1.625184228395858653e-03
1.554212101673713847e-03
1.485522070316378342e-03
1.419121017978972879e-03
1.355015828316616898e-03
1.293213384984432442e-03
1.233720571637537868e-03
1.176544271931056086e-03
1.121691369520105667e-03
1.069168748059808006e-03
1.018983291205283193e-03
9.711418826116530525e-04
9.256358071801072153e-04
8.823939547961264732e-04
8.413296165912607233e-04
8.023560836970614887e-04
7.653866472450779074e-04
7.303345983668609607e-04
6.971132281939620631e-04
6.656358278579313286e-04
6.358156884903199552e-04
6.075661012226772975e-04
5.808003571865546621e-04
5.554317475135028132e-04
5.313735633350726234e-04
5.085390957828136646e-04
4.868416359882772972e-04
4.661944750830136893e-04
4.465109041985743099e-04
4.277042144665088932e-04
4.096876970183680952e-04
3.923746429857027885e-04
3.756905877922765247e-04
3.596100440307050880e-04
3.441197685858162370e-04
3.292065183424384891e-04
3.148570501854003074e-04
3.010581209995304803e-04
2.877964876696567122e-04
2.750589070806076829e-04
2.628321361172118557e-04
2.511029316642976396e-04
2.398580506066935519e-04
2.290842498292275950e-04
2.187682862167283947e-04
2.088969166540241432e-04
1.994568980259437102e-04
1.904349872173149083e-04
1.818179411129664175e-04
1.735925165977265385e-04
1.657454705564237614e-04
1.582635598738865767e-04
1.511337303943426004e-04
1.443436837996177964e-04
1.378813107309376880e-04
1.317345018295278526e-04
1.258911477366133529e-04
1.203391390934197664e-04
1.150663665411725758e-04
1.100607207210972909e-04
1.053100922744190963e-04
1.008023718423634745e-04
9.652545006615597615e-05
9.246721758702188053e-05
8.861556504618679233e-05
8.495838308487589608e-05
8.148356234431478290e-05
7.817899346572879994e-05
7.503256709034345699e-05
7.203217385938406056e-05
6.916570441407609334e-05
6.642104939564494315e-05
6.378759874710260237e-05
6.126073961860722418e-05
5.883735846210338337e-05
5.651434172953579701e-05
5.428857587284908055e-05
5.215694734398794430e-05
5.011634259489697660e-05
4.816364807752087420e-05
4.629575024380426610e-05
4.450953554569188971e-05
4.280189043512829271e-05
4.116970136405817863e-05
3.960985478442621035e-05
3.811923714817703042e-05
3.669473490725534237e-05
3.533323451360572098e-05
3.403162241917286979e-05
3.278678507590144489e-05
3.159560893573611594e-05
3.045498045062149838e-05
2.936204564774126091e-05
2.831498885523502101e-05
2.731225397648140538e-05
2.635228491485903731e-05
2.543352557374646897e-05
2.455441985652236431e-05
2.371341166656531276e-05
2.290894490725395457e-05
2.213946348196686221e-05
2.140341129408266917e-05
2.069923224697997841e-05
2.002537024403742001e-05
1.938026918863358679e-05
1.876237298414709190e-05
1.817012553395655185e-05
1.760197074144057640e-05
1.705635250997778208e-05
1.653171474294677865e-05
1.602650134372619618e-05
1.553915621569461054e-05
1.506830980129935043e-05
1.461333869926256942e-05
1.417380604737510447e-05
1.374927498342780776e-05
1.333930864521152810e-05
1.294347017051711768e-05
1.256132269713541344e-05
1.219242936285727944e-05
1.183635330547354076e-05
1.149265766277505467e-05
1.116090557255267676e-05
1.084066017259724396e-05
1.053148460069960848e-05
1.023294199465061402e-05
9.944595492241116184e-06
9.666008231261958675e-06
9.396743349503997077e-06
9.136363984758061560e-06
8.884433274815011091e-06
8.640514357465689391e-06
8.404209945976894863e-06
8.175281055519237856e-06
7.953528276739268158e-06
7.738752200283544023e-06
7.530753416798619471e-06
7.329332516931061230e-06
7.134290091327405531e-06
6.945426730634217407e-06
6.762543025498054267e-06
6.585439566565465895e-06
6.413916944483012242e-06
6.247775749897251563e-06
6.086816573454732796e-06
5.930840005802022668e-06
5.779646637585661647e-06
5.633037059452213917e-06
5.490811862048234346e-06
5.352771636020276955e-06
5.218716972014899153e-06
5.088448460678655806e-06
4.961786389814145351e-06
4.838629835848131179e-06
4.718897572363428720e-06
4.602508372942836465e-06
4.489381011169166453e-06
4.379434260625225646e-06
4.272586894893825239e-06
4.168757687557769649e-06
4.067865412199869225e-06
3.969828842402930080e-06
3.874566751749764255e-06
3.781997913823178710e-06
3.692041102205977864e-06
3.604615090480969524e-06
3.519638652230966155e-06
3.437030561038773022e-06
3.356709590487199204e-06
3.278594514159051236e-06
3.202604105637139889e-06
3.128657138504271701e-06
3.056678599893863995e-06
2.986618331141755648e-06
2.918432387134398021e-06
2.852076822758241202e-06
2.787507692899736551e-06
2.724681052445335852e-06
2.663552956281484957e-06
2.604079459294636498e-06
2.546216616371240564e-06
2.489920482397748937e-06
2.435147112260609165e-06
2.381852560846270491e-06
2.329992883041185121e-06
2.279524133731801874e-06
2.230402367804572533e-06
2.182583640145946340e-06
2.136024005642373807e-06
2.090679519180304178e-06
2.046506235646189657e-06
2.003460209926476947e-06
1.961501005423781940e-06
1.920602219605372312e-06
1.880740958454677306e-06
1.841894327955129132e-06
1.804039434090157457e-06
1.767153382843195336e-06
1.731213280197672862e-06
1.696196232137019065e-06
1.662079344644666156e-06
1.628839723704044859e-06
1.596454475298585902e-06
1.564900705411721070e-06
1.534155520026879819e-06
1.504196025127494568e-06
1.474999326696994987e-06
1.446542530718813494e-06
1.418802743176379123e-06
1.391757070053123023e-06
1.365382617332476980e-06
1.339656490997871297e-06
1.314557436937556897e-06
1.290070760659065286e-06
1.266183407574747110e-06
1.242882323096954070e-06
1.220154452638038930e-06
1.197986741610349792e-06
1.176366135426239844e-06
1.155279579498059728e-06
1.134714019238160937e-06
1.114656400058894327e-06
1.095093667372612025e-06
1.076012766591664253e-06
1.057400643128402713e-06
1.039244242395179532e-06
1.021530509804344296e-06
1.004246390768248921e-06
9.873788306992444738e-07
9.709147750096824470e-07
9.548411691119143318e-07
9.391449584182910906e-07
9.238140272924644972e-07
9.088400159032904194e-07
8.942155033709267013e-07
8.799330688155281165e-07
8.659852913572515561e-07
8.523647501162546526e-07
8.390640242126930265e-07
8.260756927667232515e-07
8.133923348985025362e-07
8.010065297281871368e-07
7.889108563759336266e-07
7.770978939618994263e-07
7.655602216062395213e-07
7.542904184291112262e-07
7.432810635506714323e-07
7.325247360910765014e-07
7.220140151704830069e-07
7.117414799090474166e-07
7.016997094269264099e-07
6.918812828442770897e-07
6.822792532083555291e-07
6.728885692748218342e-07
6.637046537264352929e-07
6.547229292459561461e-07
6.459388185161441052e-07
6.373477442197589875e-07
6.289451290395603987e-07
6.207263956583084737e-07
6.126869667587630298e-07
6.048222650236835668e-07
5.971277131358301137e-07
5.895987337779622762e-07
5.822307496328401891e-07
5.750191833832234580e-07
5.679594577118722181e-07
5.610469953015458629e-07
5.542772188350043159e-07
5.476455509950080295e-07
5.411474144643157623e-07
5.347782319256879670e-07
5.285337044096371751e-07
5.224106463376881519e-07
5.164061504791182708e-07
5.105173096032053289e-07
5.047412164792264882e-07
4.990749638764593337e-07
4.935156445641815568e-07
4.880603513116704252e-07
4.827061768882037359e-07
4.774502140630588625e-07
4.722895556055131255e-07
4.672212942848442692e-07
4.622425228703297730e-07
4.573503341312471163e-07
4.525418208368737786e-07
4.478140757564877156e-07
4.431641916593656659e-07
4.385892613147855851e-07
4.340863774920249528e-07
4.296526329603612484e-07
4.252851204890720043e-07
4.209809328474346470e-07
4.167371628047269206e-07
4.125509031302262516e-07
4.084192465932099607e-07
4.043392859629555801e-07
4.003081140087408012e-07
3.963228234998431563e-07
3.923805072055400189e-07
3.884782578951089215e-07
3.846131683378276610e-07
3.807823313029731347e-07
3.769828395598234572e-07
3.732117858776557373e-07
3.694662630257478781e-07
3.657433637733768826e-07
3.620401808898209183e-07
3.583538071443570941e-07
3.546813353062627307e-07
3.510198581448158369e-07
