1.790565860149145594e-01
2.176242066616859983e-01
2.583861152804543537e-01
3.012640551334141437e-01
3.461797694827605243e-01
3.930550015906880135e-01
4.418114947193919617e-01
4.923709921310666093e-01
5.446552370879073068e-01
5.985859728521083500e-01
6.540849426858652560e-01
7.110738898513726536e-01
7.694745576108252827e-01
8.292086892264176612e-01
8.901980279603453061e-01
9.523643170748029574e-01
1.015629299831984689e+00
1.079914719494086128e+00
1.145142319323301905e+00
1.211233842581827425e+00
1.278111032531856539e+00
1.345695632435584654e+00
1.413909385555206288e+00
1.482674035152916847e+00
1.551911324490911070e+00
1.621542996831382810e+00
1.691490795436528360e+00
1.761676463568541351e+00
1.832021744489617854e+00
1.902448381461951943e+00
1.972878117747738580e+00
2.043232696609172283e+00
2.113433861308448680e+00
2.183403355107762067e+00
2.253062921269307406e+00
2.322334303055279658e+00
2.391139243727872898e+00
2.459399486549282976e+00
2.527036774781705297e+00
2.593972851687332604e+00
2.660129460528361189e+00
2.725428344566986016e+00
2.789791247065401159e+00
2.853139911285802466e+00
2.915396080490384900e+00
2.976481497941341203e+00
3.036317906900867669e+00
3.094827050631160592e+00
3.151930672394412714e+00
3.207550515452820328e+00
3.261608323068575288e+00
3.314025838503876553e+00
3.364724805020916421e+00
3.413626965881889852e+00
3.460654064348993586e+00
3.505727843684420364e+00
3.548770047150365592e+00
3.589702418009023788e+00
3.628456810983552216e+00
3.665027481618667871e+00
3.699432466117280160e+00
3.731689847494611190e+00
3.761817708765883950e+00
3.789834132946322320e+00
3.815757203051151070e+00
3.839605002095593189e+00
3.861395613094874779e+00
3.881147119064216611e+00
3.898877603018845228e+00
3.914605147973982735e+00
3.928347836944852567e+00
3.940123752946679492e+00
3.949950978994688278e+00
3.957847598104101028e+00
3.963831693290140734e+00
3.967921347568033941e+00
3.970134643953004527e+00
3.970489665460272821e+00
3.969004495105066699e+00
3.965697215902607375e+00
3.960585910868119619e+00
3.953688663016827753e+00
3.945023555363954326e+00
3.934608670924724105e+00
3.922462092714360971e+00
3.908601903748088358e+00
3.893046329955577978e+00
3.875826048687732506e+00
3.856993674663135252e+00
3.836604055638613175e+00
3.814712039370987462e+00
3.791372473617084182e+00
3.766640206133727631e+00
3.740570084677742990e+00
3.713216957005954999e+00
3.684635670875187952e+00
3.654881074042265254e+00
3.624008014264011646e+00
3.592071339297252308e+00
3.559125896898811092e+00
3.525226534825516289e+00
3.490428100834185976e+00
3.454785442681648888e+00
3.418353408124728876e+00
3.381186844920252010e+00
3.343340600825039033e+00
3.304869523595916903e+00
3.265828460989710358e+00
3.226272260763243249e+00
3.186255770673339871e+00
3.145833838476826294e+00
3.105061311930525036e+00
3.063993038791261725e+00
3.022683866815861098e+00
2.981188643761147006e+00
2.939560500248864283e+00
2.897835697765727136e+00
2.856040923053244640e+00
2.814202752956277642e+00
2.772347764319688768e+00
2.730502533988341085e+00
2.688693638807096331e+00
2.646947655620816686e+00
2.605291161274364775e+00
2.563750732612601446e+00
2.522352946480391545e+00
2.481124379722595918e+00
2.440091609184075860e+00
2.399281211709695771e+00
2.358719764144316056e+00
2.318433843332800226e+00
2.278450026120010463e+00
2.238794889350808504e+00
2.199495009870056528e+00
2.160576964522618049e+00
2.122067330153354359e+00
2.083992683607127194e+00
2.046379601728799624e+00
2.009254661363233829e+00
1.972644439355291990e+00
1.936575512549837619e+00
1.901074457791730676e+00
1.866167851925835119e+00
1.831882255882921529e+00
1.798236146235659083e+00
1.765226786073734289e+00
1.732848001043232999e+00
1.701093616790241514e+00
1.669957458960845909e+00
1.639433353201130261e+00
1.609515125157180648e+00
1.580196600475081592e+00
1.551471604800920501e+00
1.523333963780782119e+00
1.495777503060750302e+00
1.468796048286912459e+00
1.442383425105353334e+00
1.416533459162159669e+00
1.391239976103414655e+00
1.366496801575205255e+00
1.342297761223616437e+00
1.318636680694734054e+00
1.295507385634643738e+00
1.272903701689430456e+00
1.250819454505179396e+00
1.229248469727976856e+00
1.208184573003907802e+00
1.187621589979058090e+00
1.167553346299512906e+00
1.147973667611357440e+00
1.128876379560678433e+00
1.110255307793559743e+00
1.092104145309779950e+00
1.074414357065672343e+00
1.057175559259659225e+00
1.040377312130003506e+00
1.024009175914965875e+00
1.008060710852808795e+00
9.925214771817939541e-01
9.773810351401841512e-01
9.626289449662400743e-01
9.482547668982241884e-01
9.342480611743984031e-01
9.205983880330247393e-01
9.072953077123654397e-01
8.943283804506818591e-01
8.816871664862360181e-01
8.693612260572901596e-01
8.573401194021058602e-01
8.456134067589450298e-01
8.341706483660699112e-01
8.230014044617419700e-01
8.120952352842240041e-01
8.014417010717767020e-01
7.910303620626629728e-01
7.808507784951443931e-01
7.708925106074827616e-01
7.611451186379400990e-01
7.515981628247784263e-01
7.422412034062598751e-01
7.330638006206460222e-01
7.240566685709570738e-01
7.152151368192487535e-01
7.065356887923339713e-01
6.980148079170269693e-01
6.896489776201406574e-01
6.814346813284890558e-01
6.733684024688855185e-01
6.654466244681441767e-01
6.576658307530778291e-01
6.500225047505000520e-01
6.425131298872250873e-01
6.351341895900659562e-01
6.278821672858363456e-01
6.207535464013501647e-01
6.137448103634204344e-01
6.068524425988611748e-01
6.000729265344862950e-01
5.934027455971081499e-01
5.868383832135413147e-01
5.803763228105991434e-01
5.740130478150952120e-01
5.677450416538427636e-01
5.615687877536560402e-01
5.554807695413479518e-01
5.494774704437325186e-01
5.435553738876232055e-01
5.377109632998333666e-01
5.319407221071769110e-01
5.262411705256418992e-01
5.206100441765488807e-01
5.150465434354014604e-01
5.095499558816737329e-01
5.041195690948394592e-01
4.987546706543726782e-01
4.934545481397466515e-01
4.882184891304356955e-01
4.830457812059134604e-01
4.779357119456537073e-01
4.728875689291305862e-01
4.679006397358175806e-01
4.629742119451888405e-01
4.581075731367179049e-01
4.533000108898790903e-01
4.485508127841457693e-01
4.438592663989917586e-01
4.392246593138910971e-01
4.346462791083177124e-01
4.301234133617451993e-01
4.256553496536474301e-01
4.212413755634983881e-01
4.168807786707718344e-01
4.125728465549418633e-01
4.083168667954817921e-01
4.041121269718657705e-01
3.999579146635676707e-01
3.958535174500611986e-01
3.917982229108202263e-01
3.877913280570510213e-01
3.838321881059758023e-01
3.799201804568539953e-01
3.760546825526105419e-01
3.722350718361701616e-01
3.684607257504580735e-01
3.647310217383992192e-01
3.610453372429184293e-01
3.574030497069405898e-01
3.538035365733908089e-01
3.502461752851939725e-01
3.467303432852749112e-01
3.432554180165590108e-01
3.398207769219706575e-01
3.364257974444349597e-01
3.330698570268770253e-01
3.297523331122216295e-01
3.264726031433938247e-01
3.232300445633184416e-01
3.200240348149205882e-01
3.168539513411251507e-01
3.137191715848570150e-01
3.106190729890411228e-01
3.075530329966025267e-01
3.045204290504659461e-01
3.015206385935566002e-01
2.985530390687992641e-01
2.956170079191189348e-01
2.927119236149913206e-01
2.898372541522555856e-01
2.869926252557976065e-01
2.841776787059852594e-01
2.813920562831856986e-01
2.786353997677665228e-01
2.759073509400954416e-01
2.732075515805396648e-01
2.705356434694669021e-01
2.678912683872444189e-01
2.652740681142400914e-01
2.626836844308209074e-01
2.601197591173547430e-01
2.575819339542088637e-01
2.550698507217508126e-01
2.525831512003480772e-01
2.501214771703683115e-01
2.476844704121788365e-01
2.452717727061472230e-01
2.428830258326409031e-01
2.405178715720273919e-01
2.381759517046742047e-01
2.358569080109487182e-01
2.335603822712185862e-01
2.312860162658511576e-01
2.290334517752140864e-01
2.268023305796747491e-01
2.245922944596005499e-01
2.224029851953592818e-01
2.202340556885731271e-01
2.180852680960732870e-01
2.159564465868088756e-01
2.138474160414889080e-01
2.117580013408227602e-01
2.096880273655195304e-01
2.076373189962885668e-01
2.056057011138389679e-01
2.035929985988801094e-01
2.015990363321210344e-01
1.996236391942710076e-01
1.976666320660392662e-01
1.957278398281350473e-01
1.938070873612676437e-01
1.919041995461460981e-01
1.900190012634797865e-01
1.881513173939778627e-01
1.863009728183495917e-01
1.844677924173041272e-01
1.826516010715507343e-01
1.808522236617985668e-01
1.790694850687568895e-01
1.773032101731349952e-01
1.755532238556419544e-01
1.738193509969871431e-01
1.721014164778797428e-01
1.703992451790288520e-01
1.687126619811438188e-01
1.670414917691452061e-01
1.653855615673810175e-01
1.637447040140896648e-01
1.621187526571870874e-01
1.605075410445895301e-01
1.589109027242129879e-01
1.573286712439737056e-01
1.557606801517876782e-01
1.542067629955709840e-01
1.526667533232398122e-01
1.511404846827101578e-01
1.496277906218982101e-01
1.481285046887201029e-01
1.466424604310918034e-01
1.451694913969295009e-01
1.437094311341493569e-01
1.422621131906673386e-01
1.408273711143995799e-01
1.394050384532622422e-01
1.379949487551714038e-01
1.365969355680431430e-01
1.352108324397935657e-01
1.338364729183387780e-01
1.324736905515949137e-01
1.311223188874780787e-01
1.297821914739042959e-01
1.284531418587897267e-01
1.271350035900504216e-01
1.258276102156025700e-01
1.245307952833621945e-01
1.232443923412454151e-01
1.219682349371683516e-01
1.207021566190470963e-01
1.194459909347977689e-01
1.181995714323364477e-01
1.169627316595792110e-01
1.157353051644422065e-01
1.145171254948415124e-01
1.133080261986931930e-01
1.121078408239134377e-01
1.109164029184182970e-01
1.097335460301239185e-01
1.085591037069462972e-01
1.073929094968015946e-01
1.062347969476059306e-01
1.050845996072753835e-01
1.039421510237260732e-01
1.028072847448740640e-01
1.016798343186355452e-01
1.005596332929264564e-01
9.944651521566309771e-02
9.834031363476138099e-02
9.724086209813757875e-02
9.614799415370761659e-02
9.506154334938779482e-02
9.398134323309408067e-02
9.290722735274253852e-02
9.183902925624942704e-02
