1.790565860149145594e-01
1.828727824674254987e-01
1.864437067214048949e-01
1.897741138790888238e-01
1.928687590427135834e-01
1.957323973145151386e-01
1.983697837967298983e-01
2.007856735915937163e-01
2.029848218013431127e-01
2.049719835282138858e-01
2.067519138744425555e-01
2.083293679422651423e-01
2.097091008339177221e-01
2.108958676516365649e-01
2.118944234976577745e-01
2.127095234742176766e-01
2.133459226835522082e-01
2.138083762278976674e-01
2.141016392094901577e-01
2.142304667305658661e-01
2.141996138933610905e-01
2.140138358001118513e-01
2.136778875530543076e-01
2.131965242544246464e-01
2.125745010064591101e-01
2.118165729113938023e-01
2.109274950714648822e-01
2.099120225889084534e-01
2.087749105659608695e-01
2.075209141048581507e-01
2.061547883078364840e-01
2.046812882771320008e-01
2.031051691149809990e-01
2.014311859236195268e-01
1.996640938052838266e-01
1.978086478622100020e-01
1.958696031966341566e-01
1.938517149107926163e-01
1.917597381069215123e-01
1.895984278872568651e-01
1.873725393540350281e-01
1.850868276094920495e-01
1.827460477558641438e-01
1.803549548953874704e-01
1.779183041302982160e-01
1.754408505628324566e-01
1.729273492952264901e-01
1.703825554297163647e-01
1.678112240685383227e-01
1.652181103139285234e-01
1.626079692681230981e-01
1.599855560333582338e-01
1.573556257118701451e-01
1.547229334058948524e-01
1.520922342176685982e-01
1.494682832494277080e-01
1.468558356034081191e-01
1.442596463818461017e-01
1.416839896836421531e-01
1.391301711935925833e-01
1.365983653479081739e-01
1.340887443559322101e-01
1.316014804270079774e-01
1.291367457704789279e-01
1.266947125956882914e-01
1.242755531119794643e-01
1.218794395286958571e-01
1.195065440551807134e-01
1.171570389007774438e-01
1.148310962748293473e-01
1.125288883866797651e-01
1.102505874456720519e-01
1.079963656611496042e-01
1.057663952424556381e-01
1.035608483989336054e-01
1.013798973399268194e-01
9.922371427477860717e-02
9.709247141283235127e-02
9.498634096343133715e-02
9.290549513591896125e-02
9.085010613963855064e-02
8.882034618393344627e-02
8.681638747814693358e-02
8.483840223162246452e-02
8.288656265370331067e-02
8.096104095373285459e-02
7.906200899451734654e-02
7.718960844682386246e-02
7.534392778798446044e-02
7.352505008068997705e-02
7.173305838763120723e-02
6.996803577149901532e-02
6.823006529498426564e-02
6.651923002077776703e-02
6.483561301157036993e-02
6.317929733005295256e-02
6.155036603891631680e-02
5.994890220085128535e-02
5.837498887854872948e-02
5.682870913469948576e-02
5.531014603199445323e-02
5.381938263312435744e-02
5.235650200078010436e-02
5.092158719765252362e-02
4.951472128643250037e-02
4.813598732981081568e-02
4.678546839047832001e-02
4.546324753112587769e-02
4.416940781444431835e-02
4.290403230312449939e-02
4.166720405985725739e-02
4.045900614733338729e-02
3.927952162824378118e-02
3.812883356527928952e-02
3.700702502113070030e-02
3.591414403436355568e-02
3.484989456653584533e-02
3.381378528468270001e-02
3.280532261429511959e-02
3.182401298086416641e-02
3.086936280988091322e-02
2.994087852683639112e-02
2.903806655722168326e-02
2.816043332652780687e-02
2.730748526024581735e-02
2.647872878386678397e-02
2.567367032288176559e-02
2.489181630278178639e-02
2.413267314905791217e-02
2.339574728720118790e-02
2.268054514270267594e-02
2.198657314105344554e-02
2.131333770774450700e-02
2.066034526826693654e-02
2.002710224811178608e-02
1.941311507277011447e-02
1.881789016773294937e-02
1.824093395849136004e-02
1.768175287053639494e-02
1.713985332935910946e-02
1.661474176045056247e-02
1.610592458930178508e-02
1.561290824140384309e-02
1.513519922668316378e-02
1.467234694823911327e-02
1.422401336153222319e-02
1.378987866006509827e-02
1.336962303734032589e-02
1.296292668686050038e-02
1.256946980212819871e-02
1.218893257664601694e-02
1.182099520391653898e-02
1.146533787744236088e-02
1.112164079072607177e-02
1.078958413727025036e-02
1.046884811057749269e-02
1.015911290415038790e-02
9.860058711491532027e-03
9.571365726103493385e-03
9.292714141488880170e-03
9.023784151150267621e-03
8.764255948590253531e-03
8.513809727311430486e-03
8.272125680816371993e-03
8.038884002607679310e-03
7.813764886187938088e-03
7.596448525059739179e-03
7.386615112725664761e-03
7.183944842688310024e-03
6.988117908450258882e-03
6.798814503514109993e-03
6.615714821382439464e-03
6.438504665179431777e-03
6.266964062141918215e-03
6.100951223607638772e-03
5.940326727473452251e-03
5.784951151636201841e-03
5.634685073992744611e-03
5.489389072439931558e-03
5.348923724874619749e-03
5.213149609193654978e-03
5.081927303293888240e-03
4.955117385072179206e-03
4.832580432425375404e-03
4.714177023250331298e-03
4.599767735443896152e-03
4.489213146902923564e-03
4.382373835524267999e-03
4.279110379204777853e-03
4.179283355841307591e-03
4.082753343330709946e-03
3.989380919569834177e-03
3.899026662455537789e-03
3.811551149884667439e-03
3.726814959754078029e-03
3.644678669960622289e-03
3.565002858401150783e-03
3.487648102972517976e-03
3.412474981571572696e-03
3.339344072095174181e-03
3.268115952440166054e-03
3.198668387260278096e-03
3.130947888236734408e-03
3.064918153807629636e-03
3.000542882411062762e-03
2.937785772485128864e-03
2.876610522467926926e-03
2.816980830797552026e-03
2.758860395912103580e-03
2.702212916249674933e-03
2.647002090248363766e-03
2.593191616346268193e-03
2.540745192981485028e-03
2.489626518592109785e-03
2.439799291616241012e-03
2.391227210491974221e-03
2.343873973657408395e-03
2.297703279550639913e-03
2.252678826609762989e-03
2.208764313272875736e-03
2.165923437978076269e-03
2.124119899163460102e-03
2.083317395267125349e-03
2.043479624727167956e-03
2.004570285981685171e-03
1.966553077468773374e-03
1.929391697626531982e-03
1.893049844893053904e-03
1.857491217706438123e-03
1.822679827976842479e-03
1.788590043802528286e-03
1.755208714113831074e-03
1.722523430885973495e-03
1.690521786094176682e-03
1.659191371713664587e-03
1.628519779719656176e-03
1.598494602087375182e-03
1.569103430792043175e-03
1.540333857808881936e-03
1.512173475113114335e-03
1.484609874679961722e-03
1.457630648484646314e-03
1.431223388502389894e-03
1.405375686708415549e-03
1.380075135077944194e-03
1.355309325586196963e-03
1.331065850208397374e-03
1.307332300919766778e-03
1.284096269695527174e-03
1.261345348510901215e-03
1.239067129341109817e-03
1.217249204161375631e-03
1.195879164946921959e-03
1.174944603672968416e-03
1.154433112314737437e-03
1.134332282847452323e-03
1.114629707246333990e-03
1.095312977486604875e-03
1.076370339881204015e-03
1.057794078854999925e-03
1.039578017738234045e-03
1.021715982890487612e-03
1.004201800671341432e-03
9.870292974403784784e-04
9.701922995571806395e-04
9.536846333813286123e-04
9.375001252724051532e-04
9.216326015899911758e-04
9.060758886936688943e-04
8.908238129430201980e-04
8.758702006976278433e-04
8.612088783170712258e-04
8.468336721609335356e-04
8.327384085887968787e-04
8.189169139602419517e-04
8.053630146348515111e-04
7.920705369722067955e-04
7.790333073318896941e-04
7.662451520734819875e-04
7.536998975565658903e-04
7.413913701407223158e-04
7.293133961855333700e-04
7.174598020505809420e-04
7.058244140954464873e-04
6.944010586797123288e-04
6.831835621629598135e-04
6.721657632376278968e-04
6.613425750963260142e-04
6.507108040252182393e-04
6.402674490113620821e-04
6.300095090418134265e-04
6.199339831036298912e-04
6.100378701838671432e-04
6.003181692695823673e-04
5.907718793478320980e-04
5.813959994056727611e-04
5.721875284301618670e-04
5.631434654083546489e-04
5.542608093273085085e-04
5.455365591740798719e-04
5.369677139357253819e-04
5.285512725993016811e-04
5.202842341518653041e-04
5.121635975804732189e-04
5.041863618721818515e-04
4.963495260140477362e-04
4.886500889931274074e-04
4.810850497964777248e-04
4.736514074111550601e-04
4.663461608242161103e-04
4.591663090227176267e-04
4.521088509937162521e-04
4.451707857242684667e-04
4.383491122014307505e-04
4.316408294122604512e-04
4.250430222882296957e-04
4.185536200787602049e-04
4.121710312593394312e-04
4.058936698058978102e-04
3.997199496943655605e-04
3.936482849006732259e-04
3.876770894007510251e-04
3.818047771705291226e-04
3.760297621859383333e-04
3.703504584229083880e-04
3.647652798573697763e-04
3.592726404652529879e-04
3.538709542224882415e-04
3.485586351050059184e-04
3.433340970887362371e-04
3.381957541496097416e-04
3.331420202635565963e-04
3.281713094065072367e-04
3.232820355543918815e-04
3.184726126831406950e-04
3.137414547686843296e-04
3.090869757869528956e-04
3.045075897138768825e-04
3.000017105253865090e-04
2.955677521974121023e-04
2.912041287058842604e-04
2.869092540267328224e-04
2.826815421358883865e-04
2.785194073700008720e-04
2.744214473113384760e-04
2.703867403815562575e-04
2.664144429177689498e-04
2.625037112570914491e-04
2.586537017366383803e-04
2.548635706935249105e-04
2.511324744648653394e-04
2.474595693877746174e-04
2.438440117993676405e-04
2.402849580367589794e-04
2.367815644370636929e-04
2.333329873373963517e-04
2.299383830748717706e-04
2.265969079866048184e-04
2.233077184097102829e-04
2.200699706813027891e-04
2.168828211384972871e-04
2.137454261184084292e-04
2.106569419581510571e-04
2.076165249948399585e-04
2.046233315655899209e-04
2.016765180075157050e-04
1.987752406577320712e-04
1.959186558533540241e-04
1.931059199314960259e-04
1.903361892292729728e-04
1.876086200837996253e-04
1.849223688321908522e-04
1.822765918115613329e-04
1.796704453590260175e-04
1.771030858116994769e-04
1.745736695066966071e-04
1.720813527811323042e-04
1.696252919721211118e-04
1.672046434167778989e-04
1.648185634522174802e-04
1.624662084155546434e-04
1.601467346439040948e-04
1.578592984743807574e-04
1.556030562440993378e-04
1.533771642901746775e-04
1.511807789497214018e-04
1.490130565598543795e-04
1.468731534576884254e-04
1.447602259803382728e-04
1.426734304649187094e-04
1.406119232485445771e-04
1.385748606683306905e-04
1.365613990613915392e-04
1.345706947648423444e-04
1.326019041157974873e-04
1.306541834513721078e-04
1.287266891086806411e-04
1.268185774248382003e-04
1.249290047369593830e-04
1.230571273821588687e-04
1.212021016975517158e-04
