1.790565860149145594e-01
1.285397665367056519e-01
8.325764264780702306e-02
4.309551764875024088e-02
7.938694840067202912e-03
-2.232752247771044654e-02
-4.781783100405088971e-02
-6.864692743842241984e-02
-8.492950848029338917e-02
-9.678027082913184809e-02
-1.043139111844061939e-01
-1.076451262455846714e-01
-1.068886127121355528e-01
-1.021590672835269997e-01
-9.357118665922734002e-02
-8.123966753870486002e-02
-6.527920662142772112e-02
-4.580450060686425129e-02
-2.293024619448269172e-02
3.228859916248749771e-03
3.255812102586159995e-02
6.494284043488794678e-02
1.002683214438591930e-01
1.384198673533071355e-01
1.792827814637639183e-01
2.227423670757608110e-01
2.686839274898298879e-01
3.169927660065028352e-01
3.675541859263113387e-01
4.202534905497867790e-01
4.749759831774614804e-01
5.316069671098666571e-01
5.900317456475346889e-01
6.501356220909966233e-01
7.118038997407847290e-01
7.749218818974306089e-01
8.393748718614656434e-01
9.050481729334222125e-01
9.718270884138320298e-01
1.039596921603225921e+00
1.108242975802136376e+00
1.177650554311095110e+00
1.247704960430633836e+00
1.318291497461284045e+00
1.389295468703578340e+00
1.460602177458046658e+00
1.532096927025222488e+00
1.603665020705637101e+00
1.675191761799821988e+00
1.746562453608309529e+00
1.817662399431629883e+00
1.888376902570316984e+00
1.958591266324900104e+00
2.028190793995913399e+00
2.097060788883887472e+00
2.165086554289354037e+00
2.232153393512844808e+00
2.298146609854891054e+00
2.362959842209042982e+00
2.426538170883157708e+00
2.488846280264968680e+00
2.549848893332915090e+00
2.609510733065437016e+00
2.667796522440974538e+00
2.724670984437968624e+00
2.780098842034858908e+00
2.834044818210085026e+00
2.886473635942088833e+00
2.937350018209308633e+00
2.986638687990185836e+00
3.034304368263159191e+00
3.080311782006669663e+00
3.124625652199158221e+00
3.167210701819063612e+00
3.208031653844826359e+00
3.247053231254886985e+00
3.284240157027686458e+00
3.319557154141663080e+00
3.352968945575258264e+00
3.384440254306910756e+00
3.413935803315062856e+00
3.441420315578153311e+00
3.466858514074622200e+00
3.490215121782909602e+00
3.511454861681457373e+00
3.530542456748702929e+00
3.547442939459568567e+00
3.562148307169723971e+00
3.574698064944399345e+00
3.585136553731317566e+00
3.593508114478194404e+00
3.599857088132750960e+00
3.604227815642706112e+00
3.606664637955780073e+00
3.607211896019689945e+00
3.605913930782158605e+00
3.602815083190901380e+00
3.597959694193639368e+00
3.591392104738092339e+00
3.583156655771979615e+00
3.573297688243020964e+00
3.561859543098933045e+00
3.548886561287436958e+00
3.534423083756253803e+00
3.518513451453101126e+00
3.501202005325696920e+00
3.482533086321762283e+00
3.462551035389016096e+00
3.441300193475178126e+00
3.418824901527966365e+00
3.395169500495102355e+00
3.370378331324303200e+00
3.344495734963288669e+00
3.317566052359779416e+00
3.289633624461492989e+00
3.260742843403762414e+00
3.230938604189016239e+00
3.200266087241812940e+00
3.168770476262713576e+00
3.136496954952280092e+00
3.103490707011077099e+00
3.069796916139664766e+00
3.035460766038607705e+00
3.000527440408466973e+00
2.965042122949804959e+00
2.929049997363186275e+00
2.892596247349171978e+00
2.855726056608324903e+00
2.818484608841208328e+00
2.780917087748381977e+00
2.743068677030411795e+00
2.704984560387860171e+00
2.666709921521287718e+00
2.628289944131257716e+00
2.589769811918332998e+00
2.551194708583076842e+00
2.512609817826050307e+00
2.474060323347816670e+00
2.435591408848938766e+00
2.397248258029978984e+00
2.359076054591500604e+00
2.321119982234064683e+00
2.283425224658234498e+00
2.246036947479797874e+00
2.208991129249036511e+00
2.172299641511651558e+00
2.135970449502033741e+00
2.100011518454568460e+00
2.064430813603645110e+00
2.029236300183648201e+00
1.994435943428967128e+00
1.960037708573986626e+00
1.926049560853097198e+00
1.892479465500683800e+00
1.859335387751133162e+00
1.826625292838834236e+00
1.794357145998173753e+00
1.762538912463539775e+00
1.731178557469316592e+00
1.700284046249893821e+00
1.669863344039657971e+00
1.639924416072996438e+00
1.610475227584296842e+00
1.581523743807945692e+00
1.553077929978329941e+00
1.525145751329837207e+00
1.497735173096855332e+00
1.470854160513770825e+00
1.444510678814971305e+00
1.418712693234843059e+00
1.393468169007774815e+00
1.368785071368152417e+00
1.344670795948047948e+00
1.321123170840644789e+00
1.298132085306855643e+00
1.275687188306618092e+00
1.253778128799867275e+00
1.232394555746540554e+00
1.211526118106574623e+00
1.191162464839906621e+00
1.171293244906471687e+00
1.151908107266207848e+00
1.132996700879051355e+00
1.114548674704938458e+00
1.096553677703806517e+00
1.079001358835591118e+00
1.061881367060229620e+00
1.045183351337658939e+00
1.028896960627814883e+00
1.013011843890634589e+00
9.975176500860544193e-01
9.824040281740111791e-01
9.676606271144418958e-01
9.532770958672821537e-01
9.392430833924695355e-01
9.255482386499402914e-01
9.121822105996307828e-01
8.991346482014783703e-01
8.863952004154188602e-01
8.739535162013899461e-01
8.617992445193272122e-01
8.499226823132950415e-01
8.383167184638694591e-01
8.269748898357527356e-01
8.158907332936483625e-01
8.050577857022590544e-01
7.944695839262883030e-01
7.841196648304386008e-01
7.740015652794133283e-01
7.641088221379152001e-01
7.544349722706470418e-01
7.449735525423123450e-01
7.357180998176140463e-01
7.266621509612545271e-01
7.177992428379379453e-01
7.091229123123659051e-01
7.006266962492426753e-01
6.923041315132709705e-01
6.841487549691531722e-01
6.761541034815926610e-01
6.683137139152927064e-01
6.606211231349556900e-01
6.530698680052854366e-01
6.456534853909843275e-01
6.383655121567556323e-01
6.311994851673022877e-01
6.241489412873272302e-01
6.172074173815337295e-01
6.103684503146243889e-01
6.036256442274050560e-01
5.969748258637700422e-01
5.904145005531754586e-01
5.839433330943574196e-01
5.775599882860515955e-01
5.712631309269944335e-01
5.650514258159211600e-01
5.589235377515681114e-01
5.528781315326710688e-01
5.469138719579659247e-01
5.410294238261889044e-01
5.352234519360757892e-01
5.294946210863625824e-01
5.238415960757850653e-01
5.182630417030796854e-01
5.127576227669816689e-01
5.073240040662273520e-01
5.019608503995525162e-01
4.966668265656931647e-01
4.914405973633853564e-01
4.862808275913648171e-01
4.811861820483676611e-01
4.761553255331297807e-01
4.711869228443874569e-01
4.662796387808758602e-01
4.614321381413313827e-01
4.566430857244900277e-01
4.519111463290876318e-01
4.472349847538601431e-01
4.426133448968699313e-01
4.380454588015599282e-01
4.335307445412706073e-01
4.290686205555428456e-01
4.246585052839171870e-01
4.202998171659348414e-01
4.159919746411369079e-01
4.117343961490638748e-01
4.075265001292570077e-01
4.033677050212571280e-01
3.992574292646048906e-01
3.951950912988416165e-01
3.911801095635082381e-01
3.872119024981452440e-01
3.832898885422936774e-01
3.794134861354947486e-01
3.755821137172890567e-01
3.717951897272177564e-01
3.680521326048215580e-01
3.643523607896415051e-01
3.606952927212184745e-01
3.570803468390934543e-01
3.535069415828072104e-01
3.499744953919007862e-01
3.464824267059149476e-01
3.430301539643906827e-01
3.396170956068689795e-01
3.362426700728907147e-01
3.329062961277352017e-01
3.296074209166476310e-01
3.263455415857293707e-01
3.231201603707468673e-01
3.199307795074654570e-01
3.167769012316513644e-01
3.136580277790701476e-01
3.105736613854879202e-01
3.075233042866704070e-01
3.045064587183832772e-01
3.015226269163930328e-01
2.985713111164646216e-01
2.956520135543643790e-01
2.927642364658580298e-01
2.899074820867115210e-01
2.870812526526905217e-01
2.842850503995610900e-01
2.815183775630888952e-01
2.787807363790399395e-01
2.760716290831799480e-01
2.733905579112747564e-01
2.707370250990903116e-01
2.681105328823922274e-01
2.655105834969465062e-01
2.629366791785190949e-01
2.603883221628757738e-01
2.578650146857822678e-01
2.553662589830044127e-01
2.528915572903083775e-01
2.504404291174914254e-01
2.480125636744403839e-01
2.456077464910431662e-01
2.432257642027260414e-01
2.408664034449152225e-01
2.385294508530367841e-01
2.362146930625169117e-01
2.339219167087817630e-01
2.316509084272574681e-01
2.294014548533702957e-01
2.271733426225461816e-01
2.249663583702115055e-01
2.227802887317922864e-01
2.206149203427147654e-01
2.184700398384050446e-01
2.163454338542892819e-01
2.142408890257937182e-01
2.121561919883444836e-01
2.100911293773676247e-01
2.080454878282894104e-01
2.060190539765358875e-01
2.040116144575333246e-01
2.020229559067078795e-01
2.000528649594856268e-01
1.981011282512928073e-01
1.961675324175556345e-01
1.942518640937000718e-01
1.923539099151524157e-01
1.904734565396738744e-01
1.886103019713036011e-01
1.867642739868918544e-01
1.849352051876902714e-01
1.831229281749506554e-01
1.813272755499247268e-01
1.795480799138643724e-01
1.777851738680212013e-01
1.760383900136470448e-01
1.743075609519936509e-01
1.725925192843127121e-01
1.708930976118560596e-01
1.692091285358754693e-01
1.675404446576226059e-01
1.658868785783493005e-01
1.642482628993073013e-01
1.626244302217483839e-01
1.610152131469241854e-01
1.594204442760865648e-01
1.578399562104872977e-01
1.562735815513780768e-01
1.547211529000107055e-01
1.531825028576369041e-01
1.516574640255084760e-01
1.501458690048772249e-01
1.486475503969947320e-01
1.471623408031128843e-01
1.456900728244833743e-01
1.442305790623580053e-01
1.427836921179885254e-01
1.413492445926266827e-01
1.399270690875242529e-01
1.385169982039329284e-01
1.371188645431046516e-01
1.357325007062909206e-01
1.343577392947436500e-01
1.329944129097145600e-01
1.316423541524553709e-01
1.303013956242178861e-01
1.289713699262539093e-01
1.276521096598151050e-01
1.263434474261533325e-01
1.250452158265202007e-01
1.237572474621675550e-01
1.224793749343471572e-01
1.212114308443107275e-01
1.199532477933100694e-01
1.187046583825969032e-01
1.174654952134230601e-01
1.162355908870401355e-01
1.150147780047000717e-01
1.138028891676544363e-01
1.125997569771552131e-01
1.114052140344539282e-01
1.102190929408025238e-01
1.090412262974526647e-01
1.078714467056560433e-01
1.067095867666646020e-01
