1.790565860149145594e-01
1.637958157847247687e-01
1.506309059017485741e-01
1.394802791191730451e-01
1.302623581901851679e-01
1.228955658679720259e-01
1.172983249057205218e-01
1.133890580566178363e-01
1.110861880738509277e-01
1.103081377106067545e-01
1.109733297200724417e-01
1.130001868554349614e-01
1.163071318698813278e-01
1.208125875165986518e-01
1.264349765487738642e-01
1.330927217195939372e-01
1.407042457822460790e-01
1.491879714899171649e-01
1.584623215957942644e-01
1.684457188530644189e-01
1.790565860149146427e-01
1.902133458345318662e-01
2.018344210651032977e-01
2.138382344598158402e-01
2.261432087718565354e-01
2.386677667544124526e-01
2.513303311606705504e-01
2.640493247438179814e-01
2.767431702570415375e-01
2.893302904535283160e-01
3.017291080864655251e-01
3.138580459090400954e-01
3.256355266744389576e-01
3.369799731358490980e-01
3.478098080464578357e-01
3.580434541594519349e-01
3.675993342280184373e-01
3.763958710053444401e-01
3.843514872446170405e-01
3.913846056990231692e-01
3.974136491217496459e-01
4.023803009516324636e-01
4.063192873701009233e-01
4.092885952442334441e-01
4.113462114411083892e-01
4.125501228278037336e-01
4.129583162713977851e-01
4.126287786389688517e-01
4.116194967975951302e-01
4.099884576143548176e-01
4.077936479563262218e-01
4.050930546905874841e-01
4.019446646842169679e-01
3.984064648042926482e-01
3.945364419178929993e-01
3.903925828920961627e-01
3.860328745939803907e-01
3.815153038906239358e-01
3.768978576491049948e-01
3.722385227365018201e-01
3.675952860198925531e-01
3.630154283201972865e-01
3.585034062737024740e-01
3.540529704705366876e-01
3.496578715008282212e-01
3.453118599547052581e-01
3.410086864222963143e-01
3.367421014937297397e-01
3.325058557591338282e-01
3.282936998086368741e-01
3.240993842323674490e-01
3.199166596204536805e-01
3.157392765630240294e-01
3.115609856502067343e-01
3.073755374721303668e-01
3.031766826189229991e-01
2.989581716807132583e-01
2.947137552476294386e-01
2.904371839097995567e-01
2.861222082573524061e-01
2.817625788804161702e-01
2.773540114113539068e-01
2.729000816514676186e-01
2.684063304442939057e-01
2.638782986333697012e-01
2.593215270622316049e-01
2.547415565744163279e-01
2.501439280134605259e-01
2.455341822229011040e-01
2.409178600462745234e-01
2.363005023271176619e-01
2.316876499089672303e-01
2.270848436353599120e-01
2.224976243498323902e-01
2.179315328959214870e-01
2.133921101171637191e-01
2.088848968570959086e-01
2.044154339592548497e-01
1.999892622671771425e-01
1.956119226243995257e-01
1.912889558744588214e-01
1.870249598608676178e-01
1.828207604270431497e-01
1.786762404163785012e-01
1.745912826722670619e-01
1.705657700381017217e-01
1.665995853572757035e-01
1.626926114731823692e-01
1.588447312292147195e-01
1.550558274687660609e-01
1.513257830352293665e-01
1.476544807719980257e-01
1.440418035224650395e-01
1.404876341300237141e-01
1.369918554380670783e-01
1.335543502899884105e-01
1.301750015291808504e-01
1.268536919990376488e-01
1.235903045429518204e-01
1.203847220043166300e-01
1.172368272265252309e-01
1.141464897033473563e-01
1.111135255300588209e-01
1.081377374523118384e-01
1.052189282157587891e-01
1.023569005660519698e-01
9.955145724884378877e-02
9.680240100978643181e-02
9.410953459453229308e-02
9.147266074873365571e-02
8.889158221804289994e-02
8.636610174811233664e-02
8.389602208459420729e-02
8.148114597314090601e-02
7.912127615940468817e-02
7.681621538903797564e-02
7.456576640769295439e-02
7.236973196102203243e-02
7.022791479467750675e-02
6.814011765431171597e-02
6.610614328557697095e-02
6.412567393304176300e-02
6.219790983693939540e-02
6.032193073641940739e-02
5.849681637063131739e-02
5.672164647872454668e-02
5.499550079984866224e-02
5.331745907315318250e-02
5.168660103778761894e-02
5.010200643290139283e-02
4.856275499764407810e-02
4.706792647116517930e-02
4.561660059261415934e-02
4.420785710114059908e-02
4.284077573589391980e-02
4.151443623602366073e-02
4.022791834067934030e-02
3.898030178901046305e-02
3.777066632016650577e-02
3.659809167329698687e-02
3.546165758755140396e-02
3.436046731708267826e-02
3.329371817605734918e-02
3.226063099364529646e-02
3.126042659901646231e-02
3.029232582134075771e-02
2.935554948978813181e-02
2.844931843352847822e-02
2.757285348173172876e-02
2.672537546356780480e-02
2.590610520820665549e-02
2.511426354481815712e-02
2.434907130257225188e-02
2.360974931063886117e-02
2.289551839818791332e-02
2.220559939438934705e-02
2.153921312841303864e-02
2.089558042942894073e-02
2.027392212660697121e-02
1.967345904911706536e-02
1.909341202612912028e-02
1.853304498578342910e-02
1.799179425210173378e-02
1.746913924807613067e-02
1.696455939669872653e-02
1.647753412096160039e-02
1.600754284385685899e-02
1.555406498837660564e-02
1.511657997751295057e-02
1.469456723425796585e-02
1.428750618160376344e-02
1.389487624254243971e-02
1.351615684006609967e-02
1.315082739716683276e-02
1.279836733683674052e-02
1.245825608206791758e-02
1.212997305585247244e-02
1.181299768118249625e-02
1.150680938105008537e-02
1.121088757844736217e-02
1.092471169636638831e-02
1.064780519766402554e-02
1.037986770465610352e-02
1.012064287952319473e-02
9.869874384445876878e-03
9.627305881604717244e-03
9.392681033180307407e-03
9.165743501353204245e-03
8.946236948303994130e-03
8.733905036213244349e-03
8.528491427261529131e-03
8.329739783629429642e-03
8.137393767497516639e-03
7.951197041046364350e-03
7.770893266456547002e-03
7.596226105908644895e-03
7.426939221583229653e-03
7.262776275660880708e-03
7.103480930322161879e-03
6.948796847747652598e-03
6.798467690117930562e-03
6.652262171869612224e-03
6.510049216463504630e-03
6.371722799616446643e-03
6.237176897045289270e-03
6.106305484466877445e-03
5.979002537598063910e-03
5.855162032155684058e-03
5.734677943856589764e-03
5.617444248417628565e-03
5.503354921555641925e-03
5.392303938987482587e-03
5.284185276429994617e-03
5.178892909600022951e-03
5.076320814214419462e-03
4.976362965990023882e-03
4.878913340643682879e-03
4.783865913892246594e-03
4.691114661452557358e-03
4.600553559041467046e-03
4.512076582375818858e-03
4.425588284808360320e-03
4.341035530235445861e-03
4.258375760189330762e-03
4.177566416202264238e-03
4.098564939806505908e-03
4.021328772534307587e-03
3.945815355917925427e-03
3.871982131489610807e-03
3.799786540781620748e-03
3.729186025326208798e-03
3.660138026655631541e-03
3.592599986302141661e-03
3.526529345797992706e-03
3.461883546675436924e-03
3.398620030466733936e-03
3.336696238704133389e-03
3.276069612919892734e-03
3.216697594646265087e-03
3.158537625415504865e-03
3.101547146759867351e-03
3.045687108403887042e-03
2.990932492841208781e-03
2.937261790757760525e-03
2.884653492839471100e-03
2.833086089772268029e-03
2.782538072242079271e-03
2.732987930934829314e-03
2.684414156536448718e-03
2.636795239732862839e-03
2.590109671210002237e-03
2.544335941653790966e-03
2.499452541750156118e-03
2.455437962185026517e-03
2.412270693644329254e-03
2.369929226813992287e-03
2.328392052379942706e-03
2.287637661028106735e-03
2.247644543444413199e-03
2.208391190314790489e-03
2.169856092325163962e-03
2.132019125270829055e-03
2.094865705384559799e-03
2.058382634008494669e-03
2.022556712484775612e-03
1.987374742155541101e-03
1.952823524362933732e-03
1.918889860449094148e-03
1.885560551756159959e-03
1.852822399626273325e-03
1.820662205401574023e-03
1.789066770424203130e-03
1.758022896036300856e-03
1.727517383580007629e-03
1.697537034397463224e-03
1.668068649830808936e-03
1.639099031222186059e-03
1.610614979913732852e-03
1.582603297247589958e-03
1.555050784565898455e-03
1.527944243210798986e-03
1.501271100139437743e-03
1.475021284768986574e-03
1.449185352131622225e-03
1.423753857259521874e-03
1.398717355184865303e-03
1.374066400939826871e-03
1.349791549556586144e-03
1.325883356067318998e-03
1.302332375504204132e-03
1.279129162899418940e-03
1.256264273285140603e-03
1.233728261693546515e-03
1.211511683156814507e-03
1.189605092707122407e-03
1.167999045376646962e-03
1.146684096197565349e-03
1.125650800202055617e-03
1.104889712422294726e-03
1.084391387890461158e-03
1.064146381638731657e-03
1.044145451725890430e-03
1.024380168317147628e-03
1.004842304604321081e-03
9.855236337792255830e-04
9.664159290336789623e-04
9.475109635594988321e-04
9.288005105485005282e-04
9.102763431925014461e-04
8.919302346833187650e-04
8.737539582127687963e-04
8.557392869726689359e-04
8.378779941548362541e-04
8.201618529510859784e-04
8.025826365532359383e-04
7.851321181531027704e-04
7.678020709425035454e-04
7.505842681132547916e-04
7.334704828571734711e-04
7.164524883660761123e-04
6.995220578317805447e-04
6.826710388476346734e-04
6.658915766131196087e-04
6.491758907292481630e-04
6.325162007970331485e-04
6.159047264174874860e-04
5.993336871916244216e-04
5.827953027204563338e-04
5.662817926049964687e-04
5.497853764462585060e-04
5.332982738452538484e-04
5.168127044029960674e-04
5.003208877204978668e-04
4.838150433987728721e-04
4.672873910388332451e-04
4.507301502416923402e-04
4.341355406083629155e-04
4.174957817398576750e-04
4.008030932371908404e-04
3.840496947013732724e-04
3.672278057334190304e-04
3.503307188255622129e-04
3.333560180349238533e-04
3.163023603098462713e-04
2.991684025986715155e-04
2.819528018497419056e-04
2.646542150113999239e-04
2.472712990319883238e-04
2.298027108598481782e-04
2.122471074433224302e-04
1.946031457307532367e-04
1.768694826704830532e-04
1.590447752108540636e-04
1.411276803002086148e-04
1.231168548868889453e-04
1.050109559192373339e-04
8.680864034559690012e-05
6.850856511430841852e-05
5.010938717371483903e-05
3.160976347215849490e-05
1.300835095798162788e-05
-5.696193420473361867e-06
-2.450521271486429440e-05
-4.342004997684880514e-05
-6.244204825808387220e-05
-8.157255061022875475e-05
-1.008129000849404148e-04
-1.201644397338765327e-04
-1.396285126086948701e-04
-1.592064617610530395e-04
-1.788996302426088566e-04
-1.987093611050191617e-04
-2.186369973999441828e-04
-2.386838821790381851e-04
-2.588513584939624809e-04
-2.791407693963710371e-04
-2.995534579379253016e-04
-3.200907671702795396e-04
-3.407540401450928950e-04
-3.615446199140252164e-04
-3.824638495287303896e-04
