1.790565860149145594e-01
1.765238041607528896e-01
1.742448787859338932e-01
1.722118918324696268e-01
1.704169252423720637e-01
1.688520609576531772e-01
1.675093809203251627e-01
1.663809670723998546e-01
1.654589013558894761e-01
1.647352657128057507e-01
1.642021420851610958e-01
1.638516124149672626e-01
1.636757586442363077e-01
1.636666627149803710e-01
1.638164065692113425e-01
1.641170721489413897e-01
1.645607413961824028e-01
1.651394962529465216e-01
1.658454186612456638e-01
1.666705905630919138e-01
1.676070939004973559e-01
1.686470106154739357e-01
1.697824226500336819e-01
1.710054119461886235e-01
1.723080604459508169e-01
1.736824500913322633e-01
1.751206628243450192e-01
1.766147805870010301e-01
1.781568853213124082e-01
1.797390589692911822e-01
1.813533834729493255e-01
1.829919407742988391e-01
1.846468128153518351e-01
1.863100815381203423e-01
1.879738288846163063e-01
1.896301367968517559e-01
1.912710872168387477e-01
1.928887620865893660e-01
1.944752433481155840e-01
1.960226129434293751e-01
1.975229528145428237e-01
1.989683449034679585e-01
2.003508711522167807e-01
2.016626135028013467e-01
2.028956538972337131e-01
2.040420742775257423e-01
2.050939565856896574e-01
2.060433827637374316e-01
2.068824347536809549e-01
2.076031944975325061e-01
2.081977439373038363e-01
2.086581650150071410e-01
2.089765396726544489e-01
2.091449498522576778e-01
2.091554774958288843e-01
2.090002045453802360e-01
2.086712129429235951e-01
2.081605846304710183e-01
2.074620880842556192e-01
2.065798998829016797e-01
2.055221630836645275e-01
2.042970285518282969e-01
2.029126471526768449e-01
2.013771697514943615e-01
1.996987472135647868e-01
1.978855304041722829e-01
1.959456701886008734e-01
1.938873174321346371e-01
1.917186230000575697e-01
1.894477377576537225e-01
1.870828125702071465e-01
1.846319983030018375e-01
1.821034458213220408e-01
1.795053059904515858e-01
1.768457296756746067e-01
1.741328677422751547e-01
1.713748710555372812e-01
1.685798904807450926e-01
1.657560768831825015e-01
1.629115811281337256e-01
1.600545540808826495e-01
1.571931466067134908e-01
1.543355095709101066e-01
1.514897938387566867e-01
1.486641502755372268e-01
1.458667297465358337e-01
1.431056485648580512e-01
1.403860126850613732e-01
1.377076243023102053e-01
1.350697457339804231e-01
1.324716392974480406e-01
1.299125673100889611e-01
1.273917920892791988e-01
1.249085759523946432e-01
1.224621812168112389e-01
1.200518701999050003e-01
1.176769052190518444e-01
1.153365485916276467e-01
1.130300626350084214e-01
1.107567096665701550e-01
1.085157520036888618e-01
1.063064519637402505e-01
1.041280718641004605e-01
1.019798740221453670e-01
9.986112075525102605e-02
9.777107438079324364e-02
9.570899721614804789e-02
9.367415157869138365e-02
9.166579978579919574e-02
8.968320415484742902e-02
8.772562700321206997e-02
8.579233064826898014e-02
8.388257740739415991e-02
8.199562959796363737e-02
8.013074953735323247e-02
7.828726420220383231e-02
7.646513578177410730e-02
7.466468700538375636e-02
7.288624474054519742e-02
7.113013585477100109e-02
6.939668721557372411e-02
6.768622569046585380e-02
6.599907814695997466e-02
6.433557145256856014e-02
6.269603247480413921e-02
6.108078808117927555e-02
5.949016513920652588e-02
5.792449051639834284e-02
5.638409108026731786e-02
5.486929369832593828e-02
5.338042523808676776e-02
5.191781256706236997e-02
5.048178255276518367e-02
4.907266206270780029e-02
4.769077796440273492e-02
4.633645712536253736e-02
4.501002641309969493e-02
4.371181269512677825e-02
4.244214283895628159e-02
4.120134371210076862e-02
3.998974218207278220e-02
3.880766511638479577e-02
3.765543938254937301e-02
3.653339141767606574e-02
3.544162901415862793e-02
3.437968623721320699e-02
3.334700418501153341e-02
3.234302395572527522e-02
3.136718664752616292e-02
3.041893335858582986e-02
2.949770518707600306e-02
2.860294323116834361e-02
2.773408858903457161e-02
2.689058235884637590e-02
2.607186563877540372e-02
2.527737952699338209e-02
2.450656512167198597e-02
2.375886352098293547e-02
2.303371582309787086e-02
2.233056312618850875e-02
2.164884652842652066e-02
2.098800712798361973e-02
2.034748602303149481e-02
1.972672431174181049e-02
1.912516309228626601e-02
1.854224346283655719e-02
1.797740652156437982e-02
1.743009336664140541e-02
1.689974509623932974e-02
1.638580280852983476e-02
1.588770760168464052e-02
1.540490057387539601e-02
1.493683080305337196e-02
1.448308140252972491e-02
1.404334670379329443e-02
1.361732440480244340e-02
1.320471220351549999e-02
1.280520779789083401e-02
1.241850888588678752e-02
1.204431316546173206e-02
1.168231833457398887e-02
1.133222209118192429e-02
1.099372213324389426e-02
1.066651615871823909e-02
1.035030186556332860e-02
1.004477695173749095e-02
9.749639115199090766e-03
9.464586053906480501e-03
9.189315465818007414e-03
8.923525048892018766e-03
8.666912501086873957e-03
8.419175520360921983e-03
8.180011804672517040e-03
7.949119051980002917e-03
7.726194960241735549e-03
7.510937227416065662e-03
7.303043551461344852e-03
7.102211630335924716e-03
6.908139161998156849e-03
6.720523844406400653e-03
6.539063375518992978e-03
6.363481818200089971e-03
6.193608694937063376e-03
6.029299893123067806e-03
5.870411300151276088e-03
5.716798803414848903e-03
5.568318290306951274e-03
5.424825648220749953e-03
5.286176764549413432e-03
5.152227526686098055e-03
5.022833822023969712e-03
4.897851537956196891e-03
4.777136561875943745e-03
4.660544781176371824e-03
4.547932083250651354e-03
4.439154355491941283e-03
4.334067485293412701e-03
4.232527360048229763e-03
4.134389867149550549e-03
4.039510893990543548e-03
3.947746327964375516e-03
3.858952056464206703e-03
3.772983966883207765e-03
3.689697946614539821e-03
3.608949883051367456e-03
3.530595663586856992e-03
3.454491175614175617e-03
3.380492306526482280e-03
3.308454943716944603e-03
3.238236405507933027e-03
3.169741283882993293e-03
3.102931143007015263e-03
3.037770938877086286e-03
2.974225627490288074e-03
2.912260164843708844e-03
2.851839506934425970e-03
2.792928609759526802e-03
2.735492429316096520e-03
2.679495921601217270e-03
2.624904042611974665e-03
2.571681748345452153e-03
2.519793994798733613e-03
2.469205737968903792e-03
2.419881933853048304e-03
2.371787538448247995e-03
2.324887507751587611e-03
2.279146797760152332e-03
2.234530364471026039e-03
2.191003163881292612e-03
2.148530151988035930e-03
2.107076284788339873e-03
2.066606518279289623e-03
2.027085808457971226e-03
1.988479111321463794e-03
1.950751382866853590e-03
1.913867579091225795e-03
1.877792655991663206e-03
1.842491569565250353e-03
1.807931615939834110e-03
1.774094532883568583e-03
1.740967561805476004e-03
1.708537954948517604e-03
1.676792964555652013e-03
1.645719842869840894e-03
1.615305842134045046e-03
1.585538214591224182e-03
1.556404212484340183e-03
1.527891088056352546e-03
1.499986093550221850e-03
1.472676481208909545e-03
1.445949503275376861e-03
1.419792411992581993e-03
1.394192459603486390e-03
1.369136898351051498e-03
1.344612980478237033e-03
1.320607958228004223e-03
1.297109083843313434e-03
1.274103609567125029e-03
1.251578787642399588e-03
1.229521870312098560e-03
1.207920109819181223e-03
1.186760758406608593e-03
1.166031068317341249e-03
1.145718291794339989e-03
1.125809681080564961e-03
1.106292488418977610e-03
1.087153992001951277e-03
1.068383730864532312e-03
1.049975227276768886e-03
1.031922408968303671e-03
1.014219203668775219e-03
9.968595391078244675e-04
9.798373430150917034e-04
9.631465431202173222e-04
9.467810671528415021e-04
9.307348428426038796e-04
9.150017979191464763e-04
8.995758601121069771e-04
8.844509571511271866e-04
8.696210167658468496e-04
8.550799666859064700e-04
8.408217346409463345e-04
8.268402483606064049e-04
8.131294355745271847e-04
7.996832240123489611e-04
7.864955414037118038e-04
7.735603154782558916e-04
7.608714739656214027e-04
7.484229445954488410e-04
7.362086550973778428e-04
7.242225332010494539e-04
7.124585066361036360e-04
7.009105031321806760e-04
6.895724504189203186e-04
6.784382762259638265e-04
6.675020908333297292e-04
6.567597978959634165e-04
6.462083189697249855e-04
6.358445872936982577e-04
6.256655361069680303e-04
6.156680986486177997e-04
6.058492081577321461e-04
5.962057978733949996e-04
5.867348010346910489e-04
5.774331508807036819e-04
5.682977806505172622e-04
5.593256235832160450e-04
5.505136129178841769e-04
5.418586818936060217e-04
5.333577637494654007e-04
5.250077917245466776e-04
5.168056990579339991e-04
5.087484189887116204e-04
5.008328847559635798e-04
4.930560295987736989e-04
4.854147867562264495e-04
4.779060894674061954e-04
4.705268709713967038e-04
4.632740645072824467e-04
4.561446033141471914e-04
4.491354206310760062e-04
4.422434496971518452e-04
4.354656237514595058e-04
4.287988768311192509e-04
4.222405483756850805e-04
4.157890416070811833e-04
4.094429321230688224e-04
4.032007955214097486e-04
3.970612073998658754e-04
3.910227433561989539e-04
3.850839789881704096e-04
3.792434898935420477e-04
3.734998516700757817e-04
3.678516399155329830e-04
3.622974302276755652e-04
3.568357982042653334e-04
3.514653194430638217e-04
3.461845695418327810e-04
3.409921240983342875e-04
3.358865587103294957e-04
3.308664489755801567e-04
3.259303704918482922e-04
3.210768988568954365e-04
3.163046096684833945e-04
3.116120785243737547e-04
3.069978810223283222e-04
3.024605927601087935e-04
2.979987893354770823e-04
2.936110463461945059e-04
2.892959393900229235e-04
2.850520440647240318e-04
2.808779359680596359e-04
2.767721906977913785e-04
2.727333838516811187e-04
2.687600910274902280e-04
2.648508878229807284e-04
2.610043498359144250e-04
2.572190526640525808e-04
2.534935719051572721e-04
2.498264831569900328e-04
2.462163620173125596e-04
2.426617840838867391e-04
2.391613249544741865e-04
2.357135602268365716e-04
2.323170654987358349e-04
2.289704163679333207e-04
2.256721884321909156e-04
2.224209572892702348e-04
2.192152985369331649e-04
2.160537877729414025e-04
2.129350005950565088e-04
2.098575126010403973e-04
2.068198993886543853e-04
2.038207365556607387e-04
2.008585996998206121e-04
1.979320644188962714e-04
1.950397063106488441e-04
1.921801009728406231e-04
1.893518240032329800e-04
1.865534509995875302e-04
1.837835575596662955e-04
