1.790565860149145594e-01
1.578956978888834684e-01
1.379401488754457838e-01
1.191708748797695588e-01
1.015688118070232349e-01
8.511489556237489262e-02
6.979006205099297366e-02
5.557524717804554482e-02
4.245138684870104068e-02
3.039941696812755931e-02
1.940027344149342428e-02
9.434892173966905396e-03
4.842090707162405197e-04
-7.470839963090364355e-03
-1.444931902228459297e-02
-2.047029220169821473e-02
-2.555282359616299626e-02
-2.971597730051062786e-02
-3.297881740957294555e-02
-3.536040801818161883e-02
-3.687981322116838656e-02
-3.755609711336505008e-02
-3.740832378960337601e-02
-3.645555734471500609e-02
-3.471686187353178327e-02
-3.221130147088542561e-02
-2.895794023160768935e-02
-2.497584225053022661e-02
-2.028407162248494280e-02
-1.490169244230350049e-02
-8.847768804817662813e-03
-2.141364804859081060e-03
5.198455462740353243e-03
1.315262790314894459e-02
2.170208842153496451e-02
3.082777292306664377e-02
4.051061731291223655e-02
5.073155749624003868e-02
6.147152937821833557e-02
7.271146886401526344e-02
8.443231185879911116e-02
9.661499426773821619e-02
1.092404519960006593e-01
1.222896209487548541e-01
1.357434370311690064e-01
1.495828361484114188e-01
1.637887542056501999e-01
1.783421271080537496e-01
1.932238907607902179e-01
2.084149810690279769e-01
2.238963339379350936e-01
2.396488852726801067e-01
2.556535709784309440e-01
2.718913269603561167e-01
2.883430891236238303e-01
3.049897933734020405e-01
3.218123756148594805e-01
3.387917717531639950e-01
3.559089176934842058e-01
3.731447493409879024e-01
3.904802026008438731e-01
4.078962133782198518e-01
4.253737175782844604e-01
4.428936511062058767e-01
4.604369498671523342e-01
4.779845497662920661e-01
4.955173867087932504e-01
5.130163965998242315e-01
5.304625153445532426e-01
5.478366788481486838e-01
5.651198230157783442e-01
5.822928837526109014e-01
5.993367969638146997e-01
6.162325200188479846e-01
6.329631058378745179e-01
6.495154319595889403e-01
6.658767829492251433e-01
6.820344433720179067e-01
6.979756977932016770e-01
7.136878307780106789e-01
7.291581268916799141e-01
7.443738706994434962e-01
7.593223467665364268e-01
7.739908396581927086e-01
7.883666339396474543e-01
8.024370141761347774e-01
8.161892649328893468e-01
8.296106707751453868e-01
8.426885162681375663e-01
8.554100859771009979e-01
8.677626644672692402e-01
8.797335363038775169e-01
8.913099860521600526e-01
9.024792982773516270e-01
9.132287575446863537e-01
9.235456484193989013e-01
9.334172554667239385e-01
9.428308632518960231e-01
9.517737563401496015e-01
9.602332192967192315e-01
9.681965366868393597e-01
9.756509930757440996e-01
9.825838730286688971e-01
9.889824611108476438e-01
9.948340418875147861e-01
1.000125899923905326e+00
1.004845319785253599e+00
1.008979586036793608e+00
1.012515983243761131e+00
1.015441795971389061e+00
1.017747876850445543e+00
1.019443850104464033e+00
1.020545491301956487e+00
1.021068579579500035e+00
1.021028894073672255e+00
1.020442213921050056e+00
1.019324318258211459e+00
1.017690986221733151e+00
1.015557996948192931e+00
1.012941129574167931e+00
1.009856163236235727e+00
1.006318877070973006e+00
1.002345050214958011e+00
9.979504618047677633e-01
9.931508909769795057e-01
9.879621168681702592e-01
9.823999186149181551e-01
9.764800753538002143e-01
9.702183662213932358e-01
9.636305703542753509e-01
9.567324668890235806e-01
9.495398349622151679e-01
9.420684537104274670e-01
9.343341022702384979e-01
9.263525597782241716e-01
9.181396053709631744e-01
9.097110181850327493e-01
9.010825773570095842e-01
8.922700620234712554e-01
8.832892513209948948e-01
8.741559243861589668e-01
8.648858603555393820e-01
8.554948383657144939e-01
8.459986375532607683e-01
8.364130370547566695e-01
8.267538160067785524e-01
8.170364859054367601e-01
8.072715412271476154e-01
7.974650207301727800e-01
7.876228082882426040e-01
7.777507877750878817e-01
7.678548430644397405e-01
7.579408580300288634e-01
7.480147165455862668e-01
7.380823024848426339e-01
7.281494997215290921e-01
7.182221921293765465e-01
7.083062635821157915e-01
6.984075979534773992e-01
6.885320791171926080e-01
6.786855909469919901e-01
6.688740173166067837e-01
6.591032420997680052e-01
6.493791491702057828e-01
6.397076224016513546e-01
6.300945456678357370e-01
6.205458028424898353e-01
6.110672777993444438e-01
6.016648544121301345e-01
5.923444165545781459e-01
5.831118481004194942e-01
5.739730329233845296e-01
5.649338548972044904e-01
5.560001978956103930e-01
5.471779457923325873e-01
5.384729824611024229e-01
5.298911917756505829e-01
5.214384576097078616e-01
5.131206638370050532e-01
5.049436943312737291e-01
4.969134329662439065e-01
4.890357636156468235e-01
4.813165616338730968e-01
4.737593968288740798e-01
4.663624249679088063e-01
4.591230254933613142e-01
4.520385778476159189e-01
4.451064614730566027e-01
4.383240558120678476e-01
4.316887403070332474e-01
4.251978944003373395e-01
4.188488975343640508e-01
4.126391291514978077e-01
4.065659686941223150e-01
4.006267956046221101e-01
3.948189893253811755e-01
3.891399292987836600e-01
3.835869949672136570e-01
3.781575657730553153e-01
3.728490211586931724e-01
3.676587405665106001e-01
3.625841034388922468e-01
3.576224892182221504e-01
3.527712773468845153e-01
3.480278472672632684e-01
3.433895784217427805e-01
3.388538502527071450e-01
3.344180422025404553e-01
3.300795337136269714e-01
3.258357042283505645e-01
3.216839331890956055e-01
3.176216000382460769e-01
3.136460842181862385e-01
3.097547651713001282e-01
3.059450223399721169e-01
3.022142351665859650e-01
2.985597830935262653e-01
2.949790455631768893e-01
2.914694020179219303e-01
2.880283459966263560e-01
2.846541667398126974e-01
2.813454923342049718e-01
2.781009521186146860e-01
2.749191754318534575e-01
2.717987916127328485e-01
2.687384300000644766e-01
2.657367199326600149e-01
2.627922907493308036e-01
2.599037717888885712e-01
2.570697923901448245e-01
2.542889818919113476e-01
2.515599696329994805e-01
2.488813849522208133e-01
2.462518571883871021e-01
2.436700156803099648e-01
2.411344897668006582e-01
2.386439087866709385e-01
2.361969020787325069e-01
2.337920989817966755e-01
2.314281288346752841e-01
2.291036209761798115e-01
2.268172047451219031e-01
2.245675094803129823e-01
2.223531645205648333e-01
2.201727992046888516e-01
2.180250428714967104e-01
2.159085248597999440e-01
2.138218745084101424e-01
2.117637211561389510e-01
2.097326941417978763e-01
2.077274228041985638e-01
2.057465364821524922e-01
2.037886645144714182e-01
2.018524362399667094e-01
1.999364809974500667e-01
1.980394479497176452e-01
1.961605565559528253e-01
1.942996684138465213e-01
1.924566793769348916e-01
1.906314852987540942e-01
1.888239820328401763e-01
1.870340654327294905e-01
1.852616313519578617e-01
1.835065756440616980e-01
1.817687941625770465e-01
1.800481827610400098e-01
1.783446372929868295e-01
1.766580536119535805e-01
1.749883275714764208e-01
1.733353550250915087e-01
1.716990318263350301e-01
1.700792538287430045e-01
1.684759168858516731e-01
1.668889168511971111e-01
1.653181495783155319e-01
1.637635109207430384e-01
1.622248967320157886e-01
1.607022028656699408e-01
1.591953251752415699e-01
1.577041595142669450e-01
1.562286017362821133e-01
1.547685476948232053e-01
1.533238932434264346e-01
1.518945342356278483e-01
1.504803665249637157e-01
1.490812859649700561e-01
1.476971884091831111e-01
1.463279697111390665e-01
1.449735257243738584e-01
1.436337523024237839e-01
1.423085452988249733e-01
1.409978005583143734e-01
1.397013987559338477e-01
1.384191742745169984e-01
1.371509526977702786e-01
1.358965596094001693e-01
1.346558205931132346e-01
1.334285612326158443e-01
1.322146071116144517e-01
1.310137838138156208e-01
1.298259169229258325e-01
1.286508320226514845e-01
1.274883546966990577e-01
1.263383105287750052e-01
1.252005251025859744e-01
1.240748240018382936e-01
1.229610328102383882e-01
1.218589771114928222e-01
1.207684824893080489e-01
1.196893745273905907e-01
1.186214788094468453e-01
1.175646209191832936e-01
1.165186264403064720e-01
1.154833209565228336e-01
1.144585300515388454e-01
1.134440793090609467e-01
1.124397943127956739e-01
1.114455006464493969e-01
1.104610238937287214e-01
1.094861896383400451e-01
1.085208234639898350e-01
1.075647509543846414e-01
1.066177976932308341e-01
1.056797892642350467e-01
1.047505512511035380e-01
1.038299092375429417e-01
1.029176888072596691e-01
1.020137155439602150e-01
1.011178222972172885e-01
1.002299101902024009e-01
9.934991775394533264e-02
9.847778390263675630e-02
9.761344755046739985e-02
9.675684761162790803e-02
9.590792300030902273e-02
9.506661263070141643e-02
9.423285541699583101e-02
9.340659027338292508e-02
9.258775611405337114e-02
9.177629185319791105e-02
9.097213640500727283e-02
9.017522868367208733e-02
8.938550760338309642e-02
8.860291207833095872e-02
8.782738102270636060e-02
8.705885335070007169e-02
8.629726797650273673e-02
8.554256381430506984e-02
8.479467977829777126e-02
8.405355478267156899e-02
8.331912774161708002e-02
8.259133756932503234e-02
8.187012317998616784e-02
8.115542348779113124e-02
8.044717740693065056e-02
7.974532385159541215e-02
7.904980173597613013e-02
7.836054997426349089e-02
7.767750748064819466e-02
7.700061316932090005e-02
7.632980595447237671e-02
7.566502475029325547e-02
7.500620847097427824e-02
7.435329603070611748e-02
7.370622634367948733e-02
7.306493832408506028e-02
7.242937088611356433e-02
7.179946294395572748e-02
7.117515341180216670e-02
7.055638120384363776e-02
6.994308523427078539e-02
6.933520441727436534e-02
6.873267766704503623e-02
6.813544389777351218e-02
6.754344202365049343e-02
6.695661095886666636e-02
6.637488961761275896e-02
6.579821691407941597e-02
6.522653176245740703e-02
6.465977307693733522e-02
6.409787977170995632e-02
6.354079076096599832e-02
6.298844495889607820e-02
6.244078127969095171e-02
6.189773863754133298e-02
6.135925594663785981e-02
6.082527212117126020e-02
6.029572607533224132e-02
5.977055672331148262e-02
5.924970297929967045e-02
5.873310375748754669e-02
5.822069797206579772e-02
5.771242453722505439e-02
5.720822236715612796e-02
5.670803037604958685e-02
5.621178747809625620e-02
5.571943258748672523e-02
5.523090461841178439e-02
5.474614248506208536e-02
5.426508510162827287e-02
5.378767138230115818e-02
