1.790565860149145594e-01
1.325443248049039680e-01
9.002116903381372770e-02
5.141766526278364335e-02
1.666436005295371392e-02
-1.430820003453638252e-02
-4.156946843854660012e-02
-6.518889859793713937e-02
-8.523594395156822157e-02
-1.017800579382997367e-01
-1.148906939969920604e-01
-1.246373055665052215e-01
-1.310893460856994153e-01
-1.343162689934346843e-01
-1.343875277285711545e-01
-1.313725757299690766e-01
-1.253408664364884240e-01
-1.163618532869894751e-01
-1.045049897203322031e-01
-8.983972917537684511e-02
-7.243552509098363790e-02
-5.236183090601249923e-02
-2.968810005932371807e-02
-4.483785989777310139e-03
2.318165786376652840e-02
5.323877806244759620e-02
8.561812116740591394e-02
1.202502337397815257e-01
1.570656623407137853e-01
1.959949535313428581e-01
2.369686538728086878e-01
2.799173099262508013e-01
3.247714682528096142e-01
3.714616754136244037e-01
4.199184779698355574e-01
4.700724224825826858e-01
5.218540555130054548e-01
5.751939236222439744e-01
6.300225733714386323e-01
6.862705513217282061e-01
7.438684040342532500e-01
8.027466780701536520e-01
8.628359199905688559e-01
9.240666763566391939e-01
9.863694937295045539e-01
1.049674918670304047e+00
1.113913497740178560e+00
1.179015777500267426e+00
1.244912304511710532e+00
1.311533625335648212e+00
1.378810286533218799e+00
1.446672834665564622e+00
1.515051816293823350e+00
1.583877777979135759e+00
1.653081266282642181e+00
1.722592827765481838e+00
1.792343008988794617e+00
1.862262356513719963e+00
1.932280245365282090e+00
2.002318820671998623e+00
2.072297472283006314e+00
2.142135584623658495e+00
2.211752542119309606e+00
2.281067729195314531e+00
2.350000530277030375e+00
2.418470329789810691e+00
2.486396512159010364e+00
2.553698461809985609e+00
2.620295563168089537e+00
2.686107200658680139e+00
2.751052758707108303e+00
2.815051621738733356e+00
2.878023174178907961e+00
2.939886800452987892e+00
3.000561884986327144e+00
3.059967812204281934e+00
3.118023966532208036e+00
3.174649732395458113e+00
3.229764494219389270e+00
3.283287636429355505e+00
3.335138543450712145e+00
3.385236599708814076e+00
3.433501189629017514e+00
3.479851697636675123e+00
3.524207508157144453e+00
3.566488005615778167e+00
3.606612960562864512e+00
3.644535784683226254e+00
3.680269159838467363e+00
3.713831801092228879e+00
3.745242423508145624e+00
3.774519742149856416e+00
3.801682472081000075e+00
3.826749328365214975e+00
3.849739026066136383e+00
3.870670280247406669e+00
3.889561805972661102e+00
3.906432318305537166e+00
3.921300532309673237e+00
3.934185163048709022e+00
3.945104925586283340e+00
3.954078534986029680e+00
3.961124706311589083e+00
3.966262154626600367e+00
3.969509594994699242e+00
3.970885742479524971e+00
3.970409312144715930e+00
3.968099019053910492e+00
3.963973578270745257e+00
3.958051704858858155e+00
3.950352113881890226e+00
3.940893520403474959e+00
3.929694639487253394e+00
3.916774186196863461e+00
3.902150875595942203e+00
3.885845607110152589e+00
3.867900739337684080e+00
3.848370810879375270e+00
3.827310500135233440e+00
3.804774485505265424e+00
3.780817445389481168e+00
3.755494058187886175e+00
3.728859002300489056e+00
3.700966956127297092e+00
3.671872598068316229e+00
3.641630606523555969e+00
3.610295659893024478e+00
3.577922436576728149e+00
3.544565614974675594e+00
3.510279873486871427e+00
3.475119890513325593e+00
3.439140344454047149e+00
3.402395913709041597e+00
3.364941276678315774e+00
3.326831111761879622e+00
3.288120097359739535e+00
3.248862911871901904e+00
3.209114233698376228e+00
3.168928741239169344e+00
3.128361112894288532e+00
3.087466027063742402e+00
3.046298162147537347e+00
3.004912196545680647e+00
2.963362795025442420e+00
2.921697696922822107e+00
2.879946469133094489e+00
2.838135733879980194e+00
2.796292113387192302e+00
2.754442229878449222e+00
2.712612705577465366e+00
2.670830162707955591e+00
2.629121223493636972e+00
2.587512510158227030e+00
2.546030644925439290e+00
2.504702250018989496e+00
2.463553947662595611e+00
2.422612360079972493e+00
2.381904109494837662e+00
2.341455818130903310e+00
2.301294108211888290e+00
2.261445601961507901e+00
2.221936921603477444e+00
2.182794689361514440e+00
2.144045527459332856e+00
2.105716058120648881e+00
2.067832903569179592e+00
2.030422686028640733e+00
1.993512027722746938e+00
1.957127550875215949e+00
1.921295877709761291e+00
1.886043630450102482e+00
1.851397431319951936e+00
1.817382882251909360e+00
1.784008447476221226e+00
1.751268370915688211e+00
1.719156466057800925e+00
1.687666546390044431e+00
1.656792425399908453e+00
1.626527916574879606e+00
1.596866833402447394e+00
1.567802989370097988e+00
1.539330197965320224e+00
1.511442272675602272e+00
1.484133026988431192e+00
1.457396274391296487e+00
1.431225828371683662e+00
1.405615502417082663e+00
1.380559110014980773e+00
1.356050464652865273e+00
1.332083379818225000e+00
1.308651668998547013e+00
1.285749145681319705e+00
1.263369623354031468e+00
1.241506915504168918e+00
1.220154835619221112e+00
1.199307197186675555e+00
1.178957813694020196e+00
1.159100498628742537e+00
1.139729065478330972e+00
1.120837327730274113e+00
1.102419098872058134e+00
1.084467484058890374e+00
1.066972755116851079e+00
1.049924475539738333e+00
1.033312208821351108e+00
1.017125518455488153e+00
1.001353967935947553e+00
9.859871207565279461e-01
9.710145404110287481e-01
9.564257903932475990e-01
9.422104341969831376e-01
9.283580353160341136e-01
9.148581572441992771e-01
9.017003634752768226e-01
8.888742175030659443e-01
8.763692828213645036e-01
8.641751229239716947e-01
8.522813013046862674e-01
8.406773814573058612e-01
8.293529268756294481e-01
8.182975010534560001e-01
8.075006674845834898e-01
7.969519896628111111e-01
7.866410310819371698e-01
7.765573552357600828e-01
7.666905256180787109e-01
7.570301057226914709e-01
7.475656590433971127e-01
7.382867490739938310e-01
7.291830300832442546e-01
7.202471552757533368e-01
7.114753920445004987e-01
7.028642229527511942e-01
6.944101305637688792e-01
6.861095974408192300e-01
6.779591061471655911e-01
6.699551392460729726e-01
6.620941793008060516e-01
6.543727088746290610e-01
6.467872105308068997e-01
6.393341668326038008e-01
6.320100603432844411e-01
6.248113736261131645e-01
6.177345892443552033e-01
6.107761897612742352e-01
6.039326577401348262e-01
5.972004757442018752e-01
5.905761263367399483e-01
5.840560920810132783e-01
5.776368555402864313e-01
5.713148992778241952e-01
5.650867058568908030e-01
5.589487578407513757e-01
5.528975377926694801e-01
5.469295282759102372e-01
5.410412118537383241e-01
5.352290710894177517e-01
5.294895885462135299e-01
5.238195412122740313e-01
5.182175230589456394e-01
5.126828205012833317e-01
5.072147213174208469e-01
5.018125132854908133e-01
4.964754841836270249e-01
4.912029217899631650e-01
4.859941138826321394e-01
4.808483482397675202e-01
4.757649126395026573e-01
4.707430948599706233e-01
4.657821826793052122e-01
4.608814638756399962e-01
4.560402262271075480e-01
4.512577575118415507e-01
4.465333455079757985e-01
4.418662779936431417e-01
4.372558427469773190e-01
4.327013275461115138e-01
4.282020201691790207e-01
4.237572083943133006e-01
4.193661799996478701e-01
4.150282227633158016e-01
4.107426244634506118e-01
4.065086728781855951e-01
4.023256557856541571e-01
3.981928609639898142e-01
3.941095761913258055e-01
3.900750895946144547e-01
3.860887196916689135e-01
3.821498385440267875e-01
3.782578236635243951e-01
3.744120525619971107e-01
3.706119027512813080e-01
3.668567517432125835e-01
3.631459770496268669e-01
3.594789561823601431e-01
3.558550666532479534e-01
3.522736859741267823e-01
3.487341916568318934e-01
3.452359612131993272e-01
3.417783721550651244e-01
3.383608019942649925e-01
3.349826282426348056e-01
3.316432284120105489e-01
3.283419800142279854e-01
3.250782605611232112e-01
3.218514475645317674e-01
3.186609185362897501e-01
3.155060509882328668e-01
3.123862224321971026e-01
3.093008103800183317e-01
3.062491923435323726e-01
3.032307458345752660e-01
3.002448483649826638e-01
2.972908774465904402e-01
2.943682105912348024e-01
2.914762413332382951e-01
2.886145206118378992e-01
2.857826887076587719e-01
2.829803869267649707e-01
2.802072565752208311e-01
2.774629389590906881e-01
2.747470753844387104e-01
2.720593071573291777e-01
2.693992755838264253e-01
2.667666219699946217e-01
2.641609876218978803e-01
2.615820138456005917e-01
2.590293419471670910e-01
2.565026132326616026e-01
2.540014690081482396e-01
2.515255505796913926e-01
2.490744992533552304e-01
2.466479563352041438e-01
2.442455631313022180e-01
2.418669609477137605e-01
2.395117910905030234e-01
2.371796948657342585e-01
2.348703135794718289e-01
2.325832885377797088e-01
2.303182610467225389e-01
2.280748724123644045e-01
2.258527639407694187e-01
2.236515769380019725e-01
2.214709528002150873e-01
2.193105786887209474e-01
2.171702618533295492e-01
2.150498290030517512e-01
2.129491068468990222e-01
2.108679220938825816e-01
2.088061014530137038e-01
2.067634716333035527e-01
2.047398593437634584e-01
2.027350912934045568e-01
2.007489941912380949e-01
1.987813947462754582e-01
1.968321196675278106e-01
1.949009956640063435e-01
1.929878494447223036e-01
1.910925077186871324e-01
1.892147971949118268e-01
1.873545445824076894e-01
1.855115765901860503e-01
1.836857199272580454e-01
1.818768013026350050e-01
1.800846474253281204e-01
1.783090850043486664e-01
1.765499407487078620e-01
1.748070413674170653e-01
1.730802135694873845e-01
1.713692840639300108e-01
1.696740795597563023e-01
1.679944267659775059e-01
1.663301523916048130e-01
1.646810831456495261e-01
1.630470457371228366e-01
1.614278668750359358e-01
1.598233732684002373e-01
1.582333916262268492e-01
1.566577486575270461e-01
1.550962710713120751e-01
1.535487855765931553e-01
1.520151188823815336e-01
1.504950976976885402e-01
1.489885487315253387e-01
1.474952986929032595e-01
1.460151742908333550e-01
1.445480022343270388e-01
1.430936092323954467e-01
1.416518219940499368e-01
1.402224672283017004e-01
1.388053716441619567e-01
1.374003619506420359e-01
1.360072648567529907e-01
1.346259070715063177e-01
1.332561153039129864e-01
1.318977162629845490e-01
1.305505366577319193e-01
1.292144031971666496e-01
1.278891425902998480e-01
1.265745815461426504e-01
1.252705467737064982e-01
