1.790565860149145594e-01
1.981240450769669592e-01
2.161788520219030396e-01
2.332417695731557328e-01
2.493335604541581652e-01
2.644749873883431301e-01
2.786868130991440040e-01
2.919898003099933859e-01
3.044047117443247075e-01
3.159523101255705124e-01
3.266533581771643435e-01
3.365286186225390219e-01
3.455988541851273133e-01
3.538848275883626493e-01
3.614073015556777957e-01
3.681870388105059066e-01
3.742448020762797478e-01
3.796013540764327510e-01
3.842774575343976262e-01
3.882938751736074168e-01
3.916713697174953879e-01
3.944307038894942496e-01
3.965926404130371563e-01
3.981779420115572621e-01
3.992073714084873881e-01
3.997016913272606886e-01
3.996816644913101513e-01
3.991680536240686528e-01
3.981816214489693473e-01
3.967431306894453336e-01
3.948733440689295437e-01
3.925930243108549655e-01
3.899229341386546976e-01
3.868838362757617833e-01
3.834964934456090990e-01
3.797816683716297437e-01
3.757601237772567604e-01
3.714526223859231369e-01
3.668799269210620273e-01
3.620628001061061974e-01
3.570220046644889678e-01
3.517783033196430487e-01
3.463524587950017608e-01
3.407652338139979808e-01
3.350373911000647520e-01
3.291896933766349509e-01
3.232429033671418428e-01
3.172177837950183044e-01
3.111350973836973788e-01
3.050156068566121648e-01
2.988800749371955390e-01
2.927492643488806001e-01
2.866439378151005579e-01
2.805848580592880115e-01
2.745927878048762816e-01
2.686884897752984669e-01
2.628927266939873331e-01
2.572262612843759788e-01
2.517071943973238635e-01
2.463371996793345953e-01
2.411116904469699229e-01
2.360260676933076951e-01
2.310757324114254552e-01
2.262560855944008853e-01
2.215625282353117509e-01
2.169904613272356508e-01
2.125352858632502950e-01
2.081924028364333656e-01
2.039572132398626281e-01
1.998251180666155702e-01
1.957915183097699852e-01
1.918518149624034719e-01
1.880014090175938790e-01
1.842357014684186944e-01
1.805500933079556836e-01
1.769399855292825285e-01
1.734007791254768560e-01
1.699278750896164314e-01
1.665166744147788536e-01
1.631625780940418324e-01
1.598609871204830224e-01
1.566073024871801611e-01
1.533969251872108197e-01
1.502252562136527636e-01
1.470876965595836749e-01
1.439796472180811526e-01
1.408965314194803864e-01
1.378357098151746785e-01
1.347979564755805437e-01
1.317843929282628279e-01
1.287961407007862380e-01
1.258343213207155364e-01
1.229000563156154857e-01
1.199944672130508899e-01
1.171186755405864699e-01
1.142738028257870020e-01
1.114609705962172487e-01
1.086813003794419169e-01
1.059359137030258802e-01
1.032259320945337761e-01
1.005524770815305752e-01
9.791667019158077634e-02
9.531963295224928079e-02
9.276248689110086487e-02
9.024635353570029106e-02
8.777235441361222468e-02
8.534161105240153922e-02
8.295524497963290000e-02
8.061437772287116665e-02
7.832013080968107388e-02
7.607362576762735640e-02
7.387598412427476280e-02
7.172832740718806943e-02
6.963177714393212203e-02
6.758745486207155817e-02
6.559635330406728138e-02
6.365820002751911011e-02
6.177200448428756679e-02
5.993676788398629579e-02
5.815149143622904554e-02
5.641517635062961999e-02
5.472682383680170515e-02
5.308543510435911883e-02
5.149001136291553316e-02
4.993955382208471044e-02
4.843306369148043383e-02
4.696954218071644482e-02
4.554799049940644329e-02
4.416740985716421236e-02
4.282680146360346579e-02
4.152516652833799365e-02
4.026150626098155133e-02
3.903482187114783175e-02
3.784411456845059724e-02
3.668838556250361010e-02
3.556663606292063268e-02
3.447786727931536482e-02
3.342108042130158274e-02
3.239527669849302099e-02
3.139945732050342803e-02
3.043262349694657309e-02
2.949377643743617342e-02
2.858191735158597743e-02
2.769604771140285818e-02
2.683530228460022024e-02
2.599916560892437736e-02
2.518717889903632559e-02
2.439888336959698811e-02
2.363382023526735404e-02
2.289153071070833614e-02
2.217155601058089578e-02
2.147343734954598043e-02
2.079671594226455145e-02
2.014093300339757017e-02
1.950562974760594939e-02
1.889034738955067128e-02
1.829462714389267636e-02
1.771801022529292946e-02
1.716003784841235377e-02
1.662025122791191412e-02
1.609819157845256143e-02
1.559340011469525014e-02
1.510541805130093639e-02
1.463378660293055029e-02
1.417804698424505495e-02
1.373774040990539957e-02
1.331240809457254724e-02
1.290159125290742635e-02
1.250483109957099999e-02
1.212166884922421389e-02
1.175164571652803289e-02
1.139430291614338883e-02
1.104918667132828020e-02
1.071592733411912308e-02
1.039422506387358697e-02
1.008378213295123456e-02
9.784300813711592146e-03
9.495483378514222444e-03
9.217032099718670823e-03
8.948649249684496529e-03
8.690037100771231052e-03
8.440897925338431904e-03
8.200933995745651392e-03
7.969847584352436620e-03
7.747340963518339896e-03
7.533116405602899648e-03
7.326876182965674257e-03
7.128322567966209090e-03
6.937157832964058191e-03
6.753084250318763457e-03
6.575804092389877197e-03
6.405019631536949115e-03
6.240433140119532388e-03
6.081746890497167178e-03
5.928663155029405794e-03
5.780884206075800544e-03
5.638112315995898530e-03
5.500049757149249458e-03
5.366398801895399563e-03
5.236861722593907226e-03
5.111140791604310007e-03
4.988974884388782879e-03
4.870249288820000140e-03
4.754885895873247476e-03
4.642806596523823583e-03
4.533933281747015882e-03
4.428187842518119602e-03
4.325492169812424764e-03
4.225768154605228331e-03
4.128937687871816857e-03
4.034922660587484701e-03
3.943644963727523621e-03
3.855026488267227543e-03
3.768989125181886057e-03
3.685454765446795258e-03
3.604345300037243433e-03
3.525582619928526677e-03
3.449088616095938482e-03
3.374785179514763669e-03
3.302594201160299631e-03
3.232437572007838995e-03
3.164237183032672217e-03
3.097914925210092357e-03
3.033392689515392038e-03
2.970592366923863886e-03
2.909435848410799226e-03
2.849845024951492417e-03
2.791741787521233049e-03
2.735048027095313746e-03
2.679686333429490749e-03
2.625602381915549850e-03
2.572769669760000422e-03
2.521163350537858165e-03
2.470758577824136177e-03
2.421530505193851459e-03
2.373454286222014074e-03
2.326505074483640155e-03
2.280658023553744536e-03
2.235888287007340748e-03
2.192171018419444492e-03
2.149481371365067998e-03
2.107794499419228269e-03
2.067085556156937533e-03
2.027329695153212794e-03
1.988502069983064981e-03
1.950577834221508926e-03
1.913532141443560763e-03
1.877340145224233592e-03
1.841976999138542894e-03
1.807417856761500685e-03
1.773637871668123749e-03
1.740612197433425400e-03
1.708315987632421772e-03
1.676724395840123146e-03
1.645812575631546738e-03
1.615555680581706732e-03
1.585928864265616443e-03
1.556907280258291136e-03
1.528467697396946982e-03
1.500596852780447478e-03
1.473285282365057076e-03
1.446523529585108528e-03
1.420302137874928945e-03
1.394611650668851075e-03
1.369442611401205500e-03
1.344785563506322151e-03
1.320631050418532692e-03
1.296969615572167271e-03
1.273791802401556253e-03
1.251088154341030651e-03
1.228849214824922348e-03
1.207065527287559540e-03
1.185727635163273891e-03
1.164826081886397285e-03
1.144351410891258350e-03
1.124294165612189401e-03
1.104644889483520371e-03
1.085394125939582056e-03
1.066532418414704820e-03
1.048050310343220546e-03
1.029938345159458297e-03
1.012187066297749521e-03
9.947870171924245823e-04
9.777287412778142787e-04
9.610027819882494080e-04
9.445996827580606598e-04
9.285100039879428009e-04
9.127257842730860087e-04
8.972416665456053961e-04
8.820525588370627026e-04
8.671533691790167401e-04
8.525390056030285975e-04
8.382043761406580626e-04
8.241443888234650317e-04
8.103539516830097263e-04
7.968279727508521511e-04
7.835613600585532865e-04
7.705490216376716193e-04
7.577858655197680215e-04
7.452667997364024978e-04
7.329867323191351612e-04
7.209405712995257997e-04
7.091232247091350683e-04
6.975296005795227549e-04
6.861546069422489727e-04
6.749931518288738346e-04
6.640401432709571285e-04
6.532904893000594012e-04
6.427390979477401152e-04
6.323808772455596005e-04
6.222107352250782954e-04
6.122235799178559878e-04
6.024143193554526822e-04
5.927778615694284919e-04
5.833091145913439635e-04
5.740031506916995832e-04
5.648566556243527414e-04
5.558672309394962954e-04
5.470324886986150260e-04
5.383500409631933889e-04
5.298174997947165989e-04
5.214324772546690030e-04
5.131925854045353824e-04
5.050954363058009515e-04
4.971386420199497324e-04
4.893198146084667228e-04
4.816365661328368122e-04
4.740865086545446188e-04
4.666672542350750862e-04
4.593764149359126159e-04
4.522116028185422599e-04
4.451704299444486906e-04
4.382505083751167432e-04
4.314494501720308735e-04
4.247648673966759165e-04
4.181943721105366532e-04
4.117355763750978645e-04
4.053860922518443314e-04
3.991435318022607264e-04
3.930055070878318304e-04
3.869696301700426954e-04
3.810335131103772892e-04
3.751947679703210433e-04
3.694510073710871633e-04
3.638001282762282421e-04
3.582407737680699746e-04
3.527717078304047366e-04
3.473916944470250667e-04
3.420994976017233406e-04
3.368938812782924222e-04
3.317736094605242534e-04
3.267374461322116439e-04
3.217841552771470237e-04
3.169125008791228771e-04
3.121212469219316341e-04
3.074091573893659958e-04
3.027749962652181753e-04
2.982175275332808197e-04
2.937355151773465216e-04
2.893277231812074941e-04
2.849929155286563842e-04
2.807298562034856219e-04
2.765373091894877456e-04
2.724140384704552397e-04
2.683588080301805342e-04
2.643703818524562217e-04
2.604475239210746781e-04
2.565889982198286045e-04
2.527935687325102141e-04
2.490599994429121538e-04
2.453870543348267452e-04
2.417734973920466623e-04
2.382180925983643622e-04
2.347196039375722750e-04
2.312767953934629392e-04
2.278884309498287305e-04
2.245532745904624044e-04
2.212700902991561469e-04
2.180376420597025507e-04
2.148546938558942084e-04
2.117200096715233604e-04
2.086323534903827348e-04
2.055904892962647618e-04
2.025931810729618985e-04
1.996391928042667917e-04
1.967272884739716004e-04
1.938562320658689987e-04
1.910247875637514708e-04
1.882317189514115009e-04
1.854757902126416005e-04
1.827557653312342266e-04
1.800704082909819449e-04
1.774184830756769414e-04
1.747987536691122154e-04
1.722099840550797361e-04
1.696509382173724757e-04
1.671203801397823764e-04
1.646170738061024917e-04
1.621397832001250346e-04
1.596872723056422727e-04
1.572583051064471780e-04
