1.790565860149145594e-01
1.675295235586427567e-01
1.566236667331884214e-01
1.463246188171177520e-01
1.366179830889973357e-01
1.274893628273933988e-01
1.189243613108725145e-01
1.109085818180009231e-01
1.034276276273451700e-01
9.646710201747150937e-02
9.001260826694652828e-02
8.404974965433653633e-02
7.856412945820788474e-02
7.354135095712707737e-02
6.896701742966042381e-02
6.482673215437445569e-02
6.110609840983544094e-02
5.779071947460989039e-02
5.486619862726411362e-02
5.231813914636457286e-02
5.013214431047768177e-02
4.829381739816980545e-02
4.678876168800737145e-02
4.560258045855678649e-02
4.472087698838445036e-02
4.412925455605674896e-02
4.381331644014011678e-02
4.375866591920093279e-02
4.395090627180561760e-02
4.437564077652057098e-02
4.501847271191219274e-02
4.586500535654689653e-02
4.690084198899108214e-02
4.811158588781114936e-02
4.948284033157349798e-02
5.100020859884454860e-02
5.264929396819068019e-02
5.441569971817831336e-02
5.628502912737388258e-02
5.824288547434372521e-02
6.027487203765429652e-02
6.236659209587197550e-02
6.450364892756318969e-02
6.667164581129433887e-02
6.885618602563182977e-02
7.104287284914199974e-02
7.321730956039133875e-02
7.536509943794622579e-02
7.747184576037305370e-02
7.952315180623827084e-02
8.150462085410815904e-02
8.340185618254929156e-02
8.520046107012796410e-02
8.688603879541059727e-02
8.844419263696358391e-02
8.986052587335338626e-02
9.112064178314634166e-02
9.221014364490887072e-02
9.311691739926521161e-02
9.384293597074222504e-02
9.439554076685464923e-02
9.478208376299711302e-02
9.500991693456410647e-02
9.508639225695024455e-02
9.501886170555012834e-02
9.481467725575828953e-02
9.448119088296935697e-02
9.402575456257793174e-02
9.345572026997850390e-02
9.277843998056573005e-02
9.200126566973414188e-02
9.113154931287835436e-02
9.017664288539294082e-02
8.914389836267244682e-02
8.804066772011148734e-02
8.687430293310462182e-02
8.565215597704647910e-02
8.438157882733157700e-02
8.306992345935450273e-02
8.172454184850988512e-02
8.035278597019224200e-02
7.896200779979621609e-02
7.755955931271632520e-02
7.615279248434717041e-02
7.474905929008336669e-02
7.335571170531944574e-02
7.198007110620407989e-02
7.062679290958430445e-02
6.929583554805687773e-02
6.798667934100098564e-02
6.669880460779575859e-02
6.543169166782034085e-02
6.418482084045390446e-02
6.295767244507555205e-02
6.174972680106449036e-02
6.056046422779984284e-02
5.938936504466073296e-02
5.823590957102633969e-02
5.709957812627576568e-02
5.597985102978822458e-02
5.487620860094286762e-02
5.378813115911876275e-02
5.271509902369512363e-02
5.165659251405106678e-02
5.061209194956579199e-02
4.958107764961836722e-02
4.856302993358799919e-02
4.755742912085381136e-02
4.656375553079496882e-02
4.558148948279062279e-02
4.461011129621990368e-02
4.364910129046196269e-02
4.269793978489593717e-02
4.175610709890102690e-02
4.082308355185631371e-02
3.989840013441654093e-02
3.898208563184753922e-02
3.807445137244772071e-02
3.717581192747703572e-02
3.628648186819551785e-02
3.540677576586320763e-02
3.453700819174006925e-02
3.367749371708616407e-02
3.282854691316147017e-02
3.199048235122599337e-02
3.116361460253976035e-02
3.034825823836279773e-02
2.954472782995509056e-02
2.875333794857665506e-02
2.797440316548750056e-02
2.720823805194764675e-02
2.645515717921712376e-02
2.571547511855589926e-02
2.498950644122401032e-02
2.427756571848146971e-02
2.357996752158828327e-02
2.289702642180446029e-02
2.222905699039001357e-02
2.157637379860495239e-02
2.093929141770929300e-02
2.031812441896305513e-02
1.971318737362623072e-02
1.912479485295883602e-02
1.855326109878020421e-02
1.799873299704354140e-02
1.746091828927368722e-02
1.693945355780838297e-02
1.643397538498531443e-02
1.594412035314221598e-02
1.546952504461675780e-02
1.500982604174667077e-02
1.456465992686964764e-02
1.413366328232340714e-02
1.371647269044565416e-02
1.331272473357407449e-02
1.292205599404639554e-02
1.254410305420031700e-02
1.217850249637355588e-02
1.182489090290379623e-02
1.148290485612875507e-02
1.115218093838613728e-02
1.083235573201365293e-02
1.052306581934901036e-02
1.022394778272990752e-02
9.934638204494052743e-03
9.654773666979152638e-03
9.383990752522917284e-03
9.121926043463048084e-03
8.868216122137251647e-03
8.622497570883232848e-03
8.384406972038706968e-03
8.153580907941368472e-03
7.929662815865472919e-03
7.712411274597583133e-03
7.501680403602373030e-03
7.297327214270879839e-03
7.099208717994131244e-03
6.907181926163161872e-03
6.721103850169001144e-03
6.540831501402695827e-03
6.366221891255260598e-03
6.197132031117737888e-03
6.033418932381158853e-03
5.874939606436557250e-03
5.721551064674968573e-03
5.573110318487418773e-03
5.429474379264944209e-03
5.290500258398579507e-03
5.156044967279356690e-03
5.025965517298306047e-03
4.900118919846462202e-03
4.778362186314858047e-03
4.660552328094530808e-03
4.546546356576504702e-03
4.436201283151816090e-03
4.329374119211501330e-03
4.225921876146588978e-03
4.125701565348115392e-03
4.028570198207109994e-03
3.934384786114610878e-03
3.843002340461646165e-03
3.754293035152078857e-03
3.668179694141107151e-03
3.584598303896752852e-03
3.503484850887042101e-03
3.424775321580000170e-03
3.348405702443650166e-03
3.274311979946019531e-03
3.202430140555133104e-03
3.132696170739013124e-03
3.065046056965685297e-03
2.999415785703175765e-03
2.935741343419508501e-03
2.873958716582707476e-03
2.814003891660801001e-03
2.755812855121810446e-03
2.699321593433762819e-03
2.644466093064684695e-03
2.591182340482596144e-03
2.539406322155524608e-03
2.489074024551495793e-03
2.440121434138532806e-03
2.392484537384662220e-03
2.346099320757908443e-03
2.300901770726295880e-03
2.256827873757850239e-03
2.213813616320596794e-03
2.171794984882559083e-03
2.130707965911762813e-03
2.090489205720066478e-03
2.051097149904522379e-03
2.012516515622251277e-03
1.974733584104649414e-03
1.937734636583111295e-03
1.901505954289032727e-03
1.866033818453806913e-03
1.831304510308829877e-03
1.797304311085497425e-03
1.764019502015202762e-03
1.731436364329342996e-03
1.699541179259312198e-03
1.668320228036505957e-03
1.637759791892318996e-03
1.607846152058147772e-03
1.578565589765385272e-03
1.549904386245426870e-03
1.521848822729668588e-03
1.494385180449505149e-03
1.467499740636331491e-03
1.441178784521542989e-03
1.415408593336534579e-03
1.390175448312701203e-03
1.365465630681439750e-03
1.341265421674142123e-03
1.317561102522204781e-03
1.294338954457023745e-03
1.271585258709992871e-03
1.249286296512507749e-03
1.227429003762369906e-03
1.206004356497749827e-03
1.185004870435217529e-03
1.164423064322207650e-03
1.144251456906151144e-03
1.124482566934483733e-03
1.105108913154638104e-03
1.086123014314047380e-03
1.067517389160145764e-03
1.049284556440366160e-03
1.031417034902141691e-03
1.013907343292906561e-03
9.967480003600951918e-04
9.799315248511385364e-04
9.634504355134714502e-04
9.472972510945275966e-04
9.314644903417395542e-04
9.159446720025416367e-04
9.007303148243669651e-04
8.858139375546489856e-04
8.711880589408213613e-04
8.568451977303175385e-04
8.427778726705704212e-04
8.289786025090139978e-04
8.154399059930812809e-04
8.021543018702061503e-04
7.891143088878218356e-04
7.763124457933622165e-04
7.637412468489222350e-04
7.513945980315589078e-04
7.392687668190009399e-04
7.273602631055797784e-04
7.156655967856243765e-04
7.041812777534656393e-04
6.929038159034334957e-04
6.818297211298579834e-04
6.709555033270694652e-04
6.602776723893978702e-04
6.497927382111739949e-04
6.394972106867266842e-04
6.293875997103867345e-04
6.194604151764842919e-04
6.097121669793492856e-04
6.001393650133118613e-04
5.907385191727023820e-04
5.815061393518507768e-04
5.724387354450874085e-04
5.635328173467422062e-04
5.547848949511450991e-04
5.461914781526263415e-04
5.377490768455159709e-04
5.294542009241443503e-04
5.213033602828414086e-04
5.132930648159372920e-04
5.054198244177622546e-04
4.976801489826460090e-04
4.900705484049195683e-04
4.825876325945906218e-04
4.752289940156954494e-04
4.679927828196938614e-04
4.608771555590489310e-04
4.538802687862240567e-04
4.470002790536825284e-04
4.402353429138877445e-04
4.335836169193027240e-04
4.270432576223912448e-04
4.206124215756159462e-04
4.142892653314401183e-04
4.080719454423274305e-04
4.019586184607409560e-04
3.959474409391440931e-04
3.900365694299998067e-04
3.842241604857717660e-04
3.785083706589230444e-04
3.728873565019170402e-04
3.673592745672167722e-04
3.619222814072855848e-04
3.565745335745868763e-04
3.513141876215837198e-04
3.461394001007397307e-04
3.410483275645178735e-04
3.360391265653814926e-04
3.311099536557941488e-04
3.262589653882185903e-04
3.214843183151184862e-04
3.167841694260346928e-04
3.121568977461178533e-04
3.076014649254529658e-04
3.031169270229664499e-04
2.987023400975851589e-04
2.943567602082356751e-04
2.900792434138448517e-04
2.858688457733389999e-04
2.817246233456449731e-04
2.776456321896893535e-04
2.736309283643986691e-04
2.696795679286999358e-04
2.657906069415195190e-04
2.619631014617842179e-04
2.581961075484205605e-04
2.544886812603555084e-04
2.508398786565152645e-04
2.472487557958267363e-04
2.437143687372165602e-04
2.402357735396112913e-04
2.368120262619377288e-04
2.334421829631225091e-04
2.301252997020922144e-04
2.268604325377734812e-04
2.236466375290932171e-04
2.204829707349776518e-04
2.173684882143537742e-04
2.143022460261480853e-04
2.112833002292872485e-04
2.083107068826979547e-04
2.053835220453068943e-04
2.025008017760407039e-04
1.996616021338259658e-04
1.968649791775895603e-04
1.941099889662577986e-04
1.913956875587575070e-04
1.887211310140154031e-04
1.860853753909580421e-04
1.834874767485120605e-04
1.809264911456042845e-04
1.784014746411612150e-04
1.759114832941096511e-04
1.734555731633760124e-04
1.710328003078870980e-04
1.686422207865695985e-04
1.662828906583500692e-04
1.639538659821552277e-04
1.616542028169117376e-04
1.593829572215463167e-04
1.571391852549853033e-04
1.549219429761558488e-04
1.527302864439841290e-04
1.505632717173972410e-04
1.484199548553213606e-04
1.462993919166836391e-04
1.442006389604104421e-04
1.421227520454283245e-04
1.400647872306642753e-04
