1.790565860149145594e-01
1.519713833986919005e-01
1.267850715161245034e-01
1.034656037189854022e-01
8.198093335904806100e-02
6.229901378808564566e-02
4.438779835787157180e-02
2.821524042017892545e-02
1.374929332678120029e-02
9.579104294515118634e-04
-1.019095492003679708e-02
-1.972934936991041499e-02
-2.768931956839610145e-02
-3.410291216372061257e-02
-3.900217380411061252e-02
-4.241915113779282098e-02
-4.438589081299400968e-02
-4.493443947794079074e-02
-4.409684378086001222e-02
-4.190515036997832787e-02
-3.839140589352244004e-02
-3.358765699971914126e-02
-2.752595033679519285e-02
-2.023833255297705080e-02
-1.175685029649170543e-02
-2.113550215565791410e-03
8.659521041574025357e-03
2.053031682670099223e-02
3.346679049158831493e-02
4.743689538800933275e-02
6.240858486773730174e-02
7.834981228254556118e-02
9.522853098420734630e-02
1.130126943244958992e-01
1.316702556551845871e-01
1.511691683280466658e-01
1.714773856948553221e-01
1.925628611073839369e-01
2.143935479174058356e-01
2.369373994766942326e-01
2.601623691370223423e-01
2.840364102501635735e-01
3.085274761678910016e-01
3.336035202419781465e-01
3.592324958241979727e-01
3.853823562663242219e-01
4.120210549201298034e-01
4.391165451373882922e-01
4.666367802698725420e-01
4.945497136693562945e-01
5.228232986876123478e-01
5.514254886764146102e-01
5.803242369875355466e-01
6.094874969727491765e-01
6.388832219838287418e-01
6.684793653725467077e-01
6.982438804906773155e-01
7.281447206899933633e-01
7.581498393222684262e-01
7.882271897392749693e-01
8.183447252927875670e-01
8.484703993345782402e-01
8.785721652164211193e-01
9.086179762900891133e-01
9.385757859073557974e-01
9.684135474199944138e-01
9.980992141797772055e-01
1.027600739538479413e+00
1.056886076847872724e+00
1.085923179459730825e+00
1.114680000725826847e+00
1.143124493997934588e+00
1.171224612627827177e+00
1.198948366431179524e+00
1.226269277773495370e+00
1.253170930051091592e+00
1.279637977383166092e+00
1.305655073888914774e+00
1.331206873687536207e+00
1.356278030898226072e+00
1.380853199640182938e+00
1.404917034032603373e+00
1.428454188194684837e+00
1.451449316245623677e+00
1.473887072304618906e+00
1.495752110490866205e+00
1.517029084923563476e+00
1.537702649721907733e+00
1.557757459005095324e+00
1.577178166892325484e+00
1.595949427502793672e+00
1.614055894955697790e+00
1.631482223370234408e+00
1.648213066865601650e+00
1.664233079560996087e+00
1.679526915575615398e+00
1.694079229028655709e+00
1.707874674039316032e+00
1.720897904726792049e+00
1.733133575210281885e+00
1.744566339608982108e+00
1.755180852042089734e+00
1.764961766628803108e+00
1.773893737488318800e+00
1.781961418739833158e+00
1.789149464502544973e+00
1.795442528895650147e+00
1.800825266038346362e+00
1.805282330049831740e+00
1.808798375049301521e+00
1.811362735015812353e+00
1.812989364671133030e+00
1.813700286815428164e+00
1.813517528928720424e+00
1.812463118491036251e+00
1.810559082982397205e+00
1.807827449882830617e+00
1.804290246672357378e+00
1.799969500831003266e+00
1.794887239838792281e+00
1.789065491175749534e+00
1.782526282321896804e+00
1.775291640757260092e+00
1.767383593961863619e+00
1.758824169415730498e+00
1.749635394598885618e+00
1.739839296991352535e+00
1.729457904073156360e+00
1.718513243324320428e+00
1.707027342224868738e+00
1.695022228254826180e+00
1.682519928894216754e+00
1.669542471623063795e+00
1.656111883921392858e+00
1.642250193269226832e+00
1.627979427146590385e+00
1.613321613033508184e+00
1.598298778410003340e+00
1.582932950756100965e+00
1.567246157551823726e+00
1.551260426277198512e+00
1.534997784412246213e+00
1.518480259436993496e+00
1.501729878831463028e+00
1.484768670075679919e+00
1.467618660649667728e+00
1.450301613790623501e+00
1.432834339406075408e+00
1.415229248249815219e+00
1.397498598157328908e+00
1.379654646964104892e+00
1.361709652505630697e+00
1.343675872617394074e+00
1.325565565134882107e+00
1.307390987893582324e+00
1.289164398728982919e+00
1.270898055476571642e+00
1.252604215971835355e+00
1.234295138050261365e+00
1.215983079547338308e+00
1.197680298298552604e+00
1.179399052139392889e+00
1.161151598905346471e+00
1.142950196431900656e+00
1.124807102554542526e+00
1.106734575108760499e+00
1.088744871930042324e+00
1.070850250853874419e+00
1.053062969715745201e+00
1.035395286351141975e+00
1.017859458595553379e+00
1.000467744284465388e+00
9.832324012533661950e-01
9.661656873377437726e-01
9.492798603730848717e-01
9.325871781948779082e-01
9.160998986386100773e-01
8.998302795397686848e-01
8.837905787338418140e-01
8.679930540563171038e-01
8.524499633426814160e-01
8.371735644284230560e-01
8.221760993553882679e-01
8.074655360114234570e-01
7.930398054257400409e-01
7.788953994320453322e-01
7.650288098640467549e-01
7.514365285554519547e-01
7.381150473399682443e-01
7.250608580513028256e-01
7.122704525231633443e-01
6.997403225892568912e-01
6.874669600832915561e-01
6.754468568389742078e-01
6.636765046900119369e-01
6.521523954701131665e-01
6.408710210129842100e-01
6.298288731523334905e-01
6.190224437218675435e-01
6.084482245552950141e-01
5.981027074863217718e-01
5.879823843486560175e-01
5.780837469760050640e-01
5.684032872020764460e-01
5.589374968605772542e-01
5.496828677852154676e-01
5.406358918096979549e-01
5.317930607677322508e-01
5.231508664930262231e-01
5.147058008192866296e-01
5.064543555802212271e-01
4.983930226095372729e-01
4.905182937409422461e-01
4.828266608081435707e-01
4.753146156448488924e-01
4.679786500847652464e-01
4.608152559616003341e-01
4.538209251090614682e-01
4.469921493608559060e-01
4.403254336587452689e-01
4.338173743592320664e-01
4.274646067474019984e-01
4.212637662521874216e-01
4.152114883025208036e-01
4.093044083273348344e-01
4.035391617555617594e-01
3.979123840161343795e-01
3.924207105379847182e-01
3.870607767500455210e-01
3.818292180812491443e-01
3.767226699605282225e-01
3.717377678168152788e-01
3.668711470790424478e-01
3.621194431761425858e-01
3.574792915370481605e-01
3.529473275906912511e-01
3.485201867660046027e-01
3.441945044919207941e-01
3.399669161973720710e-01
3.358340573112911787e-01
3.317925632626103072e-01
3.278390694802621463e-01
3.239702113931791638e-01
3.201826244302939384e-01
3.164729440205386046e-01
3.128378055928458523e-01
3.092738445761482047e-01
3.057776963993779629e-01
3.023459964914678721e-01
2.989753802813501782e-01
2.956624831979574597e-01
2.924039406702221289e-01
2.891963881270769310e-01
2.860364609974539452e-01
2.829207947102858056e-01
2.798460704234402852e-01
2.768102848247913639e-01
2.738129158538805674e-01
2.708535204698496179e-01
2.679316556318400155e-01
2.650468782989930938e-01
2.621987454304507414e-01
2.593868139853541255e-01
2.566106409228449126e-01
2.538697832020647138e-01
2.511637977821550294e-01
2.484922416222573871e-01
2.458546716815133704e-01
2.432506449190643127e-01
2.406797182940520197e-01
2.381414487656179912e-01
2.356353932929036166e-01
2.331611088350504235e-01
2.307181523512000787e-01
2.283060808004940268e-01
2.259244511420738510e-01
2.235728203350810794e-01
2.212507453386572120e-01
2.189577831119438600e-01
2.166934906140825789e-01
2.144574248042147580e-01
2.122491426414819804e-01
2.100682010850258852e-01
2.079141570939878891e-01
2.057865676275095757e-01
2.036849896447325003e-01
2.016089801047981633e-01
1.995580959668482313e-01
1.975318941900240655e-01
1.955299317334672216e-01
1.935517655563193107e-01
1.915969526407161616e-01
1.896650896111209406e-01
1.877558940654786568e-01
1.858691065961237676e-01
1.840044677953905083e-01
1.821617182556135306e-01
1.803405985691268476e-01
1.785408493282650277e-01
1.767622111253624173e-01
1.750044245527534459e-01
1.732672302027723765e-01
1.715503686677536388e-01
1.698535805400316068e-01
1.681766064119406545e-01
1.665191868758152671e-01
1.648810625239896244e-01
1.632619739487981281e-01
1.616616617425752911e-01
1.600798664976553209e-01
1.585163288063726750e-01
1.569707892610617828e-01
1.554429884540569629e-01
1.539326669776926171e-01
1.524395654243030918e-01
1.509634243862227054e-01
1.495039844557858877e-01
1.480609862253270126e-01
1.466341702871804542e-01
1.452232772336806144e-01
1.438280476571617561e-01
1.424482221499584200e-01
1.410835413044048414e-01
1.397337457128355331e-01
1.383985759675846750e-01
1.370777726609868075e-01
1.357710763853762215e-01
1.344782277330873466e-01
1.331989755074512172e-01
1.319331456663022650e-01
1.306806064412783797e-01
1.294412264970193904e-01
1.282148744981651822e-01
1.270014191093553901e-01
1.258007289952299268e-01
1.246126728204285938e-01
1.234371192495912345e-01
1.222739369473575949e-01
1.211229945783675044e-01
1.199841608072607368e-01
1.188573042986772327e-01
1.177422937172566408e-01
1.166389977276388185e-01
1.155472849944635672e-01
1.144670241823707163e-01
1.133980839560000675e-01
1.123403329799914085e-01
1.112936399189845965e-01
1.102578734376193775e-01
1.092329022005356365e-01
1.082185948723730917e-01
1.072148201177715310e-01
1.062214466013708530e-01
1.052383429878108595e-01
1.042653779417312826e-01
1.033024201277719933e-01
1.023493382105727517e-01
1.014060008547734149e-01
1.004722767250137844e-01
9.954803448593364801e-02
9.863314280217277963e-02
9.772747033837102248e-02
9.683088575916817820e-02
9.594325772920406226e-02
9.506445491311849016e-02
9.419434597555120803e-02
9.333279958114211461e-02
9.247968439453099765e-02
9.163486908035758938e-02
9.079822230326173305e-02
8.996961272788325803e-02
8.914890901886196595e-02
8.833597984083765842e-02
8.753069385845013706e-02
8.673291973633920349e-02
8.594252613914467320e-02
8.515938173150640333e-02
8.438335517806409836e-02
8.361431514345765703e-02
8.285213029232681159e-02
8.209666928931140528e-02
8.134780079905126748e-02
8.060539348618615818e-02
7.986931601535592062e-02
7.913943705120038419e-02
7.841562525835928110e-02
7.769774930147245462e-02
7.698567784517972024e-02
7.627927955412087957e-02
7.557842309293573424e-02
7.488297712626411362e-02
7.419281031874581933e-02
7.350779133502059748e-02
7.282778883972837458e-02
7.215267149750879960e-02
7.148230797300184070e-02
7.081656693084716070e-02
7.015531703568470001e-02
6.949842695215420474e-02
6.884576534489540711e-02
6.819720087854826140e-02
