1.790565860149145594e-01
1.993875527303177186e-01
2.185567043897984063e-01
2.365925344928513363e-01
2.535235365389714168e-01
2.693782040276533341e-01
2.841850304583916076e-01
2.979725093306814787e-01
3.107691341440175781e-01
3.226033983978944253e-01
3.335037955918072061e-01
3.434988192252503847e-01
3.526169627977187582e-01
3.608867198087073458e-01
3.683365837577107782e-01
3.749950481442236305e-01
3.808906064677409775e-01
3.860517522277576163e-01
3.905069789237679001e-01
3.942847800552670701e-01
3.974136491217495903e-01
3.999220796227105357e-01
4.018385650576445367e-01
4.031915989260463351e-01
4.040096747274107281e-01
4.043212859612324572e-01
4.041549261270063753e-01
4.035390887242272795e-01
4.025022672523898004e-01
4.010729552109888463e-01
3.992796460995191588e-01
3.971508334174755350e-01
3.947150106643527168e-01
3.920006713396453346e-01
3.890363089428485188e-01
3.858504169734569000e-01
3.824714889309649979e-01
3.789280183148678871e-01
3.752484986246603649e-01
3.714614233598369508e-01
3.675952860198926642e-01
3.636741067400987570e-01
3.597040121988330785e-01
3.556866557102500437e-01
3.516236905885041231e-01
3.475167701477497317e-01
3.433675477021411182e-01
3.391776765658329196e-01
3.349488100529794399e-01
3.306826014777350942e-01
3.263807041542544085e-01
3.220447713966916314e-01
3.176764565192013445e-01
3.132774128359378518e-01
3.088492936610556239e-01
3.043937523087091312e-01
2.999124420930526225e-01
2.954070163282406791e-01
2.908791283284276608e-01
2.863304314077680379e-01
2.817625788804161147e-01
2.771775190606701189e-01
2.725783802634019759e-01
2.679685858036280344e-01
2.633515589963639769e-01
2.587307231566256527e-01
2.541095015994289663e-01
2.494913176397899612e-01
2.448795945927244033e-01
2.402777557732482250e-01
2.356892244963774696e-01
2.311174240771278199e-01
2.265657778305153747e-01
2.220377090715557333e-01
2.175366411152651613e-01
2.130659972766592858e-01
2.086292008707541501e-01
2.042296752125656867e-01
1.998708436171096336e-01
1.955561293994020622e-01
1.912889558744587659e-01
1.870722508437014375e-01
1.829069600541746443e-01
1.787935337393288249e-01
1.747324221326142235e-01
1.707240754674812788e-01
1.667689439773803461e-01
1.628674778957616420e-01
1.590201274560757994e-01
1.552273428917729237e-01
1.514895744363035091e-01
1.478072723231178276e-01
1.441808867856663179e-01
1.406108680573992520e-01
1.370976663717670962e-01
1.336417319622200395e-01
1.302435150622085480e-01
1.269034659051829772e-01
1.236220347245936546e-01
1.203996717538909633e-01
1.172368272265253281e-01
1.141338181226959209e-01
1.110904284095982492e-01
1.081063088011767481e-01
1.051811100113757835e-01
1.023144827541396518e-01
9.950607774341284351e-02
9.675554569313975228e-02
9.406253731726475775e-02
9.142670332973233671e-02
8.884769444448673004e-02
8.632516137547242840e-02
8.385875483663381147e-02
8.144812554191528664e-02
7.909292420526121969e-02
7.679280154061603192e-02
7.454740826192407521e-02
7.235639508312985413e-02
7.021941271817762342e-02
6.813611188101185989e-02
6.610614328557694319e-02
6.412906927281386560e-02
6.220409869165009070e-02
6.033035201800955594e-02
5.850694972781630282e-02
5.673301229699435899e-02
5.500766020146775903e-02
5.333001391716046813e-02
5.169919391999650005e-02
5.011432068589991018e-02
4.857451469079469841e-02
4.707889641060489933e-02
4.562658632125447811e-02
4.421670489866746934e-02
4.284837261876789372e-02
4.152070995747979970e-02
4.023283739072713167e-02
3.898387539443395194e-02
3.777294444452426042e-02
3.659916501692207780e-02
3.546165758755143171e-02
3.435955753864561313e-02
3.329205987767511893e-02
3.225837451841977177e-02
3.125771137465941513e-02
3.028928036017377798e-02
2.935229138874271421e-02
2.844595437414603259e-02
2.756947923016355231e-02
2.672207587057503358e-02
2.590295420916030600e-02
2.511132415969918527e-02
2.434639563597145590e-02
2.360737855175696481e-02
2.289348282083547570e-02
2.220391835698681468e-02
2.153789507399078360e-02
2.089462288562720510e-02
2.027331170567585328e-02
1.967317144791655426e-02
1.909341202612911334e-02
1.853328875975971193e-02
1.799223859092003580e-02
1.746974386738810864e-02
1.696528693694202006e-02
1.647835014735979028e-02
1.600841584641949158e-02
1.555496638189916500e-02
1.511748410157686372e-02
1.469545135323064092e-02
1.428835048463856366e-02
1.389566384357865912e-02
1.351687377782898741e-02
1.315146263516761040e-02
1.279891276337256738e-02
1.245870651022192542e-02
1.213032622349372036e-02
1.181325425096600712e-02
1.150697294041684929e-02
1.121096463962429485e-02
1.092471169636638484e-02
1.064773988019598189e-02
1.037974864776516036e-02
1.012048087750079713e-02
9.869679447829772523e-03
9.627087237178951276e-03
9.392447123975217194e-03
9.165501986645445409e-03
8.945994703616519730e-03
8.733668153315306618e-03
8.528265214168686409e-03
8.329528764603532504e-03
8.137201683046728709e-03
7.951026847925148425e-03
7.770747137665664182e-03
7.596105430695152851e-03
7.426844605440498237e-03
7.262707540328569404e-03
7.103437113786244955e-03
6.948776204240412167e-03
6.798467690117929695e-03
6.652279667765482324e-03
6.510081105208957025e-03
6.371766188394038279e-03
6.237229103266412299e-03
6.106364035771761831e-03
5.979065171855780896e-03
5.855226697464147034e-03
5.734742798542551666e-03
5.617507661036676668e-03
5.503415470892206521e-03
5.392360414054830908e-03
5.284236676470234310e-03
5.178938444084103809e-03
5.076359902842122150e-03
4.976395238689979017e-03
4.878938637573358023e-03
4.783884285437950586e-03
4.691126368229431645e-03
4.600559071893494355e-03
4.512076582375822327e-03
4.425583618692920107e-03
4.341027032144565562e-03
4.258364207101353154e-03
4.177552527933876478e-03
4.098549379012729997e-03
4.021312144708514245e-03
3.945798209391816747e-03
3.871964957433236300e-03
3.799769773203366934e-03
3.729170041072802245e-03
3.660123145412137995e-03
3.592586470591971684e-03
3.526517400982893003e-03
3.461873320955504221e-03
3.398611614880394163e-03
3.336689667128157726e-03
3.276064862069393274e-03
3.216694584074692234e-03
3.158536217514652106e-03
3.101547146759866917e-03
3.045688276969786903e-03
2.990934596459281919e-03
2.937264614332080626e-03
2.884656839691905617e-03
2.833089781642483384e-03
2.782541949287539989e-03
2.732991851730802793e-03
2.684417998075995255e-03
2.636798897426845603e-03
2.590113058887078597e-03
2.544338991560420732e-03
2.499455204550598501e-03
2.455440206961335796e-03
2.412272507896358244e-03
2.369930616459394509e-03
2.328393041754168048e-03
2.287638292884406222e-03
2.247644878953832491e-03
2.208391309066175950e-03
2.169856092325161794e-03
2.132019117122662885e-03
2.094865789003135838e-03
2.058382892799187971e-03
2.022557213343424871e-03
1.987375535468452990e-03
1.952824644006879431e-03
1.918891323791306960e-03
1.885562359654343982e-03
1.852824536428595648e-03
1.820664638946668410e-03
1.789069452041166771e-03
1.758025760544697181e-03
1.727520349289865228e-03
1.697540003109276928e-03
1.668071506835538953e-03
1.639101645301256236e-03
1.610617203339035014e-03
1.582604965781481306e-03
1.555051717461201780e-03
1.527944243210800288e-03
1.501269964166202127e-03
1.475018846676606462e-03
1.449181493394529133e-03
1.423748506972488583e-03
1.398710490063001305e-03
1.374058045318584656e-03
1.349781775391755995e-03
1.325872282935031381e-03
1.302320170600929257e-03
1.279116041041965029e-03
1.256250496910657141e-03
1.233714140859522735e-03
1.211497575541077868e-03
1.189591403607840768e-03
1.167986227712328358e-03
1.146672650507057998e-03
1.125641274644545746e-03
1.104882702777308743e-03
1.084387537557865216e-03
1.064146381638731440e-03
1.044150005845214269e-03
1.024389853693777894e-03
1.004857536873675350e-03
9.855446670741605398e-04
9.664428559844880171e-04
9.475437152939091912e-04
9.288388566916793744e-04
9.103198918670508434e-04
8.919784325092779348e-04
8.738060903076137927e-04
8.557944769513124283e-04
8.379352041296268773e-04
8.202198835318109341e-04
8.026401268471189355e-04
7.851875457648029412e-04
7.678537519741169626e-04
7.506303571643150110e-04
7.335089730246496884e-04
7.164812112443756566e-04
6.995386835127460597e-04
6.826731963346625723e-04
6.658773354776211005e-04
6.491438815247668401e-04
6.324656150592419509e-04
6.158353166641915202e-04
5.992457669227603100e-04
5.826897464180916730e-04
5.661600357333299374e-04
5.496494154516196485e-04
5.331506661561044840e-04
5.166565684299293144e-04
5.001599028562382513e-04
4.836534500181745386e-04
4.671299904988827759e-04
4.505823048815072373e-04
4.340031737491922511e-04
4.173853776850816035e-04
4.007216972723198398e-04
3.840049130940508546e-04
3.672278057334197893e-04
3.503837950730888644e-04
3.334688581938021683e-04
3.164796114758224943e-04
2.994126712994127988e-04
2.822646540448358753e-04
2.650321760923547883e-04
2.477118538222322771e-04
2.303003036147314607e-04
2.127941418501157829e-04
1.951899849086467093e-04
1.774844491705879820e-04
1.596741510162023132e-04
1.417557068257528489e-04
1.237257329795023826e-04
1.055808458577138026e-04
8.731766184065003816e-05
6.893279730857393688e-05
5.042286864174933588e-05
3.178449222043741595e-05
1.301428442490197012e-05
-5.889533932101224626e-06
-2.492232430784437622e-05
-4.407784372710674728e-05
-6.334984921466770881e-05
-8.273209779530650055e-05
-1.022183464938024165e-04
-1.218023523349339170e-04
-1.414778723434820511e-04
-1.612386635442251981e-04
-1.810784829619426991e-04
-2.009910876214137873e-04
-2.209702345474178582e-04
-2.410096807647341176e-04
-2.611031832981419070e-04
-2.812444991724204592e-04
-3.014273854123483026e-04
-3.216455990427063505e-04
-3.418928970882731855e-04
-3.621630365738279862e-04
-3.824497745241500941e-04
-4.027468679640188506e-04
-4.230480739182133801e-04
-4.433471494115131866e-04
-4.636378514686965817e-04
-4.839139371145445871e-04
-5.041691633738356769e-04
-5.243972872713493008e-04
-5.445920658318643666e-04
-5.647472560801604325e-04
-5.848566150410168399e-04
-6.049138997392119544e-04
-6.249128671995277193e-04
-6.448472744467396815e-04
-6.647108785056310854e-04
-6.844974364009772608e-04
-7.042007051575612355e-04
-7.238144418001589897e-04
-7.433324033535511658e-04
-7.627483468425191654e-04
-7.820560292918387517e-04
