1.790565860149145594e-01
1.828727824672726487e-01
1.864437067211155985e-01
1.897741138786787352e-01
1.928687590421978848e-01
1.957323973139083739e-01
1.983697837960460009e-01
2.007856735908461476e-01
2.029848218005446403e-01
2.049719835273766666e-01
2.067519138735781914e-01
2.083293679413845689e-01
2.097091008330314033e-01
2.108958676507543262e-01
2.118944234967888307e-01
2.127095234733706597e-01
2.133459226827350841e-01
2.138083762271179855e-01
2.141016392087547460e-01
2.142304667298810528e-01
2.141996138927324822e-01
2.140138357995444718e-01
2.136778875525526533e-01
2.131965242539926864e-01
2.125745010061001194e-01
2.118165729111104456e-01
2.109274950712593244e-01
2.099120225887821933e-01
2.087749105659148230e-01
2.075209141048926509e-01
2.061547883079513366e-01
2.046812882773263453e-01
2.031051691152533645e-01
2.014311859239678870e-01
1.996640938057055448e-01
1.978086478627018308e-01
1.958696031971924045e-01
1.938517149114128146e-01
1.917597381075986651e-01
1.895984278879853935e-01
1.873725393548087426e-01
1.850868276103042331e-01
1.827460477567073582e-01
1.803549548962538052e-01
1.779183041311791225e-01
1.754408505637187754e-01
1.729273492961084790e-01
1.703825554305837819e-01
1.678112240693801771e-01
1.652181103147332963e-01
1.626079692688787159e-01
1.599855560340519844e-01
1.573556257124887336e-01
1.547229334064244288e-01
1.520922342180947018e-01
1.494682832497352121e-01
1.468558356035813972e-01
1.442596463818689168e-01
1.416839896834980184e-01
1.391301711932672047e-01
1.365983653473900050e-01
1.340887443552128688e-01
1.316014804260819682e-01
1.291367457693436416e-01
1.266947125943441999e-01
1.242755531104299399e-01
1.218794395269472419e-01
1.195065440532423473e-01
1.171570388986615530e-01
1.148310962725511697e-01
1.125288883842575222e-01
1.102505874431268795e-01
1.079963656585056220e-01
1.057663952397399493e-01
1.035608483961762277e-01
1.013798973371607542e-01
9.922371427203985350e-02
9.709247141015980853e-02
9.498634096086690237e-02
9.290549513350751520e-02
9.085010613742786068e-02
8.882034618197430509e-02
8.681638747649311760e-02
8.483840223033063677e-02
8.288656265283314561e-02
8.096104095334694106e-02
7.906200899468125709e-02
7.718960844760121287e-02
7.534392778942848590e-02
7.352505008284263011e-02
7.173305839052322719e-02
6.996803577514987271e-02
6.823006529940213449e-02
6.651923002595963585e-02
6.483561301750194461e-02
6.317929733670864245e-02
6.155036604625931801e-02
5.994890220883353216e-02
5.837498888711091516e-02
5.682870914377100013e-02
5.531014604149346592e-02
5.381938264295779706e-02
5.235650201084361688e-02
5.092158720783051401e-02
4.951472129659810484e-02
4.813598733982590860e-02
4.678546840019356251e-02
4.546324754038062743e-02
4.416940782306670588e-02
4.290403231093137953e-02
4.166720406665423010e-02
4.045900615291483926e-02
3.927952163239278871e-02
3.812883356776770871e-02
3.700702502171911157e-02
3.591414403280452500e-02
3.484989456260574603e-02
3.381378527819975388e-02
3.280532260511960507e-02
3.182401296889842551e-02
3.086936279506934111e-02
2.994087850916545349e-02
2.903806653671989549e-02
2.816043330326574445e-02
2.730748523433612976e-02
2.647872875546415997e-02
2.567367029218297139e-02
2.489181627002563790e-02
2.413267311452529235e-02
2.339574725121503287e-02
2.268054510562798540e-02
2.198657310329727582e-02
2.131333766975598148e-02
2.066034523053723176e-02
2.002710221117414216e-02
1.941311503719982817e-02
1.881789013414738448e-02
1.824093392754993354e-02
1.768175284294058389e-02
1.713985330585245104e-02
1.661474174181865743e-02
1.610592457637229427e-02
1.561290823504647880e-02
1.513519922780961688e-02
1.467234695775389286e-02
1.422401338020374412e-02
1.378987868850479852e-02
1.336962307600265444e-02
1.296292673604292588e-02
1.256946986197120253e-02
1.218893264713309839e-02
1.182099528487420663e-02
1.146533796854014818e-02
1.112164089147652142e-02
1.078958424702892126e-02
1.046884822854296515e-02
1.015911302936424801e-02
9.860058842838390764e-03
9.571365862310974443e-03
9.292714281127614773e-03
9.023784292633920540e-03
8.764256090175488387e-03
8.513809867097934039e-03
8.272125816746848936e-03
8.038884132467840130e-03
7.813765007606518140e-03
7.596448635508487417e-03
7.386615209519347205e-03
7.183944922984704558e-03
6.988117969250160454e-03
6.798814541661328884e-03
6.615714833563803021e-03
6.438504647947883991e-03
6.266964012304554812e-03
6.100951138547687502e-03
5.940326605160020298e-03
5.784950990624269755e-03
5.634684873423174110e-03
5.489388832039458592e-03
5.348923444955857968e-03
5.213149290655096600e-03
5.081926947619904052e-03
4.955116994333015092e-03
4.832580009277154948e-03
4.714176570935057521e-03
4.599767257789446305e-03
4.489212648323055201e-03
4.382373321018613772e-03
4.279109854358850717e-03
4.179282826826493866e-03
4.082752816904275384e-03
3.989380403074923101e-03
3.899026163821170052e-03
3.811550677625740596e-03
3.726814522971367335e-03
3.644678278340780699e-03
3.565002522216707652e-03
3.487647833081880359e-03
3.412474789419026652e-03
3.339343969710881297e-03
3.268115952440166054e-03
3.198668502384420520e-03
3.130948129500410546e-03
3.064918530039705945e-03
3.000543400253881301e-03
2.937786436394505558e-03
2.876611334713152432e-03
2.816981791461392604e-03
2.758861502890799788e-03
2.702214165252942498e-03
2.647003474799393147e-03
2.593193127781724585e-03
2.540746820451507491e-03
2.489628249060314279e-03
2.439801109859717366e-03
2.391229099101286563e-03
2.343875913036595586e-03
2.297705247917216850e-03
2.252680799994718000e-03
2.208766265520673618e-03
2.165925340746655686e-03
2.124121721924234017e-03
2.083319105304982325e-03
2.043481187140472159e-03
2.004571663682273765e-03
1.966554231181959992e-03
1.929392585891102820e-03
1.893050424061272930e-03
1.857491441944042086e-03
1.822679649350039460e-03
1.788589415152055462e-03
1.755207592518648026e-03
1.722521777869474857e-03
1.690519567624190408e-03
1.659188558202452169e-03
1.628516346023913507e-03
1.598490527508231044e-03
1.569098699075060967e-03
1.540328457144058165e-03
1.512167398134879690e-03
1.484603118467180865e-03
1.457623214560616791e-03
1.431215282834843875e-03
1.405366919709518953e-03
1.380065721604295612e-03
1.355299284938830040e-03
1.331055206132778857e-03
1.307321081605797601e-03
1.284084507777542026e-03
1.261333081067667668e-03
1.239054397895830717e-03
1.217236054681686492e-03
1.195865647844892047e-03
1.174930773805100753e-03
1.154419028981970097e-03
1.134318009795155400e-03
1.114615312664312416e-03
1.095298534009097116e-03
1.076355923654002001e-03
1.057779763778369337e-03
1.039563873272917162e-03
1.021702074053386887e-03
1.004188188035517104e-03
9.870160371350490073e-04
9.701794432677236834e-04
9.536722283492802665e-04
9.374882142954600595e-04
9.216212230220030641e-04
9.060650764446497160e-04
8.908135964791405589e-04
8.758606050412167873e-04
8.611999240466169936e-04
8.468253754110823721e-04
8.327307810503539005e-04
8.189099628801709300e-04
8.053567428162749803e-04
7.920649427744056196e-04
7.790283846703037170e-04
7.662408904197091659e-04
7.536962819383632691e-04
7.413883811420052695e-04
7.293110099463763615e-04
7.174579902672164385e-04
7.058231440202660445e-04
6.944002931212657232e-04
6.831832594859558018e-04
6.721658773886961605e-04
6.613430578485758648e-04
6.507116089327827759e-04
6.402685318119378469e-04
6.300108276566599710e-04
6.199354976375699927e-04
6.100395429252869137e-04
6.003199646904312532e-04
5.907737641036222296e-04
5.813979423354798202e-04
5.721895005566245444e-04
5.631454399376749700e-04
5.542627616492516165e-04
5.455384668619742443e-04
5.369695567464626137e-04
5.285530324733363769e-04
5.202858952132157280e-04
5.121651461367202106e-04
5.041877864144700188e-04
4.963508172170845879e-04
4.886512397151837866e-04
4.810860550793874839e-04
4.736522644803152233e-04
4.663468690885870906e-04
4.591668700748230089e-04
4.521092686096426843e-04
4.451710658636659317e-04
4.383492630075122944e-04
4.316408612118024547e-04
4.250429474240434479e-04
4.185534512638944184e-04
4.121707806429426011e-04
4.058933489624967552e-04
3.997195696238649894e-04
3.936478560283561716e-04
3.876766215772785187e-04
3.818042796719401939e-04
3.760292437136502817e-04
3.703499271037165655e-04
3.647647432434476963e-04
3.592721055341521622e-04
3.538704273771383431e-04
3.485581221737147815e-04
3.433336033251896944e-04
3.381952842328717328e-04
3.331415782980692766e-04
3.281708989220908138e-04
3.232816595062446160e-04
3.184722734518390629e-04
3.137411541601828053e-04
3.090867150325841148e-04
3.045073694703515879e-04
3.000015308747934961e-04
2.955676126472184359e-04
2.912040281889349499e-04
2.869091909012509841e-04
2.826815141854754064e-04
2.785194118039709902e-04
2.744214809349280657e-04
2.703868000425538624e-04
2.664145255788872972e-04
2.625038139959678832e-04
2.586538217458345373e-04
2.548637052805266100e-04
2.511326210520830726e-04
2.474597255125430585e-04
2.438441751139459456e-04
2.402851263083306506e-04
2.367817355477365784e-04
2.333331592842027543e-04
2.299385539697682847e-04
2.265970760564724391e-04
2.233078819963544594e-04
2.200701282414532897e-04
2.168829712438081992e-04
2.137455674554583488e-04
2.106570733284428992e-04
2.076166453148009571e-04
2.046234398665717374e-04
2.016766134357944010e-04
1.987753224745081359e-04
1.959187234347521840e-04
1.931059727685654624e-04
1.903362269279872674e-04
1.876086423650567055e-04
1.849223755318130189e-04
1.822765828802953413e-04
1.796704208625428607e-04
1.771030459305946835e-04
1.745736145364899436e-04
1.720812831322680186e-04
1.696252081699677441e-04
1.672045461016284705e-04
1.648184533792893317e-04
1.624660864549894613e-04
1.601466017807680201e-04
1.578591558086642774e-04
1.556029049907172584e-04
1.533770057789662867e-04
1.511806146254503062e-04
1.490128879822085861e-04
1.468729823012802601e-04
1.447600540347045433e-04
1.426732596345205693e-04
1.406117555527674990e-04
1.385746982414845475e-04
1.365612441527106315e-04
1.345705497384853185e-04
1.326017714508473627e-04
1.306540657418362773e-04
1.287265890634908708e-04
1.268184978678507104e-04
1.249289486069546590e-04
1.230570977328418773e-04
1.212021016975517158e-04
