1.790565860149145594e-01
1.873901503577463101e-01
1.945972707858101280e-01
2.007194850683596821e-01
2.057983309746488076e-01
2.098753462739312015e-01
2.129920687354605602e-01
2.151900361284908580e-01
2.165107862222755974e-01
2.169958567860686693e-01
2.166867855891238814e-01
2.156251104006947639e-01
2.138523689900353186e-01
2.114100991263991869e-01
2.083398385790401763e-01
2.046831251172118449e-01
2.004814965101682500e-01
1.957764905271629219e-01
1.906096449374496959e-01
1.850224975102822966e-01
1.790565860149145594e-01
1.727534482206001532e-01
1.661546218965928301e-01
1.593016448121464257e-01
1.522360547365146366e-01
1.449993894389511595e-01
1.376331866887098576e-01
1.301789842550444554e-01
1.226783199072086217e-01
1.151727314144562336e-01
1.077037565460410018e-01
1.003129330712166783e-01
9.304179875923701548e-02
8.593189137935570987e-02
7.902474870082658309e-02
7.236190849290341509e-02
6.598490852483990254e-02
5.993528656588978376e-02
5.425458038530686644e-02
4.898432775234487502e-02
4.416606643625759637e-02
3.982983740472746670e-02
3.595969441915172066e-02
3.252819443935631855e-02
2.950789442516722760e-02
2.687135133641038731e-02
2.459112213291173715e-02
2.263976377449725824e-02
2.098983322099287271e-02
1.961388743222454781e-02
1.848448336801824382e-02
1.757417798819989330e-02
1.685552825259546694e-02
1.630109112103089730e-02
1.588342355333214814e-02
1.557508250932516936e-02
1.534862494883591257e-02
1.517660783169033113e-02
1.503158811771437321e-02
1.488612276673399216e-02
1.471276873857513788e-02
1.448941171813157222e-02
1.421525229056824421e-02
1.389481976611792874e-02
1.353264345501338332e-02
1.313325266748737244e-02
1.270117671377266576e-02
1.224094490410201561e-02
1.175708654870819513e-02
1.125413095782396011e-02
1.073660744168208545e-02
1.020904531051532345e-02
9.675973874556447266e-03
9.141922444038205753e-03
8.611420329193382461e-03
8.088996840254724513e-03
7.579181287455000714e-03
7.086502981026981604e-03
6.615491231203419510e-03
6.170675348217087575e-03
5.756584642300743328e-03
5.376681335735915106e-03
5.030159298999170234e-03
4.715145314615839037e-03
4.429766165111250972e-03
4.172148633010740702e-03
3.940419500839633347e-03
3.732705551123260967e-03
3.547133566386957357e-03
3.381830329156047636e-03
3.234922621955866467e-03
3.104537227311741573e-03
2.988800927749005448e-03
2.885840505792985379e-03
2.793782743969015162e-03
2.710754424802422520e-03
2.634882330818539078e-03
2.564293244542695163e-03
2.497113948500221097e-03
2.431471225216447207e-03
2.365491857216704685e-03
2.297662712987163895e-03
2.227911004857365766e-03
2.156524031117690397e-03
2.083789090058522225e-03
2.009993479970238316e-03
1.935424499143221806e-03
1.860369445867855178e-03
1.785115618434518752e-03
1.709950315133595012e-03
1.635160834255462974e-03
1.561034474090505558e-03
1.487858532929103297e-03
1.415920309061639544e-03
1.345507100778492449e-03
1.276906206370045363e-03
1.210404924126678820e-03
1.146290552338776391e-03
1.084850389296716225e-03
1.026371733290880588e-03
9.711418826116515347e-04
9.193732782104335538e-04
8.709789316827231667e-04
8.257969972850383571e-04
7.836656292738992773e-04
7.444229819058253202e-04
7.079072094373364214e-04
6.739564661249508896e-04
6.424089062251883350e-04
6.131026839945685845e-04
5.858759536896108143e-04
5.605668695668347429e-04
5.370135858827590047e-04
5.150542568939033179e-04
4.945270368567870759e-04
4.752700800279301054e-04
4.571215406638507155e-04
4.399195730210689499e-04
4.235023313561041476e-04
4.077079699254757016e-04
3.923746429857032222e-04
3.773686273755009384e-04
3.626686902623661637e-04
3.482817213959912644e-04
3.342146105260691488e-04
3.204742474022914786e-04
3.070675217743512164e-04
2.940013233919407283e-04
2.812825420047528687e-04
2.689180673624792990e-04
2.569147892148130360e-04
2.452795973114463919e-04
2.340193814020717330e-04
2.231410312363819946e-04
2.126514365640689739e-04
2.025574871348254438e-04
1.928660726983438519e-04
1.835840830043168896e-04
1.747184078024365981e-04
1.662759368423956147e-04
1.582635598738863598e-04
1.506841010311194473e-04
1.435241219863772340e-04
1.367661187964598092e-04
1.303925875181678317e-04
1.243860242083015262e-04
1.187289249236614429e-04
1.134037857210476983e-04
1.083931026572607748e-04
1.036793717891010464e-04
9.924508917336898192e-05
9.507275086686476555e-05
9.114485292638886617e-05
8.744389140874163065e-05
8.395236237072343296e-05
8.065276186913472839e-05
7.752758596077572828e-05
7.455933070244684727e-05
7.173049215094852709e-05
6.902356636308114171e-05
6.642104939564494315e-05
6.390807661677044892e-05
6.148034063990838482e-05
5.913617338983951857e-05
5.687390679134473307e-05
5.469187276920468084e-05
5.258840324820023124e-05
5.056183015311219262e-05
4.861048540872137336e-05
4.673270093980852084e-05
4.492680867115442987e-05
4.319114052753992916e-05
4.152402843374579996e-05
3.992380431455284386e-05
3.838880009474182858e-05
3.691734769909357604e-05
3.550777905238887427e-05
3.415842607940851132e-05
3.286762070493328200e-05
3.163369485374406244e-05
3.045498045062151532e-05
2.932976353229287882e-05
2.825614658327087317e-05
2.723218620001462132e-05
2.625593897898321910e-05
2.532546151663577592e-05
2.443881040943142149e-05
2.359404225382924147e-05
2.278921364628838593e-05
2.202238118326790665e-05
2.129160146122693675e-05
2.059493107662459238e-05
1.993042662591997956e-05
1.929614470557220767e-05
1.869014191204038610e-05
1.811047484178362763e-05
1.755520009126104166e-05
1.702237425693175452e-05
1.651005393525483832e-05
1.601629572268941601e-05
1.553915621569461054e-05
1.507696039342512205e-05
1.462910676581807302e-05
1.419526222550617158e-05
1.377509366512214791e-05
1.336826797729870677e-05
1.297445205466859187e-05
1.259331278986448257e-05
1.222451707551911581e-05
1.186773180426520989e-05
1.152262386873547806e-05
1.118886016156263522e-05
1.086610757537940986e-05
1.055403300281850842e-05
1.025230333651266447e-05
9.960585469094575985e-06
9.678546293196962967e-06
9.405852701452552199e-06
9.142171586494055214e-06
8.887169840954190324e-06
8.640514357465677533e-06
8.401889681979957957e-06
8.171050973723380885e-06
7.947771045241028574e-06
7.731822709077956180e-06
7.522978777779247653e-06
7.321012063889974243e-06
7.125695379955215665e-06
6.936801538520042321e-06
6.754103352129526305e-06
6.577373633328744794e-06
6.406385194662772422e-06
6.240910848676684672e-06
6.080723407915549404e-06
5.925595684924437865e-06
5.775300492248433159e-06
5.629610642432604842e-06
5.488298948022027548e-06
5.351138221561773371e-06
5.217901275596919487e-06
5.088360922672539687e-06
4.962315542457697386e-06
4.839665783117398430e-06
4.720337859940644220e-06
4.604257988216437006e-06
4.491352383233778190e-06
4.381547260281664941e-06
4.274768834649098660e-06
4.170943321625078209e-06
4.069996936498606684e-06
3.971855894558684641e-06
3.876446411094306707e-06
3.783694701394475130e-06
3.693526980748189619e-06
3.605869464444451154e-06
3.520648367772260712e-06
3.437789906020616310e-06
3.357220294478519348e-06
3.278865748434969113e-06
3.202652483178968700e-06
3.128506713999512736e-06
3.056359297117553056e-06
2.986159652481839412e-06
2.917861840973067752e-06
2.851419923471938261e-06
2.786787960859147312e-06
2.723920014015394665e-06
2.662770143821378387e-06
2.603292411157794003e-06
2.545440876905341699e-06
2.489169601944717845e-06
2.434432647156621780e-06
2.381184073421752841e-06
2.329377941620806130e-06
2.278968312634481831e-06
2.229909247343477163e-06
2.182154806628492735e-06
2.135659051370222801e-06
2.090376042449365428e-06
2.046259840746621648e-06
2.003264507142687409e-06
1.961348031792654730e-06
1.920484121949187631e-06
1.880650414139343446e-06
1.841824544890179089e-06
1.803984150728754223e-06
1.767106868182121950e-06
1.731170333777342147e-06
1.696152184041470878e-06
1.662030055501566326e-06
1.628781584684685192e-06
1.596384408117886082e-06
1.564816162328224638e-06
1.534054483842758619e-06
1.504077009188546843e-06
1.474861374892644104e-06
1.446385217482109009e-06
1.418626173483998470e-06
1.391561879425369188e-06
1.365169971833279768e-06
1.339428087234787335e-06
1.314315391836165821e-06
1.289817170560562960e-06
1.265920238010344985e-06
1.242611408787873473e-06
1.219877497495515083e-06
1.197705318735634991e-06
1.176081687110596257e-06
1.154993417222764902e-06
1.134427323674505470e-06
1.114370221068182499e-06
1.094808924006161379e-06
1.075730247090806863e-06
1.057121004924482220e-06
1.038968012109553475e-06
1.021258083248384956e-06
1.003978032943341840e-06
9.871146757967886675e-07
9.706548264110901921e-07
9.545852993886107426e-07
9.388929093317164484e-07
9.235654244671245634e-07
9.085944275189730404e-07
8.939724548357514861e-07
8.796920427659519428e-07
8.657457276580647583e-07
8.521260458605807042e-07
8.388255337219907638e-07
8.258367275907860263e-07
8.131521638154574749e-07
8.007643787444952458e-07
7.886659087263906400e-07
7.768492901096342173e-07
7.653070592427172786e-07
7.540317524741305953e-07
7.430159061523652568e-07
7.322520566259113991e-07
7.217327402432603232e-07
7.114504933529035419e-07
7.013978523033307678e-07
6.915673534430334077e-07
6.819520711582907481e-07
6.725472319865368761e-07
6.633486005029936524e-07
6.543519412828838908e-07
6.455530189014295581e-07
6.369475979338529385e-07
6.285314429553767401e-07
6.203003185412229294e-07
6.122499892666138967e-07
6.043762197067718204e-07
5.966747744369190909e-07
5.891414180322783101e-07
5.817719150680713388e-07
5.745620301195208849e-07
5.675075277618492327e-07
5.606041725702786666e-07
5.538477291200312592e-07
5.472339619863292948e-07
5.407586357443954814e-07
5.344175149694517855e-07
5.282063642367208093e-07
5.221209481214246253e-07
5.161570311987857295e-07
5.103103780440267241e-07
5.045767532323692580e-07
4.989519213390359333e-07
4.934316469392491402e-07
4.880116946082310571e-07
4.826878289212040744e-07
4.774558144533905821e-07
4.723114157800131294e-07
4.672503974762932595e-07
4.622685241174541567e-07
4.573615602787174700e-07
4.525252705353060132e-07
4.477554194624415942e-07
4.430477716353473445e-07
4.383980916292448600e-07
4.338021440193564252e-07
4.292556933809050127e-07
