1.790565860149145594e-01
1.476611462355678084e-01
1.190020024847274899e-01
9.302493049943992565e-02
6.967570601675182607e-02
4.890010477370962394e-02
3.064390250736000881e-02
1.485287495474934931e-02
1.472797852924356225e-03
-9.550553061068525057e-03
-1.827140205018273553e-02
-2.474397337737172659e-02
-2.902249130558893706e-02
-3.116118009778785433e-02
-3.121426401692191724e-02
-2.923596732594453337e-02
-2.528051428780921789e-02
-1.940212916546940961e-02
-1.165503622187861674e-02
-2.093459719990172722e-03
9.228376077242403386e-03
2.225624690686554483e-02
3.693592850592589821e-02
5.321319661147019126e-02
7.103382696054466594e-02
9.034359529019600488e-02
1.110882773374707311e-01
1.332136488394155271e-01
1.566654855330766316e-01
1.813895631555007826e-01
2.073316574437345239e-01
2.344375441348243994e-01
2.626529989658170638e-01
2.919237976737586449e-01
3.221957159956961858e-01
3.534145296686759807e-01
3.855260144297444902e-01
4.184759460159485078e-01
4.522101001643345497e-01
4.866742526119491319e-01
5.218141790958384929e-01
5.575756553530495374e-01
5.939044571206285594e-01
6.307463601356224636e-01
6.680471401350772664e-01
7.057525728560400946e-01
7.438084340355571866e-01
7.821604994106748920e-01
8.207545447184401155e-01
8.595363456958994286e-01
8.984516780800988478e-01
9.374463176080857219e-01
9.764660400169055121e-01
1.015456621043606233e+00
1.054363836425233236e+00
1.093133461898832870e+00
1.131711273201452927e+00
1.170043046070138981e+00
1.208074556241938158e+00
1.245751579453896030e+00
1.283019891443060834e+00
1.319825267946477032e+00
1.356113484701192640e+00
1.391830317444253895e+00
1.426921541912707481e+00
1.461332933843599635e+00
1.495010268973976375e+00
1.527899323040885493e+00
1.559945871781372562e+00
1.591095690932484708e+00
1.621294556231267947e+00
1.650488243414768741e+00
1.678622528220034660e+00
1.705643403816950565e+00
1.731518091262977954e+00
1.756252554926320819e+00
1.779856882346064539e+00
1.802341161061293606e+00
1.823715478611092733e+00
1.843989922534545078e+00
1.863174580370737354e+00
1.881279539658752942e+00
1.898314887937676110e+00
1.914290712746591794e+00
1.929217101624584707e+00
1.943104142110739119e+00
1.955961921744139964e+00
1.967800528063871734e+00
1.978630048609018033e+00
1.988460570918664905e+00
1.997302182531896397e+00
2.005164970987795670e+00
2.012059023825449433e+00
2.017994428583941069e+00
2.022981272802355068e+00
2.027029644019776811e+00
2.030149629775289011e+00
2.032351317607978824e+00
2.033644795056928967e+00
2.034040149661224817e+00
2.033547468959950422e+00
2.032176840492189829e+00
2.029938351797029306e+00
2.026842090413552455e+00
2.022898143880842436e+00
2.018116599737986405e+00
2.012507545524067076e+00
2.006081068778169385e+00
1.998847257039378267e+00
1.990816197846778213e+00
1.981999804447690749e+00
1.972419595140476156e+00
1.962100235744494325e+00
1.951066393904814511e+00
1.939342737266506189e+00
1.926953933474636615e+00
1.913924650174277486e+00
1.900279555010495613e+00
1.886043315628360917e+00
1.871240599672941984e+00
1.855896074789308070e+00
1.840034408622527762e+00
1.823680268817671424e+00
1.806858323019806090e+00
1.789593238874001901e+00
1.771909684025327225e+00
1.753832326118851981e+00
1.735385832799644978e+00
1.716594871712773918e+00
1.697484110503308496e+00
1.678078216816318413e+00
1.658401858296872478e+00
1.638479702590038833e+00
1.618336417340887401e+00
1.597996670194485880e+00
1.577485128795904634e+00
1.556826460790212474e+00
1.536045333822477543e+00
1.515166415537769540e+00
1.494214373581156829e+00
1.473213875597709999e+00
1.452189589232495415e+00
1.431166182130584108e+00
1.410168321937044222e+00
1.389220676296945456e+00
1.368347912855356174e+00
1.347574181290923656e+00
1.326913921809883101e+00
1.306372951436747920e+00
1.285956787446942640e+00
1.265670947115894451e+00
1.245520947719028770e+00
1.225512306531771012e+00
1.205650540829548589e+00
1.185941167887786252e+00
1.166389704981910302e+00
1.147001669387347489e+00
1.127782578379523004e+00
1.108737949233862485e+00
1.089873299225792680e+00
1.071194145630739003e+00
1.052706005724127758e+00
1.034414396781385470e+00
1.016324836077936888e+00
9.984428408892085383e-01
9.807739284906265009e-01
9.633236161576170797e-01
9.460974211656055788e-01
9.291008607900181904e-01
9.123394523062809958e-01
8.958187129898204093e-01
8.795441601160616241e-01
8.635213109604308324e-01
8.477556827983543375e-01
8.322527929052575546e-01
8.170181585565674531e-01
8.020572970277087821e-01
7.873757255941085109e-01
7.729789615311917217e-01
7.588725221143854949e-01
7.450619246191149125e-01
7.315526863208060560e-01
7.183503134436892701e-01
7.054573214820741844e-01
6.928692028952067039e-01
6.805804431020963108e-01
6.685855275217525984e-01
6.568789415731846049e-01
6.454551706754022566e-01
6.343087002474145919e-01
6.234340157082314260e-01
6.128256024768619081e-01
6.024779459723160757e-01
5.923855316136027449e-01
5.825428448197313980e-01
5.729443710097119613e-01
5.635845956025534731e-01
5.544580040172658597e-01
5.455590816728580483e-01
5.368823139883402984e-01
5.284221863827210930e-01
5.201731842750104695e-01
5.121297930842174662e-01
5.042864982293521203e-01
4.966377851294234147e-01
4.891781392034409981e-01
4.819020458704145748e-01
4.748039905493531831e-01
4.678784586592666939e-01
4.611199356191643117e-01
4.545229068480552970e-01
4.480818577649494094e-01
4.417912737888559649e-01
4.356456403387846676e-01
4.296394428337448335e-01
4.237671666927456671e-01
4.180232973347972059e-01
4.124023201789086546e-01
4.068987206440891624e-01
4.015072901324911459e-01
3.962249539533960752e-01
3.910495461314545396e-01
3.859789040491564127e-01
3.810108650889920123e-01
3.761432666334513231e-01
3.713739460650245516e-01
3.667007407662019047e-01
3.621214881194732005e-01
3.576340255073287566e-01
3.532361903122585578e-01
3.489258199167529217e-01
3.447007517033017776e-01
3.405588230543953321e-01
3.364978713525236809e-01
3.325157339801770862e-01
3.286102483198453106e-01
3.247792517540187274e-01
3.210205816651873767e-01
3.173320754358412987e-01
3.137115704484708112e-01
3.101569040855658432e-01
3.066659137296166571e-01
3.032364367631132374e-01
2.998663105685459018e-01
2.965533725284045241e-01
2.932954600251791999e-01
2.900904104413602469e-01
2.869360611594376498e-01
2.838302495619015597e-01
2.807708130312421280e-01
2.777555889499493946e-01
2.747824147005134554e-01
2.718491276654246835e-01
2.689535652271728416e-01
2.660935647682481919e-01
2.632669932406417335e-01
2.604725682517469720e-01
2.577099652242307304e-01
2.549789106768580171e-01
2.522791311283931748e-01
2.496103530976008789e-01
2.469723031032460547e-01
2.443647076640929061e-01
2.417872932989063584e-01
2.392397865264510592e-01
2.367219138654915733e-01
2.342334018347925761e-01
2.317739769531187433e-01
2.293433657392346947e-01
2.269412947119050783e-01
2.245674903898946251e-01
2.222216792919677886e-01
2.199035879368893276e-01
2.176129428434238344e-01
2.153494705303360401e-01
2.131128975163905925e-01
2.109029503203520839e-01
2.087193554609851620e-01
2.065618394570545024e-01
2.044301288273248085e-01
2.023239500905606170e-01
2.002430297655266034e-01
1.981870943709873878e-01
1.961558704257076735e-01
1.941490844484520528e-01
1.921664629579852568e-01
1.902077324730718777e-01
1.882726195124766744e-01
1.863608505949640726e-01
1.844721522392988033e-01
1.826062509642456255e-01
1.807628732875158628e-01
1.789417439112686858e-01
1.771425819972785309e-01
1.753651056542154252e-01
1.736090329907491736e-01
1.718740821155498033e-01
1.701599711372870360e-01
1.684664181646307324e-01
1.667931413062508916e-01
1.651398586708174299e-01
1.635062883670001244e-01
1.618921485034688634e-01
1.602971571888935631e-01
1.587210325319441118e-01
1.571634926412904809e-01
1.556242556256023646e-01
1.541030395935498176e-01
1.525995626538026728e-01
1.511135429150307352e-01
1.496446984859039764e-01
1.481927474750922846e-01
1.467574079912655205e-01
1.453383981430935723e-01
1.439354360392463839e-01
1.425482397883936769e-01
1.411765274992054509e-01
1.398200172803516217e-01
1.384784272405020222e-01
1.371514754883264853e-01
1.358388801324949824e-01
1.345403592816774019e-01
1.332556310445435765e-01
1.319844135297634780e-01
1.307264248460068556e-01
1.294813831019437089e-01
1.282490064062438151e-01
1.270290128675771457e-01
1.258211321374842762e-01
1.246252023299104644e-01
1.234411209865493297e-01
1.222687862578007018e-01
1.211080962940644379e-01
1.199589492457402429e-01
1.188212432632279603e-01
1.176948764969274336e-01
1.165797470972383815e-01
1.154757532145607030e-01
1.143827929992941306e-01
1.133007646018384523e-01
1.122295661725935811e-01
1.111690958619591663e-01
1.101192518203351206e-01
1.090799321981211906e-01
1.080510351457171919e-01
1.070324588135229404e-01
1.060241013519382242e-01
1.050258609113628450e-01
1.040376356421966048e-01
1.030593236948393887e-01
1.020908232196908183e-01
1.011320323671508342e-01
1.001828492876191690e-01
9.924317213149567996e-02
9.831289904918012745e-02
9.739192819107231336e-02
9.648015770757209508e-02
9.557748574907923289e-02
9.468381046599352868e-02
9.379903000871477048e-02
9.292304252764278794e-02
9.205574617317734132e-02
9.119703909571826028e-02
9.034681944566536060e-02
8.950498537341843031e-02
8.867143502937725741e-02
8.784606656394165769e-02
8.702877812751148856e-02
8.621946787048644090e-02
8.541803394326637211e-02
8.462437449625107022e-02
8.383838767984036489e-02
8.305997164443404412e-02
8.228902454043189596e-02
8.152544451823372229e-02
8.076912972823935277e-02
8.001997832084858930e-02
7.927788844646119215e-02
7.854275825547701873e-02
7.781448589829578766e-02
7.709296952531735636e-02
7.637810728694155449e-02
7.566979733356811455e-02
7.496793781559690784e-02
7.427242688342770849e-02
7.358316268746027677e-02
7.290004337809448398e-02
7.222296710573006262e-02
7.155183202076687010e-02
7.088653627360468057e-02
7.022697801464330980e-02
6.957305539428255969e-02
6.892466656292219052e-02
6.828170967096210131e-02
6.764408286880194132e-02
6.701168430684167898e-02
6.638441213548096353e-02
6.576216450511973566e-02
6.514483956615774174e-02
6.453233546899470041e-02
6.392455036403055235e-02
