1.790565860149145594e-01
1.637958157847247687e-01
1.506309059017485741e-01
1.394802791191730729e-01
1.302623581901851957e-01
1.228955658679720536e-01
1.172983249057205218e-01
1.133890580566178641e-01
1.110861880738509555e-01
1.103081377106067962e-01
1.109733297200724833e-01
1.130001868554349753e-01
1.163071318698813555e-01
1.208125875165986796e-01
1.264349765487738642e-01
1.330927217195939927e-01
1.407042457822460790e-01
1.491879714899171927e-01
1.584623215957942644e-01
1.684457188530644189e-01
1.790565860149146149e-01
1.902133458345318939e-01
2.018344210651032977e-01
2.138382344598158402e-01
2.261432087718565354e-01
2.386677667544123971e-01
2.513303311606704948e-01
2.640493247438178703e-01
2.767431702570414265e-01
2.893302904535283160e-01
3.017291080864654695e-01
3.138580459090400399e-01
3.256355266744389021e-01
3.369799731358490980e-01
3.478098080464577802e-01
3.580434541594518794e-01
3.675993342280183263e-01
3.763958710053444401e-01
3.843514872446169850e-01
3.913846056990230582e-01
3.974136491217496459e-01
4.023803009516324081e-01
4.063192873701009233e-01
4.092885952442334441e-01
4.113462114411083892e-01
4.125501228278037891e-01
4.129583162713978406e-01
4.126287786389689072e-01
4.116194967975951857e-01
4.099884576143548731e-01
4.077936479563262773e-01
4.050930546905875396e-01
4.019446646842170234e-01
3.984064648042927592e-01
3.945364419178930548e-01
3.903925828920962182e-01
3.860328745939805017e-01
3.815153038906239913e-01
3.768978576491049948e-01
3.722385227365018201e-01
3.675952860198925531e-01
3.630154283201972865e-01
3.585034062737024185e-01
3.540529704705365766e-01
3.496578715008281657e-01
3.453118599547051470e-01
3.410086864222961478e-01
3.367421014937296286e-01
3.325058557591336061e-01
3.282936998086367630e-01
3.240993842323672824e-01
3.199166596204534585e-01
3.157392765630238629e-01
3.115609856502065678e-01
3.073755374721301448e-01
3.031766826189228881e-01
2.989581716807130918e-01
2.947137552476292166e-01
2.904371839097994457e-01
2.861222082573523506e-01
2.817625788804161702e-01
2.773540114113540178e-01
2.729000816514677297e-01
2.684063304442941833e-01
2.638782986333700897e-01
2.593215270622320490e-01
2.547415565744168831e-01
2.501439280134611365e-01
2.455341822229017978e-01
2.409178600462753284e-01
2.363005023271185223e-01
2.316876499089680908e-01
2.270848436353608557e-01
2.224976243498332784e-01
2.179315328959223197e-01
2.133921101171645240e-01
2.088848968570966302e-01
2.044154339592554326e-01
1.999892622671775588e-01
1.956119226243997478e-01
1.912889558744588214e-01
1.870249598608673403e-01
1.828207604270425113e-01
1.786762404163775575e-01
1.745912826722657851e-01
1.705657700381000286e-01
1.665995853572736773e-01
1.626926114731799822e-01
1.588447312292120273e-01
1.550558274687631466e-01
1.513257830352262578e-01
1.476544807719947228e-01
1.440418035224617088e-01
1.404876341300203557e-01
1.369918554380638309e-01
1.335543502899854129e-01
1.301750015291781581e-01
1.268536919990354006e-01
1.235903045429501967e-01
1.203847220043157279e-01
1.172368272265252032e-01
1.141464897033483833e-01
1.111135255300610830e-01
1.081377374523153773e-01
1.052189282157636602e-01
1.023569005660581871e-01
9.955145724885135217e-02
9.680240100979521645e-02
9.410953459454220182e-02
9.147266074874454977e-02
8.889158221805457116e-02
8.636610174812456298e-02
8.389602208460671118e-02
8.148114597315336827e-02
7.912127615941676184e-02
7.681621538904925828e-02
7.456576640770302966e-02
7.236973196103040074e-02
7.022791479468365461e-02
6.814011765431507439e-02
6.610614328557697095e-02
6.412567393303778007e-02
6.219790983693092995e-02
6.032193073640615411e-02
5.849681637061308198e-02
5.672164647870128751e-02
5.499550079982049727e-02
5.331745907312037541e-02
5.168660103775059994e-02
5.010200643286072397e-02
4.856275499760048797e-02
4.706792647111953526e-02
4.561660059256748140e-02
4.420785710109405298e-02
4.284077573584884474e-02
4.151443623598153471e-02
4.022791834064177313e-02
3.898030178897924497e-02
3.777066632014355885e-02
3.659809167328439972e-02
3.546165758755140396e-02
3.436046731709754137e-02
3.329371817608887951e-02
3.226063099369473608e-02
3.126042659908451898e-02
3.029232582142755981e-02
2.935554948989324564e-02
2.844931843365090113e-02
2.757285348186988561e-02
2.672537546371957576e-02
2.590610520836935521e-02
2.511426354498853125e-02
2.434907130274647710e-02
2.360974931081256944e-02
2.289551839835615027e-02
2.220559939454659626e-02
2.153921312855323553e-02
2.089558042954544823e-02
2.027392212669259716e-02
1.967345904916404167e-02
1.909341202612912028e-02
1.853304498572800468e-02
1.799179425198410218e-02
1.746913924789160813e-02
1.696455939644473179e-02
1.647753412063765813e-02
1.600754284346459985e-02
1.555406498791975407e-02
1.511657997699734218e-02
1.469456723369153874e-02
1.428750618099655818e-02
1.389487624190659937e-02
1.351615683941586980e-02
1.315082739651857006e-02
1.279836733620889205e-02
1.245825608148105022e-02
1.212997305532923994e-02
1.181299768074766700e-02
1.150680938073052502e-02
1.121088757827204581e-02
1.092471169636639004e-02
1.064780519787086183e-02
1.037986770509510479e-02
1.012064288021183832e-02
9.869874385393790500e-03
9.627305882813682464e-03
9.392681034644245752e-03
9.165743503058198030e-03
8.946236950228272575e-03
8.733905038327180112e-03
8.528491429527653919e-03
8.329739786002420335e-03
8.137393769924198758e-03
7.951197043465715528e-03
7.770893268799696982e-03
7.596226108098869459e-03
7.426939223535953226e-03
7.262776277283684162e-03
7.103480931514769524e-03
6.948796848401942589e-03
6.798467690117930562e-03
6.652262171097688900e-03
6.510049214825131166e-03
6.371722797046393966e-03
6.237176893507625185e-03
6.106305479954966635e-03
5.979002532134566200e-03
5.855162025792558754e-03
5.734677936675091313e-03
5.617444240528309159e-03
5.503354913098351502e-03
5.392303930131365358e-03
5.284185267373495143e-03
5.178892900570877464e-03
5.076320805469668011e-03
4.976362957815997322e-03
4.878913333356014147e-03
4.783865907835861166e-03
4.691114657001681926e-03
4.600553556599619974e-03
4.512076582375818858e-03
4.425588287689216464e-03
4.341035536349936719e-03
4.258375769780896151e-03
4.177566429405006089e-03
4.098564956645188266e-03
4.021328792924357479e-03
3.945815379665432859e-03
3.871982158291327903e-03
3.799786570224962610e-03
3.729186056889249607e-03
3.660138059707112798e-03
3.592600020101463943e-03
3.526529379495219572e-03
3.461883579311296217e-03
3.398620060972613009e-03
3.336696265902085179e-03
3.276069635522629690e-03
3.216697611257163074e-03
3.158537634528604029e-03
3.101547146759867351e-03
3.045687097652383189e-03
2.990932470021617946e-03
2.937261754961552947e-03
2.884653443566170816e-03
2.833086026929451141e-03
2.782537996145376981e-03
2.732987842307925755e-03
2.684414056511079654e-03
2.636795129848820435e-03
2.590109553415129856e-03
2.544335818303986203e-03
2.499452415609369500e-03
2.455437836425262369e-03
2.412270571845645268e-03
2.369929112964500387e-03
2.328391950875805579e-03
2.287637576673543904e-03
2.247644481451695816e-03
2.208391156304242639e-03
2.169856092325163528e-03
2.132019165395987025e-03
2.094865790548430546e-03
2.058382767601758291e-03
2.022556896375235329e-03
1.987374976688124125e-03
1.952823808359692133e-03
1.918890191209201602e-03
1.885560925055916517e-03
1.852822809719102595e-03
1.820662645018022519e-03
1.789067230771941358e-03
1.758023366800124830e-03
1.727517852921835401e-03
1.697537488956338356e-03
1.668069074722898113e-03
1.639099410040779957e-03
1.610615294729246137e-03
1.582603528607561287e-03
1.555050911494991342e-03
1.527944243210799203e-03
1.501270950390310365e-03
1.475020966933093119e-03
1.449184853554774449e-03
1.423753170970983289e-03
1.398716479897349008e-03
1.374065341049497723e-03
1.349790315143059019e-03
1.325881962893660313e-03
1.302330845016930975e-03
1.279127522228498421e-03
1.256262555243991370e-03
1.233726504779037890e-03
1.211509931549266264e-03
1.189603396270305430e-03
1.167997459657782369e-03
1.146682682427325800e-03
1.125649625294564441e-03
1.104888848975125711e-03
1.084390914184638760e-03
1.064146381638731657e-03
1.044146012675452621e-03
1.024381371122531784e-03
1.004844221430121380e-03
9.855263280483686581e-04
9.664194554274259602e-04
9.475153680174438955e-04
9.288058302685716630e-04
9.102826066309603050e-04
8.919374615547609724e-04
8.737621594901230811e-04
8.557484648871977817e-04
8.378881421961360083e-04
8.201729558670865262e-04
8.025946703502007031e-04
7.851450500956289307e-04
7.678158595535217092e-04
7.505988631740292136e-04
7.334858254073022693e-04
7.164685107034910513e-04
6.995386835127467102e-04
6.826881847494585499e-04
6.659091611849790029e-04
6.491938360548997391e-04
6.325344325948124282e-04
6.159231740403090655e-04
5.993522836269815374e-04
5.828139845904214056e-04
5.663005001662207733e-04
5.498040535899718527e-04
5.333168680972653376e-04
5.168311669236934401e-04
5.003391733048480469e-04
4.838331104763212071e-04
4.673052016737045907e-04
4.507476701325901928e-04
4.341527390885692493e-04
4.175126317772340809e-04
4.008195714341772787e-04
3.840657812949888864e-04
3.672434845952615495e-04
3.503459772462732776e-04
3.333708458620470599e-04
3.163167497322919540e-04
2.991823481467169093e-04
2.819663003950312547e-04
2.646672657669437226e-04
2.472839035521644550e-04
2.298148730404009105e-04
2.122588335213630142e-04
1.946144442847597155e-04
1.768803646203001535e-04
1.590552538176934671e-04
1.411377711666486601e-04
1.231265759568749528e-04
1.050203274780812539e-04
8.681768501997755619e-05
6.851730787227139970e-05
5.011785532467253332e-05
3.161798666689013681e-05
1.301636118863321032e-05
-5.688361820389029978e-06
-2.449752307046761864e-05
-4.341246327189340556e-05
-6.243452313495652915e-05
-8.156504336994945968e-05
-1.008053646871624347e-04
-1.201568277968862201e-04
-1.396207734094118125e-04
-1.591985422350300863e-04
-1.788914749840320379e-04
-1.987009123667076067e-04
-2.186281950933503641e-04
-2.386746638742477016e-04
-2.588416594196940850e-04
-2.791305224399769059e-04
-2.995425936453905216e-04
-3.200792137462226219e-04
-3.407417234527653415e-04
-3.615314634753118996e-04
-3.824497745241493352e-04
