1.790565860149145594e-01
1.981240450769646555e-01
2.161788520218987097e-01
2.332417695731495433e-01
2.493335604541503381e-01
2.644749873883339153e-01
2.786868130991336234e-01
2.919898003099821171e-01
3.044047117443126060e-01
3.159523101255578004e-01
3.266533581771512984e-01
3.365286186225256992e-01
3.455988541851139351e-01
3.538848275883493266e-01
3.614073015556646395e-01
3.681870388104931946e-01
3.742448020762674243e-01
3.796013540764209826e-01
3.842774575343864685e-01
3.882938751735970917e-01
3.916713697174858955e-01
3.944307038894857009e-01
3.965926404130296623e-01
3.981779420115508228e-01
3.992073714084820035e-01
3.997016913272564698e-01
3.996816644913070982e-01
3.991680536240667654e-01
3.981816214489686812e-01
3.967431306894458887e-01
3.948733440689313201e-01
3.925930243108579631e-01
3.899229341386588055e-01
3.868838362757671123e-01
3.834964934456155383e-01
3.797816683716372377e-01
3.757601237772651426e-01
3.714526223859325182e-01
3.668799269210722969e-01
3.620628001061171886e-01
3.570220046645006251e-01
3.517783033196553721e-01
3.463524587950145284e-01
3.407652338140110260e-01
3.350373911000780747e-01
3.291896933766483291e-01
3.232429033671551655e-01
3.172177837950314605e-01
3.111350973837101463e-01
3.050156068566243772e-01
2.988800749372069188e-01
2.927492643488911472e-01
2.866439378151098838e-01
2.805848580592960051e-01
2.745927878048827209e-01
2.686884897753030743e-01
2.628927266939898866e-01
2.572262612843763119e-01
2.517071943973216985e-01
2.463371996793296270e-01
2.411116904469620958e-01
2.360260676932968427e-01
2.310757324114114108e-01
2.262560855943837601e-01
2.215625282352914061e-01
2.169904613272121696e-01
2.125352858632238440e-01
2.081924028364040558e-01
2.039572132398305981e-01
1.998251180665811255e-01
1.957915183097333200e-01
1.918518149623650026e-01
1.880014090175539110e-01
1.842357014683776439e-01
1.805500933079140224e-01
1.769399855292407009e-01
1.734007791254354724e-01
1.699278750895759915e-01
1.665166744147400513e-01
1.631625780940053616e-01
1.598609871204496047e-01
1.566073024871505182e-01
1.533969251871857842e-01
1.502252562136332237e-01
1.470876965595704633e-01
1.439796472180752962e-01
1.408965314194828566e-01
1.378357098151864191e-01
1.347979564756023874e-01
1.317843929282953574e-01
1.287961407008299530e-01
1.258343213207707145e-01
1.229000563156822795e-01
1.199944672131292300e-01
1.171186755406761204e-01
1.142738028258875882e-01
1.114609705963282432e-01
1.086813003795625704e-01
1.059359137031553044e-01
1.032259320946709164e-01
1.005524770816741825e-01
9.791667019172942132e-02
9.531963295240140910e-02
9.276248689125471403e-02
9.024635353585395980e-02
8.777235441376363134e-02
8.534161105254839397e-02
8.295524497977281586e-02
8.061437772300150684e-02
7.832013080979907671e-02
7.607362576773010754e-02
7.387598412435913975e-02
7.172832740725079703e-02
6.963177714396973084e-02
6.758745486208045383e-02
6.559635330404370301e-02
6.365820002745969930e-02
6.177200448418956880e-02
5.993676788384758730e-02
5.815149143604816245e-02
5.641517635040572270e-02
5.472682383653459243e-02
5.308543510404920007e-02
5.149001136256389083e-02
4.993955382169304458e-02
4.843306369105108283e-02
4.696954218025237854e-02
4.554799049891127688e-02
4.416740985664219243e-02
4.282680146305947733e-02
4.152516652777754613e-02
4.026150626041080649e-02
3.903482187057356195e-02
3.784411456788025485e-02
3.668838556194524425e-02
3.556663606238293085e-02
3.447786727880766677e-02
3.342108042083384578e-02
3.239527669807586163e-02
3.139945732014809421e-02
3.043262349666493033e-02
2.949377643724071865e-02
2.858191735148987028e-02
2.769604771141988622e-02
2.683530228474404963e-02
2.599916560920663075e-02
2.518717889946623864e-02
2.439888337018144074e-02
2.363382023601083570e-02
2.289153071161296321e-02
2.217155601164643233e-02
2.147343735076979315e-02
2.079671594364165474e-02
2.014093300492058800e-02
1.950562974926513954e-02
1.889034739133392191e-02
1.829462714578549906e-02
1.771801022727846273e-02
1.716003785047135952e-02
1.662025123002279156e-02
1.609819158059132976e-02
1.559340011683555370e-02
1.510541805341405162e-02
1.463378660498537362e-02
1.417804698620811661e-02
1.373774041174085497e-02
1.331240809624216655e-02
1.290159125437062917e-02
1.250483110078481896e-02
1.212166885014330855e-02
1.175164571710469487e-02
1.139430291632753320e-02
1.104918667106779412e-02
1.071592733336574482e-02
1.039422506258776135e-02
1.008378213110225699e-02
9.784300811277622453e-03
9.495483375482269284e-03
9.217032096084605552e-03
8.948649245453046269e-03
8.690037095955976953e-03
8.440897919961810880e-03
8.200933989838961324e-03
7.969847577955825949e-03
7.747340956680822364e-03
7.533116398382336092e-03
7.326876175428786477e-03
7.128322560188577253e-03
6.937157825030113023e-03
6.753084242321800122e-03
6.575804084432042285e-03
6.405019623729244979e-03
6.240433132581821481e-03
6.081746883358164248e-03
5.928663148426689157e-03
5.780884200155796473e-03
5.638112310913895135e-03
5.500049753069389744e-03
5.366398798990684900e-03
5.236861721046193012e-03
5.111140791604310007e-03
4.988974886129081757e-03
4.870249292467113134e-03
4.754885901560639005e-03
4.642806604351903781e-03
4.533933291783141459e-03
4.428187854796594713e-03
4.325492184334501014e-03
4.225768171339105636e-03
4.128937706752638243e-03
4.034922681517341507e-03
3.943644986575456368e-03
3.855026512869220729e-03
3.768989151340872926e-03
3.685454792932655634e-03
3.604345328586803718e-03
3.525582649245560286e-03
3.449088645851165844e-03
3.374785209345852657e-03
3.302594230671864264e-03
3.232437600771440739e-03
3.164237210586818682e-03
3.097914951060239033e-03
3.033392713133942296e-03
2.970592387750164640e-03
2.909435865851147003e-03
2.849845038379131192e-03
2.791741796276350773e-03
2.735048030485048853e-03
2.679686330729978260e-03
2.625602372439716104e-03
2.572769652939264212e-03
2.521163325926994905e-03
2.470758545101275298e-03
2.421530464160479013e-03
2.373454236802971865e-03
2.326505016727125306e-03
2.280657957631309490e-03
2.235888213213895002e-03
2.192170937173252426e-03
2.149481283207750181e-03
2.107794405015760153e-03
2.067085456295651193e-03
2.027329590745795187e-03
1.988501962064559685e-03
1.950577723950315057e-03
1.913532030101432538e-03
1.877340034216281846e-03
1.841976889993232483e-03
1.807417751130655252e-03
1.773637771326919653e-03
1.740612104280396706e-03
1.708315903689456780e-03
1.676724323252467641e-03
1.645812516667800309e-03
1.615555637633826020e-03
1.585928839848913408e-03
1.556907277011433275e-03
1.528467718020692532e-03
1.500596899659555278e-03
1.473285357424200439e-03
1.446523634288590307e-03
1.420302273226682838e-03
1.394611817212440541e-03
1.369442809219824191e-03
1.344785792222793911e-03
1.320631309195311560e-03
1.296969903111337046e-03
1.273792116944830926e-03
1.251088493669754624e-03
1.228849576260070652e-03
1.207065907689736312e-03
1.185728030932714332e-03
1.164826488962965268e-03
1.144351824754449897e-03
1.124294581281129208e-03
1.104645301516963760e-03
1.085394528435914543e-03
1.066532805011942116e-03
1.048050674219008337e-03
1.029938679031072030e-03
1.012187362422095702e-03
9.947872673660390457e-04
9.777289368368632678e-04
9.610029138085294685e-04
9.445997412549982054e-04
9.285099791250630338e-04
9.127256662998208458e-04
8.972414472971924600e-04
8.820522318668628722e-04
8.671529297585146932e-04
8.525384507218329187e-04
8.382037045065005932e-04
8.241436008622016283e-04
8.103530495386201526e-04
7.968269602854395357e-04
7.835602428523446650e-04
7.705478069890176092e-04
7.577845624451431472e-04
7.452654189704047572e-04
7.329852863144863508e-04
7.209390742270718397e-04
7.091216924578449187e-04
6.975280507564894997e-04
6.861530588726892773e-04
6.749916265561281634e-04
6.640386635564896360e-04
6.532890796234577151e-04
6.427377845067158788e-04
6.323796879559483641e-04
6.222096997208386489e-04
6.122227295510707535e-04
6.024136871963284810e-04
5.927774824062953096e-04
5.833090249306556929e-04
5.740033884501062958e-04
5.648572571036237534e-04
5.558682291095170007e-04
5.470339131776796784e-04
5.383519180180055359e-04
5.298198523403882141e-04
5.214353248547214624e-04
5.131959442708990300e-04
5.050993192988147747e-04
4.971430586483619038e-04
4.893247710294344917e-04
4.816420651519259626e-04
4.740925497257302825e-04
4.666738334607412010e-04
4.593835250668521419e-04
4.522192332539570173e-04
4.451785667319495222e-04
4.382591342107235144e-04
4.314585444001723096e-04
4.247744060101897655e-04
4.182043277506695771e-04
4.117459183315054939e-04
4.053967864625912651e-04
3.991545408538205316e-04
3.930167902150869343e-04
3.869811432562846021e-04
3.810452086873066880e-04
3.752065952180471038e-04
3.694629121209748132e-04
3.638120544569527605e-04
3.582526672000871013e-04
3.527835168408088797e-04
3.474033698695492482e-04
3.421109927767392511e-04
3.369051520528101493e-04
3.317846141881925534e-04
3.267481456733179412e-04
3.217945129986170857e-04
3.169224826545212481e-04
3.121308211314614183e-04
3.074182949198688030e-04
3.027836705101742839e-04
2.982257143928090134e-04
2.937431930582042527e-04
2.893348729967907748e-04
2.849995206989996781e-04
2.807359026552620610e-04
2.765427853560091303e-04
2.724189352916717675e-04
2.683631189526812879e-04
2.643741028294685188e-04
2.604506534124646127e-04
2.565915371921008306e-04
2.527955206588079458e-04
2.490613703030171108e-04
2.453878526151593697e-04
2.417737340856658751e-04
2.382177812049677255e-04
2.347187604634959378e-04
2.312754383516815021e-04
2.278865813599555981e-04
2.245509559787494324e-04
2.212673286984936428e-04
2.180344660096196800e-04
2.148511344025584525e-04
2.117161003677410589e-04
2.086281303955985704e-04
2.055859909765620852e-04
2.025884486010626478e-04
1.996342697595314918e-04
1.967222209423993633e-04
1.938510686400974421e-04
1.910195793430569079e-04
1.882265195417087234e-04
1.854706557264840683e-04
1.827507543878139056e-04
1.800655820161294691e-04
1.774139051018614507e-04
1.747944901354414366e-04
1.722061036073000101e-04
1.696475120078687034e-04
1.671174818275780727e-04
1.646147795568597043e-04
1.621381716861444256e-04
1.596864247058630908e-04
1.572583051064471780e-04
