1.790565860149145594e-01
2.263607737721523849e-01
2.738763518060634561e-01
3.215812064398425041e-01
3.694532239966848430e-01
4.174702907997852597e-01
4.656102931723392069e-01
5.138511174375413049e-01
5.621706499185868955e-01
6.105467769386706545e-01
6.589573848209882012e-01
7.073803598887341559e-01
7.557935884651036940e-01
8.041749568732918796e-01
8.525023514364936661e-01
9.007536584779043398e-01
9.489067643207188540e-01
9.969395552881320510e-01
1.044829917703338884e+00
1.092555737889534750e+00
1.140094902169914937e+00
1.187425296867674174e+00
1.234524808306006971e+00
1.281371322808109392e+00
1.327942726697175724e+00
1.374216906296401586e+00
1.420171747928981265e+00
1.465785137918110603e+00
1.511034962586984332e+00
1.555899108258797403e+00
1.600355461256744771e+00
1.644381907904021833e+00
1.687956334523823321e+00
1.731056627439344631e+00
1.773660672973780050e+00
1.815746357450325865e+00
1.857291567192176363e+00
1.898274188522526496e+00
1.938672107764571440e+00
1.978463211241507036e+00
2.017625385276526906e+00
2.056136516192827113e+00
2.093974490313602388e+00
2.131117193962047462e+00
2.167542513461357956e+00
2.203228335134728155e+00
2.238152545305354124e+00
2.272293030296430150e+00
2.305627676431151407e+00
2.338134370032713960e+00
2.369790997424310763e+00
2.400575444929139213e+00
2.430465598870392263e+00
2.459439345571266866e+00
2.487474571354956865e+00
2.514549162544656991e+00
2.540641005463563307e+00
2.565727986434870544e+00
2.589787991781773435e+00
2.612798907827466710e+00
2.634738620895147321e+00
2.655585017308007778e+00
2.675315983389244590e+00
2.693909405462052487e+00
2.711343169849626644e+00
2.727595162875162682e+00
2.742643270861853999e+00
2.756465380132897103e+00
2.769039377011486724e+00
2.780343147820816707e+00
2.790354578884083558e+00
2.799051556524482454e+00
2.806411967065207680e+00
2.812413866446962896e+00
2.817051870304966510e+00
2.820350817601564586e+00
2.822338763749631774e+00
2.823043764162044944e+00
2.822493874251676083e+00
2.820717149431400284e+00
2.817741645114093973e+00
2.813595416712630470e+00
2.808306519639884424e+00
2.801903009308730486e+00
2.794412941132044637e+00
2.785864370522700639e+00
2.776285352893573588e+00
2.765703943657537245e+00
2.754148198227466260e+00
2.741646172016237060e+00
2.728225920436722962e+00
2.713915498901799506e+00
2.698742962824340452e+00
2.682736367617220452e+00
2.665923768693315044e+00
2.648333221465498877e+00
2.629992781346646158e+00
2.610930503749631981e+00
2.591174444087329665e+00
2.570752657772616079e+00
2.549693200218366318e+00
2.528024126837451480e+00
2.505773493042749323e+00
2.482969354247134497e+00
2.459639765863478988e+00
2.435812783304661444e+00
2.411516461983553405e+00
2.386778857313030411e+00
2.361628024705968443e+00
2.336092019575240819e+00
2.310197997733101527e+00
2.283968382192940183e+00
2.257424045056673823e+00
2.230585857526621751e+00
2.203474690805100611e+00
2.176111416094427042e+00
2.148516904596921240e+00
2.120712027514899845e+00
2.092717656050679498e+00
2.064554661406579505e+00
2.036243914784917397e+00
2.007806287388010258e+00
1.979262650418176506e+00
1.950633875077733892e+00
1.921940832568999058e+00
1.893204394094290866e+00
1.864445430855926844e+00
1.835684814056224523e+00
1.806943414897501654e+00
1.778242104582076211e+00
1.749601754312265944e+00
1.721043235290389051e+00
1.692587418718761727e+00
1.664255175799703279e+00
1.636067377735529904e+00
1.608044895728561796e+00
1.580208600981114708e+00
1.552579364695506392e+00
1.525178058074055931e+00
1.498025552319079301e+00
1.471142718632896473e+00
1.444550428217822979e+00
1.418269552276178125e+00
1.392320962010278773e+00
1.366725528622443342e+00
1.341504123314988473e+00
1.316676979329894248e+00
1.292252371106302311e+00
1.268227952225121413e+00
1.244601007077245081e+00
1.221368820053570614e+00
1.198528675544993316e+00
1.176077857942409155e+00
1.154013651636714544e+00
1.132333341018803896e+00
1.111034210479574291e+00
1.090113544409921476e+00
1.069568627200741417e+00
1.049396743242928975e+00
1.029595176927381006e+00
1.010161212644992812e+00
9.910921347866601394e-01
9.723852277432801783e-01
9.540377759057467877e-01
9.360470636649568243e-01
9.184103754118063678e-01
9.011249955371910536e-01
8.841882084320064061e-01
8.675972984871482829e-01
8.513495500935127636e-01
8.354422476419961496e-01
8.198726755234935215e-01
8.046381181289008477e-01
7.897358598491145409e-01
7.751631850750295705e-01
7.609173781975427930e-01
7.469957236075491780e-01
7.333955056959451380e-01
7.201140088536259753e-01
7.071485174714885469e-01
6.944963159404274888e-01
6.821546886513392138e-01
6.701209165504160570e-01
6.583913483609616923e-01
6.469601436971954556e-01
6.358211482747290200e-01
6.249682078091747250e-01
6.143951680161440221e-01
6.040958746112486955e-01
5.940641733101005295e-01
5.842939098283110866e-01
5.747789298814924841e-01
5.655130791852566174e-01
5.564902034552149379e-01
5.477041484069793409e-01
5.391487597561617218e-01
5.308178832183736429e-01
5.227053645092272216e-01
5.148050493443337983e-01
5.071107834393060454e-01
4.996164125097548037e-01
4.923157822712920795e-01
4.852027384395297127e-01
4.782711267300798208e-01
4.715147928585535775e-01
4.649275825405634333e-01
4.585033414917207284e-01
4.522359154276374693e-01
4.461191500639253849e-01
4.401468911161962039e-01
4.343129843000617107e-01
4.286112753311335788e-01
4.230356099250238699e-01
4.175798337973443131e-01
4.122377926637066925e-01
4.070033322397224596e-01
4.018702982410040092e-01
3.968325363831628483e-01
3.918838923818105391e-01
3.870186526479719169e-01
3.822341769746732121e-01
3.775291339417291003e-01
3.729021969651178936e-01
3.683520394608180148e-01
3.638773348448080536e-01
3.594767565330661552e-01
3.551489779415710202e-01
3.508926724863006275e-01
3.467065135832335665e-01
3.425891746483482603e-01
3.385393290976230762e-01
3.345556503470364373e-01
3.306368118125666000e-01
3.267814869101922093e-01
3.229883490558916326e-01
3.192560716656429043e-01
3.155833281554246139e-01
3.119687919412152399e-01
3.084111364389931498e-01
3.049090350647367109e-01
3.014611612344243463e-01
2.980661883640343679e-01
2.947227898695452541e-01
2.914296391669354835e-01
2.881854096721832015e-01
2.849887748012669419e-01
2.818384079701650169e-01
2.787329825948559048e-01
2.756711720913180286e-01
2.726516498755297002e-01
2.696730893634693982e-01
2.667341639711153234e-01
2.638335471144462319e-01
2.609699122094401025e-01
2.581419326720755247e-01
2.553482975276692990e-01
2.525881448509851857e-01
2.498611183344759679e-01
2.471668886435316181e-01
2.445051264435417759e-01
2.418755023998960529e-01
2.392776871779846160e-01
2.367113514431966326e-01
2.341761658609221308e-01
2.316718010965509444e-01
2.291979278154726019e-01
2.267542166830769090e-01
2.243403383647536997e-01
2.219559635258925856e-01
2.196007628318833449e-01
2.172744069481157836e-01
2.149765665399795689e-01
2.127069122728644512e-01
2.104651148121601256e-01
2.082508448232563703e-01
2.060637729715428801e-01
2.039035699224094333e-01
2.017699063412458360e-01
1.996624528934417275e-01
1.975808802443869416e-01
1.955248590594710623e-01
1.934940600040839231e-01
1.914881537436152747e-01
1.895068109434547565e-01
1.875497022689922300e-01
1.856164983856173623e-01
1.837068699587199316e-01
1.818204876536897163e-01
1.799570221359163003e-01
1.781161440707895172e-01
1.762975241236991175e-01
1.745008329669698599e-01
1.727257532290027153e-01
1.709720040236491490e-01
1.692393113998393872e-01
1.675274014065037398e-01
1.658360000925727384e-01
1.641648335069765263e-01
1.625136276986454686e-01
1.608821087165099584e-01
1.592700026095003329e-01
1.576770354265468466e-01
1.561029332165799477e-01
1.545474220285298628e-01
1.530102279113270403e-01
1.514910769139018454e-01
1.499896950851843658e-01
1.485058084741051609e-01
1.470391431295945683e-01
1.455894251005828421e-01
1.441563804360003198e-01
1.427397351847773943e-01
1.413392153958443753e-01
1.399545471181316281e-01
1.385854564005694900e-01
1.372316692920882153e-01
1.358929118416181692e-01
1.345689100980897446e-01
1.332593901104332790e-01
1.319640779275789988e-01
1.306826995984574080e-01
1.294149811719987331e-01
1.281606486971333392e-01
1.269194282227915915e-01
1.256910457979037443e-01
1.244752274714002183e-01
1.232716992922113231e-01
1.220801873092673545e-01
1.209004290671568255e-01
1.197322701292402591e-01
1.185756152435556016e-01
1.174303697643571259e-01
1.162964390458991609e-01
1.151737284424358687e-01
1.140621433082216890e-01
1.129615889975107978e-01
1.118719708645575517e-01
1.107931942636162237e-01
1.097251645489410871e-01
1.086677870747864288e-01
1.076209671954066194e-01
1.065846102650558069e-01
1.055586216379883896e-01
1.045429066684586128e-01
1.035373707107207358e-01
1.025419191190291152e-01
1.015564572476379962e-01
1.005808904508016799e-01
9.961512408277445330e-02
9.865906349781064510e-02
9.771261405016445911e-02
9.677568109409023789e-02
9.584816998384225462e-02
9.492998607367481023e-02
9.402103471784217792e-02
9.312122127059867249e-02
9.223045108619855326e-02
9.134862951889614890e-02
9.047566192294571874e-02
8.961145365260153595e-02
8.875591006211791534e-02
8.790893650574913010e-02
8.707043833774946728e-02
8.624032091237322784e-02
8.541848958387472657e-02
8.460484970650818115e-02
8.379930663452796191e-02
8.300176572218831428e-02
8.221213232374355306e-02
8.143031179344789594e-02
8.065620948555568548e-02
7.988973075432120874e-02
7.913078095399876666e-02
7.837926543884261854e-02
7.763508956310706532e-02
7.689815868104640795e-02
7.616837814691493347e-02
7.544565331496690119e-02
7.472988953945665369e-02
7.402099217463840863e-02
7.331886657476650859e-02
7.262341809409522675e-02
7.193455208687885016e-02
7.125217390737165202e-02
7.057618890982800264e-02
6.990650244850205031e-02
6.924301987764820698e-02
6.858564655152069034e-02
6.793428782437381519e-02
6.728884905046185472e-02
6.664923558403912374e-02
6.601535277935993706e-02
6.538710599067847073e-02
6.476440057224916447e-02
6.414714187832615266e-02
6.353523526316386116e-02
6.292858608101646600e-02
6.232709968613835833e-02
6.173068143278377662e-02
6.113923667520695243e-02
6.055267076766229078e-02
