1.783513496636958406e-01
1.320258349656208974e-01
8.967332033455524543e-02
5.122464125018129366e-02
1.661063319218178402e-02
-1.423786835976080696e-02
-4.139002792596382929e-02
-6.491501002674465726e-02
-8.488197918242082474e-02
-1.013600999133094788e-01
-1.144185367397282799e-01
-1.241264541819945416e-01
-1.305530167604256886e-01
-1.337673889953390760e-01
-1.338387354070521285e-01
-1.308362205158823399e-01
-1.248290088421468436e-01
-1.158862649061634664e-01
-1.040771532282492723e-01
-8.947083832872171349e-02
-7.213648472789847832e-02
-5.214325694609662359e-02
-2.956031950363366759e-02
-4.456836920827196222e-03
2.309802628200570418e-02
5.303510558454734014e-02
8.528523646648052126e-02
1.197792544074880311e-01
1.564479948872518622e-01
1.952222933854549369e-01
2.360329853817799417e-01
2.788109063559092715e-01
3.234868917875258765e-01
3.699917771563117630e-01
4.182563979419500200e-01
4.682115896241231812e-01
5.197881876825135583e-01
5.729170275968038517e-01
6.275289448466773168e-01
6.835547749118153771e-01
7.409253532719014546e-01
7.995715154066179720e-01
8.594240967956472410e-01
9.204139329186721286e-01
9.824718592553753904e-01
1.045528711285439227e+00
1.109515324488546284e+00
1.174362534344379538e+00
1.240001176332621080e+00
1.306362085932954331e+00
1.373376098625060271e+00
1.440974049888623654e+00
1.509086775203325237e+00
1.577645110048848665e+00
1.646579889904876248e+00
1.715821950251090522e+00
1.785302126567174019e+00
1.854951254332808830e+00
1.924698996125795203e+00
1.994467776198877162e+00
2.064177260313333928e+00
2.133747108800341685e+00
2.203096981991077286e+00
2.272146540216716915e+00
2.340815443808438090e+00
2.409023353097416997e+00
2.476689928414830266e+00
2.543734830091855859e+00
2.610077718459668628e+00
2.675638253849445647e+00
2.740336096592363990e+00
2.804090907019599843e+00
2.866822345462331167e+00
2.928450072251734149e+00
2.988893747718983640e+00
3.048073032195258936e+00
3.105907586011735777e+00
3.162317069499589905e+00
3.217221142989999283e+00
3.270539466814139651e+00
3.322191701303188083e+00
3.372097506788322097e+00
3.420176543600717434e+00
3.466348472071549836e+00
3.510532952531998152e+00
3.552649645313237237e+00
3.592618595638745305e+00
3.630393382473571684e+00
3.665986665750712081e+00
3.699417119345336680e+00
3.730703417132615662e+00
3.759864232987719657e+00
3.786918240785818845e+00
3.811884114402085633e+00
3.834780527711687093e+00
3.855626154589797405e+00
3.874439668911584089e+00
3.891239744552219548e+00
3.906045055386872189e+00
3.918874275290714859e+00
3.929746078138918186e+00
3.938679137806648800e+00
3.945692128169081325e+00
3.950803723101383724e+00
3.954032596478728401e+00
3.955397422176284650e+00
3.954916874069223987e+00
3.952609626032715262e+00
3.948494351941931768e+00
3.942589725672038803e+00
3.934914421098214099e+00
3.925487112095621622e+00
3.914326472539434665e+00
3.901451176304824298e+00
3.886879897266959816e+00
3.870633484103633393e+00
3.852754150753577189e+00
3.833296237854944000e+00
3.812314225233243814e+00
3.789862592713993728e+00
3.765995820122710835e+00
3.740768387284905572e+00
3.714234774026098140e+00
3.686449460171800308e+00
3.657466925547526504e+00
3.627341649978795157e+00
3.596128113291120254e+00
3.563880795310014893e+00
3.530654175860996169e+00
3.496502734769577625e+00
3.461480951861275912e+00
3.425643306961605461e+00
3.389044279896081147e+00
3.351738350490218288e+00
3.313779998569532204e+00
3.275223703959538213e+00
3.236123946485750302e+00
3.196535205973684235e+00
3.156511962248854886e+00
3.116108695136777573e+00
3.075379884462968061e+00
3.034380010052940779e+00
2.993163551732209715e+00
2.951784975717474779e+00
2.910291834946786338e+00
2.868713541806135137e+00
2.827076569177213727e+00
2.785407389941706668e+00
2.743732476981305179e+00
2.702078303177694263e+00
2.660471341412564250e+00
2.618938064567600588e+00
2.577504945524494051e+00
2.536198457164930975e+00
2.495045072370598138e+00
2.454071264023185428e+00
2.413303505004380067e+00
2.372768268195871944e+00
2.332492026479345171e+00
2.292501252736490081e+00
2.252822419848993896e+00
2.213482000698545171e+00
2.174506468166832018e+00
2.135922295135541216e+00
2.097755954486360874e+00
2.060033919100980437e+00
2.022782661861086684e+00
1.986028655648367058e+00
1.949798373344510560e+00
1.914118287831204190e+00
1.879014871990137392e+00
1.844514598702996278e+00
1.810642926766528493e+00
1.777408281519497368e+00
1.744804954491803617e+00
1.712826809396267969e+00
1.681467709945706490e+00
1.650721519852938801e+00
1.620582102830783411e+00
1.591043322592059495e+00
1.562099042849584007e+00
1.533743127316175681e+00
1.505969439704654134e+00
1.478771843727836988e+00
1.452144203098544084e+00
1.426080381529591268e+00
1.400574242733799046e+00
1.375619650423985707e+00
1.351210468312968871e+00
1.327340560113567491e+00
1.304003789538600522e+00
1.281194020300885583e+00
1.258905116113242295e+00
1.237130940688487613e+00
1.215865357739441155e+00
1.195102230978921209e+00
1.174835424119745841e+00
1.155058800874734004e+00
1.135766224956703763e+00
1.116951560078474737e+00
1.098608669952863881e+00
1.080730707034456062e+00
1.063307978744900018e+00
1.046330081247610400e+00
1.029786610706002081e+00
1.013667163283489048e+00
9.979613351434861723e-01
9.826587224494084394e-01
9.677489213646700561e-01
9.532215280526854517e-01
9.390661386768689445e-01
9.252723494006355187e-01
9.118297563873999367e-01
8.987279558005761837e-01
8.859565438035796880e-01
8.735051165598241019e-01
8.613632702327247426e-01
8.495206009856961504e-01
8.379667049821523106e-01
8.266911783855078744e-01
8.156836173591780481e-01
8.049336180665768170e-01
7.944307766711190544e-01
7.841646893362193005e-01
7.741249522252918736e-01
7.643011615017518690e-01
7.546829133290134939e-01
7.452598038704915107e-01
7.360214292896002375e-01
7.269574763552116847e-01
7.180606251720460520e-01
7.093271632843266561e-01
7.007535930047689154e-01
6.923364166460871383e-01
6.840721365209968541e-01
6.759572549422121490e-01
6.679882742224484415e-01
6.601616966744203729e-01
6.524740246108425845e-01
6.449217603444306057e-01
6.375014061878988558e-01
6.302094644539623092e-01
6.230424374553357181e-01
6.159968275047345010e-01
6.090691369148729661e-01
6.022558679984658658e-01
5.955535230682285075e-01
5.889586044368756435e-01
5.824676144171221370e-01
5.760770553216826295e-01
5.697834294632724284e-01
5.635832391546060638e-01
5.574729867083989543e-01
5.514491744373651860e-01
5.455083046542198444e-01
5.396468796716784588e-01
5.338614018024550045e-01
5.281483733592650109e-01
5.225045891198398795e-01
5.169286487501868477e-01
5.114198397507047078e-01
5.059774509757969385e-01
5.006007712798664633e-01
4.952890895173168162e-01
4.900416945425517534e-01
4.848578752099742539e-01
4.797369203739879073e-01
4.746781188889959147e-01
4.696807596094016435e-01
4.647441313896086834e-01
4.598675230840207351e-01
4.550502235470403334e-01
4.502915216330712900e-01
4.455907061965171390e-01
4.409470660917809703e-01
4.363598901732663737e-01
4.318284672953766612e-01
4.273520863125153113e-01
4.229300360790855251e-01
4.185616054494908367e-01
4.142460832781344471e-01
4.099827584194199459e-01
4.057709197277504787e-01
4.016098560575295240e-01
3.974988562631606714e-01
3.934372091990470666e-01
3.894242040618811629e-01
3.854591598702961641e-01
3.815414481843051875e-01
3.776704459121900115e-01
3.738455299622316930e-01
3.700660772427120659e-01
3.663314646619121318e-01
3.626410691281135024e-01
3.589942675495974567e-01
3.553904368346453846e-01
3.518289538915388981e-01
3.483091956285589985e-01
3.448305389539871868e-01
3.413923607761049639e-01
3.379940380031936087e-01
3.346349475435345111e-01
3.313144663054091721e-01
3.280319711970988705e-01
3.247868391268850519e-01
3.215784470030491060e-01
3.184061717338722008e-01
3.152693902276360038e-01
3.121674793926216829e-01
3.090998161371106834e-01
3.060657773693845063e-01
3.030647399977244305e-01
3.000960809304119570e-01
2.971591770757281425e-01
2.942534053419548212e-01
2.913781589904027025e-01
2.885329919345468452e-01
2.857175492723554866e-01
2.829314771483908419e-01
2.801744217072153487e-01
2.774460290933912776e-01
2.747459454514808996e-01
2.720738169260464301e-01
2.694292896616502508e-01
2.668120098028545772e-01
2.642216234942216802e-01
2.616577768803138304e-01
2.591201161056934654e-01
2.566082873149226895e-01
2.541219366525638290e-01
2.516607102631792103e-01
2.492242542913311876e-01
2.468122148815819206e-01
2.444242381784937912e-01
2.420599703266289315e-01
2.397190574705497235e-01
2.374011457548184378e-01
2.351058813239974010e-01
2.328329103226488561e-01
2.305818788953351017e-01
2.283524331866185475e-01
2.261442193410611867e-01
2.239568835032255678e-01
2.217900719047250502e-01
2.196434749992690616e-01
2.175168992800415035e-01
2.154101700433221078e-01
2.133231125853906340e-01
2.112555522025266752e-01
2.092073141910101852e-01
2.071782238471206183e-01
2.051681064671379284e-01
2.031767873473417085e-01
2.012040917840116627e-01
1.992498450734276616e-01
1.973138725118693537e-01
1.953959993956164709e-01
1.934960510209487172e-01
1.916138526841459355e-01
1.897492296814876633e-01
1.879020073092537157e-01
1.860720108637238246e-01
1.842590656411777494e-01
1.824629969378951388e-01
1.806836300501558079e-01
1.789207902742394607e-01
1.771743029064257458e-01
1.754439932429945892e-01
1.737296865802254731e-01
1.720312082143982124e-01
1.703483834417925946e-01
1.686810375586882682e-01
1.670289958613649928e-01
1.653920836461025834e-01
1.637701262091805776e-01
1.621629488468788460e-01
1.605703768554771205e-01
1.589922355312550495e-01
1.574283501704923927e-01
1.558785460694688818e-01
1.543426485244642210e-01
1.528204828317581143e-01
1.513118742876304323e-01
1.498166481883607959e-01
1.483346298302289645e-01
1.468656445095145591e-01
1.454095175224973946e-01
1.439660741654572029e-01
1.425351397346736881e-01
1.411165395264266098e-01
1.397100988369956442e-01
1.383156429626606065e-01
1.369329971997010342e-01
1.355619868443969367e-01
1.342024371930277404e-01
1.328541735418734826e-01
1.315170211872135342e-01
1.301908054253279878e-01
1.288753515524963811e-01
1.275704848649983347e-01
1.262760306591138304e-01
