1.783513496636958406e-01
1.866519640570490357e-01
1.938305886989244164e-01
1.999285970673164436e-01
2.049873626402196614e-01
2.090482588956285581e-01
2.121526593115374837e-01
2.143419373659411487e-01
2.156574665368339860e-01
2.161406203022104011e-01
2.158327721400650212e-01
2.147752955283921961e-01
2.130095639451864142e-01
2.105769508684423585e-01
2.075188297761543788e-01
2.038765741463168524e-01
1.996915574569245455e-01
1.950051531859718079e-01
1.898587348114530726e-01
1.842936758113628837e-01
1.783513496636958129e-01
1.720731298464462933e-01
1.655003898376088134e-01
1.586745031151778618e-01
1.516368431571479269e-01
1.444287834415134975e-01
1.370916974462690896e-01
1.296669586494091919e-01
1.221959405289282929e-01
1.147200165628209229e-01
1.072805602290815286e-01
9.991894500570462634e-02
9.267654437068467699e-02
8.559473180201619680e-02
7.871488077769366043e-02
7.207836477571162581e-02
6.572655727406449822e-02
5.970083175074682169e-02
5.404256168375306396e-02
4.879312055107774826e-02
4.399388183071535618e-02
3.967476768837488454e-02
3.581989504062339791e-02
3.240192949174245524e-02
2.939353664601361896e-02
2.676738210771846538e-02
2.449613148113855346e-02
2.255245037055545604e-02
2.090900438025072861e-02
1.953845911450593359e-02
1.841348017760267158e-02
1.750673317382246338e-02
1.679088370744690958e-02
1.623859738275754833e-02
1.582253980403596633e-02
1.551537657556372948e-02
1.528977330162239329e-02
1.511839558649352884e-02
1.497390903445869857e-02
1.482897924979947359e-02
1.465627183679741631e-02
1.443376003005276617e-02
1.416064758544038384e-02
1.384144588915382779e-02
1.348066632738663916e-02
1.308282028633234867e-02
1.265241915218451828e-02
1.219397431113667177e-02
1.171199714938236415e-02
1.121099905311512789e-02
1.069549140852851972e-02
1.016998560181606517e-02
9.638993019171324464e-03
9.107025046787821376e-03
8.578593070859116126e-03
8.058208477578737705e-03
7.550382653140235920e-03
7.059626983737157108e-03
6.590452855563032862e-03
6.147371654811418194e-03
5.734894767675844697e-03
5.356470708659335535e-03
5.011296505502793423e-03
4.697506314256609181e-03
4.413234290971157145e-03
4.156614591696828134e-03
3.925781372483996487e-03
3.718868789383048250e-03
3.534010998444371207e-03
3.369342155718339261e-03
3.222996417255339762e-03
3.093107939105754420e-03
2.977810877319966246e-03
2.875239387948356085e-03
2.783527627041309117e-03
2.700809750649204449e-03
2.625219914822427697e-03
2.554892275611360137e-03
2.487960989066383913e-03
2.422560211237882472e-03
2.356824098176239259e-03
2.289245478055884023e-03
2.219751867547450821e-03
2.148629455445620010e-03
2.076164430545075854e-03
2.002642981640496110e-03
1.928351297526564824e-03
1.853575566997963438e-03
1.778601978849373398e-03
1.703716721875478098e-03
1.629205984870955946e-03
1.555355956630490770e-03
1.482452825948764232e-03
1.410782781620458426e-03
1.340632012440253276e-03
1.272286707202831312e-03
1.206033054702874193e-03
1.142157243735065532e-03
1.080945463094084170e-03
1.022683901574612635e-03
9.676587479713332374e-04
9.160816237235275923e-04
8.678658808488811391e-04
8.228503040096759105e-04
7.808736778681967580e-04
7.417747870867280992e-04
7.053924163275552195e-04
6.715653502529604765e-04
6.401323735252292639e-04
6.109322708066457826e-04
5.838038267594941252e-04
5.585858260460590348e-04
5.351170533286237364e-04
5.132362932694732984e-04
4.927823305308917049e-04
4.735939497751636990e-04
4.555099356645725601e-04
4.383690728614031396e-04
4.220101460279395301e-04
4.062719398264663120e-04
3.909932389192677946e-04
3.760408390315682467e-04
3.613935801403552438e-04
3.470583132855568085e-04
3.330418895071010177e-04
3.193511598449151351e-04
3.059929753389274004e-04
2.929741870290658362e-04
2.803016459552585193e-04
2.679822031574327678e-04
2.560227096755168211e-04
2.444300165494385935e-04
2.332109748191258367e-04
2.223724355245068444e-04
2.119212497055088804e-04
2.018642684020603196e-04
1.922083426540888325e-04
1.829603235015226314e-04
1.741270619842891969e-04
1.657154091423166059e-04
1.577322160155327727e-04
1.501802860812280450e-04
1.430462325661425852e-04
1.363126211343786641e-04
1.299620174500389590e-04
1.239769871772259302e-04
1.183400959800421737e-04
1.130339095225900550e-04
1.080409934689721430e-04
1.033439134832909659e-04
9.892523522964911953e-05
9.476752437214891532e-05
9.085334657489297630e-05
8.716526750198383064e-05
8.368585281752393876e-05
8.039766818561591016e-05
7.728327927036209683e-05
7.432525173586509472e-05
7.150615124622741845e-05
6.880854346555160975e-05
6.621499405794010194e-05
6.371069699668467732e-05
6.129135949183417539e-05
5.895531706262662202e-05
5.670090522830015825e-05
5.452645950809272186e-05
5.243031542124242681e-05
5.041080848698732605e-05
4.846627422456556064e-05
4.659504815321506837e-05
4.479546579217395639e-05
4.306586266068029124e-05
4.140457427797215298e-05
3.980993616328756070e-05
3.828028383586458769e-05
3.681395281494130047e-05
3.540927861975575201e-05
3.406459676954600883e-05
3.277824278355013067e-05
3.154855218100623826e-05
3.037386048115226259e-05
2.925245808313641250e-05
2.818245490574715099e-05
2.716191574768299526e-05
2.618890540764248965e-05
2.526148868432416493e-05
2.437773037642657558e-05
2.353569528264823544e-05
2.273344820168771255e-05
2.196905393224349025e-05
2.124057727301412979e-05
2.054608302269816874e-05
1.988363597999413785e-05
1.925130094360058146e-05
1.864714271221602356e-05
1.806922608453901186e-05
1.751561585926807374e-05
1.698437683510176709e-05
1.647357381073858202e-05
1.598127158487708317e-05
1.550553495621580133e-05
1.504469588631514352e-05
1.459815498818299642e-05
1.416558003768910435e-05
1.374663881070322855e-05
1.334099908309512688e-05
1.294832863073456567e-05
1.256829522949126552e-05
1.220056665523499783e-05
1.184481068383552555e-05
1.150069509116258791e-05
1.116788765308594615e-05
1.084605614547536152e-05
1.053486834420057663e-05
1.023399202513136798e-05
9.943094964137459558e-06
9.661844937088621068e-06
9.389909719854605294e-06
9.126957088305163321e-06
8.872654818310058089e-06
8.626670685739035602e-06
8.388690111785671402e-06
8.158469098938798202e-06
7.935781295011076563e-06
7.720400347815138247e-06
7.512099905163648896e-06
7.310653614869251284e-06
7.115835124744605970e-06
6.927418082602354880e-06
6.745176136255154341e-06
6.568882933515655594e-06
6.398312122196509883e-06
6.233237350110371839e-06
6.073432265069885082e-06
5.918670514887699162e-06
5.768725747376473791e-06
5.623371610348853436e-06
5.482381751617493576e-06
5.345529818995042066e-06
5.212589460294153537e-06
5.083334323327478385e-06
4.957563515317614144e-06
4.835177981126908780e-06
4.716104125027670951e-06
4.600268351292202537e-06
4.487597064192805418e-06
4.378016668001784864e-06
4.271453566991437673e-06
4.167834165434068267e-06
4.067084867601979374e-06
3.969132077767477108e-06
3.873902200202854882e-06
3.781321639180417539e-06
3.691316798972468654e-06
3.603814083851308415e-06
3.518739898089242090e-06
3.436020645958568594e-06
3.355582731731591080e-06
3.277352559680612275e-06
3.201256534077936600e-06
3.127221059195859584e-06
3.055177190862747145e-06
2.985074591131205680e-06
2.916867573609898427e-06
2.850510451907492009e-06
2.785957539632651780e-06
2.723163150394044788e-06
2.662081597800335963e-06
2.602667195460188964e-06
2.544874256982270840e-06
2.488657095975246520e-06
2.433970026047781782e-06
2.380767360808543673e-06
2.329003413866195006e-06
2.278632498829403676e-06
2.229608929306833765e-06
2.181887018907154440e-06
2.135421081239026395e-06
2.090165429911116254e-06
2.046074378532091489e-06
2.003102240710615759e-06
1.961207223925818031e-06
1.920363111138671980e-06
1.880547579180612564e-06
1.841738304883076649e-06
1.803912965077502158e-06
1.767049236595321297e-06
1.731124796267971988e-06
1.696117320926889827e-06
1.662004487403510406e-06
1.628763972529271015e-06
1.596373453135607036e-06
1.564810606053953427e-06
1.534053108115747476e-06
1.504078636152425836e-06
1.474864866995422196e-06
1.446389477476173844e-06
1.418630144426116161e-06
1.391564544676685166e-06
1.365170355059317723e-06
1.339425252405449637e-06
1.314308450968726393e-06
1.289805314691638746e-06
1.265902744938889039e-06
1.242587643075174529e-06
1.219846910465197346e-06
1.197667448473658982e-06
1.176036158465258390e-06
1.154939941804697064e-06
1.134365699856675651e-06
1.114300333985894585e-06
1.094730745557054936e-06
1.075643835934857562e-06
1.057026506484001628e-06
1.038865658569187992e-06
1.021148193555118360e-06
1.003861012806492953e-06
9.869910176880119965e-07
9.705251095643763473e-07
9.544501898002868640e-07
9.387531597604444050e-07
9.234218558436798601e-07
9.084478545853555741e-07
8.938236675549630766e-07
8.795418063219951674e-07
8.655947824559437995e-07
8.519751075263023023e-07
8.386752931025620992e-07
8.256878507542164138e-07
8.130052920507578342e-07
8.006201285616779958e-07
7.885248718564694868e-07
7.767120335046251071e-07
7.651741250756370214e-07
7.539036581389979237e-07
7.428931442642004024e-07
7.321350950207364103e-07
7.216220219780985356e-07
7.113464367057800018e-07
7.013008507732720206e-07
6.914777757500676039e-07
6.818702644280460968e-07
6.724735344886359901e-07
6.632833448356513669e-07
6.542954543729076870e-07
6.455056220042197744e-07
6.369096066334026655e-07
6.285031671642713961e-07
6.202820625006403671e-07
6.122420515463249322e-07
6.043788932051399158e-07
5.966883463809002479e-07
5.891661699774208588e-07
5.818081228985168904e-07
5.746099640480031670e-07
5.675674523296944072e-07
5.606763466474061762e-07
5.539324059049527691e-07
5.473313890061491160e-07
5.408690548548105706e-07
5.345411623547517456e-07
5.283434704097877827e-07
5.222717379237335064e-07
5.163217238004040586e-07
5.104891869436143694e-07
5.047698862571789456e-07
4.991595806449130349e-07
4.936540290106315676e-07
4.882489902581494738e-07
4.829402232912817897e-07
4.777234870138432335e-07
4.725945403296491062e-07
4.675491421425137026e-07
4.625830513562526940e-07
4.576920268746804813e-07
4.528718276016124711e-07
4.481182124408629053e-07
4.434269402962478260e-07
4.387937700715812103e-07
4.342144606706782001e-07
4.296847709973540435e-07
