1.783513496636958406e-01
2.254797292394198627e-01
2.728178583280936320e-01
3.203437323536669767e-01
3.680353467400901968e-01
4.158706969113133423e-01
4.638277782912866853e-01
5.118845863039600541e-01
5.600191163732839428e-01
6.082093639232079019e-01
6.564333243776827587e-01
7.046689931606585633e-01
7.528943656960850328e-01
8.010874374079124394e-01
8.492262037200909441e-01
8.972886600565709303e-01
9.452528018413017818e-01
9.930966244982345481e-01
1.040798123451318613e+00
1.088335294124504582e+00
1.135686131941742394e+00
1.182828632326982543e+00
1.229740790704174191e+00
1.276400602497268499e+00
1.322786063130215295e+00
1.368875168026964406e+00
1.414645912611466105e+00
1.460076292307670665e+00
1.505144302539528134e+00
1.549827938730988341e+00
1.594105196306002448e+00
1.637954070688518948e+00
1.681352557302489226e+00
1.724278651571863108e+00
1.766710348920590201e+00
1.808625644772621666e+00
1.850002534551906441e+00
1.890819013682395910e+00
1.931053077588039235e+00
1.970682721692786910e+00
2.009685941420588762e+00
2.048040732195395730e+00
2.085725089441156754e+00
2.122717008581823439e+00
2.158994485041344280e+00
2.194535514243669994e+00
2.229318091612751296e+00
2.263320212572538459e+00
2.296519872546979979e+00
2.328895066960027460e+00
2.360423791235630731e+00
2.391084040797740506e+00
2.420853811070305284e+00
2.449711097477276667e+00
2.477633895442604040e+00
2.504600200390237674e+00
2.530588007744127843e+00
2.555575312928224818e+00
2.579540111366478428e+00
2.602460398482838499e+00
2.624314169701256194e+00
2.645079420445680007e+00
2.664734146140061544e+00
2.683256342208350631e+00
2.700624004074496654e+00
2.716815127162451660e+00
2.731807706896163257e+00
2.745579738699583050e+00
2.758109217996660867e+00
2.769374140211346980e+00
2.779352500767590328e+00
2.788022295089342517e+00
2.795361518600553818e+00
2.801348335451711247e+00
2.805977382502720996e+00
2.809273361182914375e+00
2.811264172476715562e+00
2.811977717368546070e+00
2.811441896842830968e+00
2.809684611883990435e+00
2.806733763476451760e+00
2.802617252604634235e+00
2.797362980252964260e+00
2.790998847405862904e+00
2.783552755047754790e+00
2.775052604163062320e+00
2.765526295736208784e+00
2.755001730751617917e+00
2.743506810193712120e+00
2.731069435046915128e+00
2.717717506295651120e+00
2.703478924924341165e+00
2.688381591917409885e+00
2.672453408259279239e+00
2.655722274934374294e+00
2.638216092927117451e+00
2.619962763221931557e+00
2.600990186803240345e+00
2.581326264655466218e+00
2.560998897763032911e+00
2.540035987110365046e+00
2.518465433681882804e+00
2.496315138462011696e+00
2.473613002435174568e+00
2.450386926585793823e+00
2.426664811898293639e+00
2.402474559357096862e+00
2.377844069946625893e+00
2.352801244651305801e+00
2.327373984455558098e+00
2.301589303560954480e+00
2.275469550804480434e+00
2.249035546209485315e+00
2.222308108912534941e+00
2.195308058050196021e+00
2.168056212759032153e+00
2.140573392175611378e+00
2.112880415436499071e+00
2.084998101678261051e+00
2.056947270037462694e+00
2.028748739650671151e+00
2.000423329654450466e+00
1.971991859185369345e+00
1.943475147379991164e+00
1.914894013374883075e+00
1.886269276306610454e+00
1.857621755311740452e+00
1.828972269526837335e+00
1.800341638088467588e+00
1.771750680133197253e+00
1.743220214797592593e+00
1.714771061218219872e+00
1.686424038531642688e+00
1.658199965874430193e+00
1.630119662383145762e+00
1.602203947194357214e+00
1.574473639444629480e+00
1.546949558270527936e+00
1.519652522808619954e+00
1.492603352195469357e+00
1.465822865567645517e+00
1.439331882061710699e+00
1.413151220814232722e+00
1.387301700961776962e+00
1.361804141640910348e+00
1.336679361988197146e+00
1.311947544632288576e+00
1.287616940625204487e+00
1.263685204340882384e+00
1.240149621803771085e+00
1.217007479038318740e+00
1.194256062068975055e+00
1.171892656920188402e+00
1.149914549616407378e+00
1.128319026182081020e+00
1.107103372641657701e+00
1.086264875019586684e+00
1.065800819340317007e+00
1.045708491628296377e+00
1.025985177907974499e+00
1.006628164203799525e+00
9.876347365402204925e-01
9.690021809416869969e-01
9.507277834326465227e-01
9.328088300375481090e-01
9.152426067808409060e-01
8.980263996869740639e-01
8.811574947803954005e-01
8.646331780855539551e-01
8.484507356268987666e-01
8.326074534288790963e-01
8.171006175159427620e-01
8.019275139125389140e-01
7.870854286431164804e-01
7.725716477321239450e-01
7.583834572040106803e-01
7.445181430832246150e-01
7.309729913942150104e-01
7.177452881614304614e-01
7.048323194093203403e-01
6.922313711623325760e-01
6.799397294449162077e-01
6.679546768606464680e-01
6.562725702391540850e-01
6.448875924448344010e-01
6.337936146149676375e-01
6.229845078868332386e-01
6.124541433977116478e-01
6.021963922848826423e-01
5.922051256856258883e-01
5.824742147372216072e-01
5.729975305769495764e-01
5.637689443420899060e-01
5.547823271699222625e-01
5.460315501977266450e-01
5.375104845627832750e-01
5.292130014023714857e-01
5.211329718537718314e-01
5.132642670542636454e-01
5.056007581411279261e-01
4.981363162516432297e-01
4.908648125230902215e-01
4.837801180927485678e-01
4.768761040978986010e-01
4.701466416758197098e-01
4.635856019637921155e-01
4.571868560990958730e-01
4.509442752190106485e-01
4.448517304608166634e-01
4.389030929617935284e-01
4.330922338592211873e-01
4.274130242903796950e-01
4.218593353925489953e-01
4.164250383030089764e-01
4.111040041590396932e-01
4.058901040979205899e-01
4.007772092569323319e-01
3.957591907733544745e-01
3.908299197844666839e-01
3.859837064479489377e-01
3.812179226220459571e-01
3.765312439773010333e-01
3.719223510020391310e-01
3.673899241845856589e-01
3.629326440132658593e-01
3.585491909764049190e-01
3.542382455623283022e-01
3.499984882593608626e-01
3.458285995558279535e-01
3.417272599400548172e-01
3.376931499003668624e-01
3.337249499250891649e-01
3.298213405025469669e-01
3.259810021210655662e-01
3.222026152689703160e-01
3.184848604345861256e-01
3.148264181062383482e-01
3.112259687722522816e-01
3.076821929209532236e-01
3.041937710406663053e-01
3.007593836197168802e-01
2.973777111464300793e-01
2.940474341091312005e-01
2.907672329961454860e-01
2.875357882957981226e-01
2.843517804964142415e-01
2.812138900863193069e-01
2.781207975538383392e-01
2.750711833872968026e-01
2.720637280750197173e-01
2.690971121053324921e-01
2.661700159665602028e-01
2.632811201470283136e-01
2.604291051350618447e-01
2.576126514189860384e-01
2.548304549697272825e-01
2.520816571616773527e-01
2.493659008816397626e-01
2.466828557703527047e-01
2.440321914685542326e-01
2.414135776169823999e-01
2.388266838563754824e-01
2.362711798274711450e-01
2.337467351710077468e-01
2.312530195277234801e-01
2.287897025383561767e-01
2.263564538436440843e-01
2.239529430843252567e-01
2.215788399011377474e-01
2.192338139348196657e-01
2.169175348261092318e-01
2.146296722157442771e-01
2.123698957444629942e-01
2.101378750530034645e-01
2.079332797821038248e-01
2.057557795725021010e-01
2.036050440649364024e-01
2.014807429001448380e-01
1.993825457188654338e-01
1.973101221618364098e-01
1.952631418697956533e-01
1.932412744834813845e-01
1.912441896436316291e-01
1.892715569909844964e-01
1.873230461662780955e-01
1.853983268102504245e-01
1.834970685636397314e-01
1.816189410671840143e-01
1.797636139616212991e-01
1.779307568876896672e-01
1.761200394861273111e-01
1.743311314049817984e-01
1.725637148940482313e-01
1.708175106589175374e-01
1.690922467147789876e-01
1.673876510768219084e-01
1.657034517602354595e-01
1.640393767802089120e-01
1.623951541519314257e-01
1.607705118905923269e-01
1.591651780113808867e-01
1.575788805294862649e-01
1.560113474600977046e-01
1.544623068184045045e-01
1.529314866195958522e-01
1.514186148788611019e-01
1.499234196113893303e-01
1.484456288323698636e-01
1.469849705569919729e-01
1.455411728004447902e-01
1.441139635779176975e-01
1.427030709045998269e-01
1.413082227956804771e-01
1.399291472663489189e-01
1.385655723317943122e-01
1.372172260072059558e-01
1.358838363077730371e-01
1.345651312486848272e-01
1.332608388451305970e-01
1.319706871122995340e-01
1.306944040653809092e-01
1.294317177195639934e-01
1.281823560900379744e-01
1.269460471919921785e-01
1.257225190406156823e-01
1.245114996510978678e-01
1.233127170386279226e-01
1.221258992183951453e-01
1.209507855796091297e-01
1.197872223872853553e-01
1.186351144648725847e-01
1.174943672356214414e-01
1.163648861227828402e-01
1.152465765496072242e-01
1.141393439393454529e-01
1.130430937152481496e-01
1.119577313005660907e-01
1.108831621185499272e-01
1.098192915924503799e-01
1.087660251455180999e-01
1.077232682010039050e-01
1.066909261821583355e-01
1.056689045122322229e-01
1.046571086144761908e-01
1.036554439121409321e-01
1.026638158284772229e-01
1.016821297867357005e-01
1.007102912101670855e-01
9.974820552202205703e-02
9.879577814555143278e-02
9.785291450400573909e-02
9.691952002063572436e-02
9.599550011869213695e-02
9.508076022142564199e-02
9.417520575208697398e-02
9.327874213392679803e-02
9.239127479019583478e-02
9.151270914414477708e-02
9.064295061902435946e-02
8.978190463808520538e-02
8.892947662457807712e-02
8.808557200175362589e-02
8.725009619286258622e-02
8.642295462115565097e-02
8.560405270988352688e-02
8.479329588229690684e-02
8.399058956164648371e-02
8.319583917118300587e-02
8.240895013415711068e-02
8.162982787381950489e-02
8.085837781342090913e-02
8.009450537621203015e-02
7.933811598544354693e-02
7.858911506436616623e-02
7.784740803623059480e-02
7.711290032428752550e-02
7.638549735178767897e-02
7.566510454198170643e-02
7.495162731812038404e-02
7.424497110345432138e-02
7.354504132123428073e-02
7.285174339471094107e-02
7.216498274713500916e-02
7.148466480175717785e-02
7.081069498182819555e-02
7.014297871059865797e-02
6.948142141131935512e-02
6.882592850724096600e-02
6.817640542161415573e-02
6.753275757768964493e-02
6.689489039871816811e-02
6.626270930795041814e-02
6.563611972863699073e-02
6.501502708402877306e-02
6.439933679737626371e-02
6.378895429193032207e-02
6.318378499094153000e-02
6.258373431766071915e-02
6.198870769533847830e-02
6.139861054722550032e-02
6.081334829657258911e-02
