1.783513496636958406e-01
1.758283421073231767e-01
1.735582077752356456e-01
1.715330595718719264e-01
1.697450104016711148e-01
1.681861731690718065e-01
1.668486607785130971e-01
1.657245861344336380e-01
1.648060621412725246e-01
1.640852017034683252e-01
1.635541177254602185e-01
1.632049231116868837e-01
1.630297307665871664e-01
1.630206535945999680e-01
1.631698045001641617e-01
1.634692963877187044e-01
1.639112421617022197e-01
1.644877547265537476e-01
1.651909469867121061e-01
1.660129318466161685e-01
1.669458222107048362e-01
1.679817309834168160e-01
1.691127710691911201e-01
1.703310553724665666e-01
1.716286967976820288e-01
1.729978082492762970e-01
1.744305026316883556e-01
1.759188928493569393e-01
1.774550918067209493e-01
1.790312124082193146e-01
1.806393675582908254e-01
1.822716701613743551e-01
1.839202331219088049e-01
1.855771693443330206e-01
1.872345917330857923e-01
1.888846131926060767e-01
1.905193466273326086e-01
1.921309049417044279e-01
1.937114010401602970e-01
1.952529478271390062e-01
1.967476582070795399e-01
1.981876450844207160e-01
1.995650213636014081e-01
2.008718999490604340e-01
2.021003937452367505e-01
2.032426156565690367e-01
2.042906785874963327e-01
2.052366954424574563e-01
2.060727791258912256e-01
2.067910425422365694e-01
2.073835985959321948e-01
2.078425601914171694e-01
2.081600402331302280e-01
2.083281516255102439e-01
2.083390072729960629e-01
2.081847200800266695e-01
2.078574029510407983e-01
2.073491687904772951e-01
2.066538103646279323e-01
2.057754873650143868e-01
2.047223102693678243e-01
2.035023973325576496e-01
2.021238668094530178e-01
2.005948369549233889e-01
1.989234260238379737e-01
1.971177522710661489e-01
1.951859339514772362e-01
1.931360893199405848e-01
1.909763366313255162e-01
1.887147941405012408e-01
1.863595801023371634e-01
1.839188127717025223e-01
1.814006104034668054e-01
1.788130912524991400e-01
1.761643735736689309e-01
1.734625756218454995e-01
1.707158156518981673e-01
1.679322119186962003e-01
1.651198826771090034e-01
1.622869461820058701e-01
1.594415206882560387e-01
1.565917244507289419e-01
1.537456757242937899e-01
1.509114927638199322e-01
1.480972938241767733e-01
1.453111971602335795e-01
1.425612866124635336e-01
1.398526476670838570e-01
1.371850832005174214e-01
1.345578583642489112e-01
1.319702383097627885e-01
1.294214881885436819e-01
1.269108731520762201e-01
1.244376583518450180e-01
1.220011089393345932e-01
1.196004900660296022e-01
1.172350668834146598e-01
1.149041045429742280e-01
1.126068681961930051e-01
1.103426229945555503e-01
1.081106340895465895e-01
1.059101666326504598e-01
1.037404857753519150e-01
1.016008566691355558e-01
9.949054446548596942e-02
9.740881431588767347e-02
9.535493137182531054e-02
9.332816078478348154e-02
9.132776770624680129e-02
8.935301728769980134e-02
8.740317468062713813e-02
8.547750503651332932e-02
8.357527350684300360e-02
8.169574524310084518e-02
7.983818539677128845e-02
7.800192354963064734e-02
7.618692224664010137e-02
7.439350329606700396e-02
7.262199262971728853e-02
7.087271617939697177e-02
6.914599987691207039e-02
6.744216965406854558e-02
6.576155144267244179e-02
6.410447117452966470e-02
6.247125478144623795e-02
6.086222819522818517e-02
5.927771734768150225e-02
5.771804817061211568e-02
5.618354659582605604e-02
5.467453855512930533e-02
5.319134998032786638e-02
5.173430680322776282e-02
5.030373495563491421e-02
4.889996036935534418e-02
4.752330897619504863e-02
4.617410670796003730e-02
4.485267949645625057e-02
4.355935327348971209e-02
4.229445397086640385e-02
4.105830752039232867e-02
3.985123985387348938e-02
3.867357690311583329e-02
3.752564459992537710e-02
3.640776844736869772e-02
3.532005614889177636e-02
3.426204389830599106e-02
3.323317528171013807e-02
3.223289388520295118e-02
3.126064329488320581e-02
3.031586709684960107e-02
2.939800887720089850e-02
2.850651222203585272e-02
2.764082071745321487e-02
2.680037794955172567e-02
2.598462750443011546e-02
2.519301296818714231e-02
2.442497792692155736e-02
2.367996596673212564e-02
2.295742067371754624e-02
2.225678563397659113e-02
2.157750443360799755e-02
2.091902065871052013e-02
2.028077789538292736e-02
1.966221972972391485e-02
1.906278974783225458e-02
1.848193153580669421e-02
1.791908867974598835e-02
1.737370476574886385e-02
1.684522337991407881e-02
1.633308810834036354e-02
1.583674253712650040e-02
1.535563025237119371e-02
1.488920277543463039e-02
1.443704491527112929e-02
1.399885207854104953e-02
1.357432301959318049e-02
1.316315649277626822e-02
1.276505125243910209e-02
1.237970605293044722e-02
1.200681964859909301e-02
1.164609079379378201e-02
1.129721824286330535e-02
1.095990075015643682e-02
1.063383707002194152e-02
1.031872595680860538e-02
1.001426616486517790e-02
9.720156448540446734e-03
9.436095562183185667e-03
9.161782260142163278e-03
8.896915296766148146e-03
8.641193426403915787e-03
8.394315403404239984e-03
8.155979982115899724e-03
7.925885916887649707e-03
7.703731962068274992e-03
7.489216872006547628e-03
7.282039401051235324e-03
7.081898303551115333e-03
6.888492333854955366e-03
6.701520246311539614e-03
6.520680795269624512e-03
6.345699012716493441e-03
6.176405041193455160e-03
6.012655300880315017e-03
5.854306211956891368e-03
5.701214194602987825e-03
5.553235668998420145e-03
5.410227055322998010e-03
5.272044773756533707e-03
5.138545244478835185e-03
5.009584887669712126e-03
4.885020123508977685e-03
4.764707372176443280e-03
4.648503053851916859e-03
4.536263588715215046e-03
4.427845396946142320e-03
4.323104898724514436e-03
4.221898514230144547e-03
4.124082663642833664e-03
4.029513767142398409e-03
3.938048244908651935e-03
3.849542517121400456e-03
3.763853003960457560e-03
3.680836125605634664e-03
3.600348302236740152e-03
3.522245954033587610e-03
3.446385501175988457e-03
3.372623363843750208e-03
3.300815962216685148e-03
3.230821141897938752e-03
3.162543840254156483e-03
3.095945747618081712e-03
3.030991933103701318e-03
2.967647465824995671e-03
2.905877414895950347e-03
2.845646849430544852e-03
2.786920838542763894e-03
2.729664451346590880e-03
2.673842756956007916e-03
2.619420824484999712e-03
2.566363723047547941e-03
2.514636521757636876e-03
2.464204289729248626e-03
2.415032096076369199e-03
2.367085009912977232e-03
2.320328100353057435e-03
2.274726436510593214e-03
2.230245087499567545e-03
2.186849122433963833e-03
2.144503610427765487e-03
2.103173620594954180e-03
2.062824222049514187e-03
2.023420483905430649e-03
1.984927475276681771e-03
1.947310265277253996e-03
1.910533923021129647e-03
1.874563517622291047e-03
1.839364118194722689e-03
1.804903128223104506e-03
1.771162357285356419e-03
1.738129105053446343e-03
1.705790682006615242e-03
1.674134398624100607e-03
1.643147565385141883e-03
1.612817492768980464e-03
1.583131491254854495e-03
1.554076871322004503e-03
1.525640943449669499e-03
1.497811018117088926e-03
1.470574405803502663e-03
1.443918416988151888e-03
1.417830362150273226e-03
1.392297551769107206e-03
1.367307296323894790e-03
1.342846906293873686e-03
1.318903692158285073e-03
1.295464964396367529e-03
1.272518033487360931e-03
1.250050209910504940e-03
1.228048804145040083e-03
1.206501126670204071e-03
1.185394487965236998e-03
1.164716198509378959e-03
1.144453568781869397e-03
1.124593909261947756e-03
1.105124530428853915e-03
1.086032768531327566e-03
1.067308204985849577e-03
1.048944376827238905e-03
1.030935223738764245e-03
1.013274685403692124e-03
9.959567015052916712e-04
9.789752117268294123e-04
9.623241557515732842e-04
9.459974732627910061e-04
9.299891039437499724e-04
9.142929874777189865e-04
8.989030635479632741e-04
8.838132718377521811e-04
8.690175520303526678e-04
8.545098438090327790e-04
8.402840868570595834e-04
8.263342208577013426e-04
8.126541854942252339e-04
7.992379204498989767e-04
7.860793654079905072e-04
7.731724600517666775e-04
7.605111440644958575e-04
7.480893571294448992e-04
7.359010389298817388e-04
7.239401291490743127e-04
7.122005674702899065e-04
7.006762935767963480e-04
6.893612471518607062e-04
6.782493678787517846e-04
6.673347779614437507e-04
6.566133926873461918e-04
6.460821450793352355e-04
6.357379798416121870e-04
6.255778416783785685e-04
6.155986752938355771e-04
6.057974253921846264e-04
5.961710366776272387e-04
5.867164538543648278e-04
5.774306216265983737e-04
5.683104846985292903e-04
5.593529877743592081e-04
5.505550755582891073e-04
5.419136927545209438e-04
5.334257840672553723e-04
5.250882942006943489e-04
5.168981678590390703e-04
5.088523497464909505e-04
5.009477845672510778e-04
4.931814170255209746e-04
4.855501918255018920e-04
4.780510536713953522e-04
4.706809472674026605e-04
4.634368173177252849e-04
4.563156085265643140e-04
4.493142655981218121e-04
4.424297332365982171e-04
4.356589561461953765e-04
4.289988798275365519e-04
4.224468543637590343e-04
4.160012914688850419e-04
4.096607748841472494e-04
4.034238883507786566e-04
3.972892156100119921e-04
3.912553404030802017e-04
3.853208464712157429e-04
3.794843175556516157e-04
3.737443373976206571e-04
3.680994897383553792e-04
3.625483583190888901e-04
3.570895268810538644e-04
3.517215791654830850e-04
3.464430989136093892e-04
3.412526698666657225e-04
3.361488757658845968e-04
3.311303003524987409e-04
3.261955273677413173e-04
3.213431405528447836e-04
3.165717236490421397e-04
3.118798603975660600e-04
3.072661345396494360e-04
3.027291298165249965e-04
2.982674299694257412e-04
2.938796187395841821e-04
2.895642798682331021e-04
2.853199970966053926e-04
2.811453541659338909e-04
2.770389348174513797e-04
2.729993227923905880e-04
2.690251018319844071e-04
2.651148556774654574e-04
2.612671680700669012e-04
2.574806227510211421e-04
2.537538034615610715e-04
2.500852939429195265e-04
2.464736779363292901e-04
2.429175391830230911e-04
2.394154614242338750e-04
2.359660284011944249e-04
2.325678238551375236e-04
2.292194315272957645e-04
2.259194351589020931e-04
2.226664184911893466e-04
2.194589652653901725e-04
2.162956592227375434e-04
2.131750841044641068e-04
2.100958236518028354e-04
2.070564616059861597e-04
2.040555817082474049e-04
2.010917676998187848e-04
1.981636033219337056e-04
1.952696723158243270e-04
1.924085584227240282e-04
1.895788453838653212e-04
1.867791169404807721e-04
1.840079568338036516e-04
