1.783513496636958406e-01
1.631518848608672634e-01
1.500398504060003746e-01
1.389339985183442039e-01
1.297530814171476976e-01
1.224158513216599131e-01
1.168410604511296580e-01
1.129474610248061978e-01
1.106538052619383400e-01
1.098788453817751143e-01
1.105413336035654948e-01
1.125600221465584555e-01
1.158536632300030539e-01
1.203410090731482224e-01
1.259408118952430045e-01
1.325718239155362632e-01
1.401527973532771254e-01
1.486024844277145374e-01
1.578396373580974454e-01
1.677830083636749348e-01
1.783513496636958684e-01
1.894634134774093037e-01
2.010379520240642703e-01
2.129937175229096868e-01
2.252494621931945551e-01
2.377239382541678492e-01
2.503358979250785987e-01
2.630040934251759444e-01
2.756472769737085549e-01
2.881842007899255709e-01
3.005336170930760220e-01
3.126142781024089379e-01
3.243449360371731260e-01
3.356443431166175606e-01
3.464312515599914932e-01
3.566244135865438425e-01
3.661425814155233605e-01
3.749045072661793543e-01
3.828289433577605760e-01
3.898346419095161108e-01
3.958403551406949328e-01
4.007880005372675969e-01
4.047121566520905933e-01
4.076705673047418821e-01
4.097209763147998118e-01
4.109211275018423981e-01
4.113287646854474899e-01
4.110016316851935470e-01
4.099974723206582516e-01
4.083740304114198971e-01
4.061890497770564989e-01
4.035002742371461837e-01
4.003654476112670779e-01
3.968423137189970862e-01
3.929886163799144461e-01
3.888620994135971731e-01
3.845205066396233384e-01
3.800215818775709575e-01
3.754230689470181570e-01
3.707827116675431744e-01
3.661582538587238589e-01
3.615967799953144768e-01
3.571027371727729660e-01
3.526699131417335709e-01
3.482920956528304246e-01
3.439630724566975495e-01
3.396766313039691898e-01
3.354265599452793678e-01
3.312066461312622168e-01
3.270106776125518699e-01
3.228324421397825716e-01
3.186657274635882331e-01
3.145043213346032096e-01
3.103420115034613014e-01
3.061725857207969748e-01
3.019898317372440855e-01
2.977875373034369888e-01
2.935594901700096515e-01
2.892994780875962624e-01
2.850012888068308436e-01
2.806587100783477506e-01
2.762674838035314995e-01
2.718311684867699141e-01
2.673552767832010346e-01
2.628453213479633455e-01
2.583068148361950533e-01
2.537452699030342540e-01
2.491661992036193485e-01
2.445751153930887101e-01
2.399775311265804623e-01
2.353789590592329228e-01
2.307849118461843541e-01
2.262009021425730459e-01
2.216324426035371220e-01
2.170850458842150388e-01
2.125642246397449198e-01
2.080754915252650827e-01
2.036243591959138732e-01
1.992163403068294425e-01
1.948569475131501083e-01
1.905516934700142162e-01
1.863051525691792332e-01
1.821181461488805831e-01
1.779905572839728112e-01
1.739222690493107681e-01
1.699131645197488327e-01
1.659631267701418278e-01
1.620720388753444097e-01
1.582397839102111514e-01
1.544662449495969314e-01
1.507513050683560729e-01
1.470948473413434543e-01
1.434967548434136764e-01
1.399569106494214232e-01
1.364751978342212402e-01
1.330514994726678946e-01
1.296856986396159872e-01
1.263776784099203132e-01
1.231273218584353207e-01
1.199345120600157216e-01
1.167991320895162138e-01
1.137210519983553048e-01
1.107000897442068366e-01
1.077360502613083915e-01
1.048287384838976349e-01
1.019779593462122186e-01
9.918351778248990502e-02
9.644521872696819320e-02
9.376286711388483186e-02
9.113626787747745872e-02
8.856522595198373926e-02
8.604954627164135283e-02
8.358903377068789553e-02
8.118349338336106058e-02
7.883273004389848571e-02
7.653654868653790577e-02
7.429475424551684748e-02
7.210715165507303182e-02
6.997354584944411038e-02
6.789374176286774865e-02
6.586754432958165373e-02
6.389463823725709257e-02
6.197422718730026536e-02
6.010539463455108478e-02
5.828722403384946349e-02
5.651879884003518234e-02
5.479920250794818870e-02
5.312751849242838831e-02
5.150283024831567996e-02
4.992422123044983756e-02
4.839077489367084317e-02
4.690157469281854702e-02
4.545570408273280627e-02
4.405224651825359605e-02
4.269028545422069720e-02
4.136890434547402934e-02
4.008718664685348432e-02
3.884421581319896094e-02
3.763907529935030249e-02
3.647084856014741472e-02
3.533861905043016866e-02
3.424149368273356198e-02
3.317867320037291845e-02
3.214938180435863296e-02
3.115284369570116979e-02
3.018828307541091341e-02
2.925492414449832809e-02
2.835199110397378791e-02
2.747870815484773979e-02
2.663429949813060985e-02
2.581798933483284153e-02
2.502900186596480545e-02
2.426656129253694852e-02
2.352989181555970033e-02
2.281821763604347658e-02
2.213076295499871726e-02
2.146675197343581379e-02
2.082540889236519921e-02
2.020595791279731004e-02
1.960762323574256547e-02
1.902962906221137424e-02
1.847124246153184282e-02
1.793190197630279911e-02
1.741108901744075135e-02
1.690828499586221820e-02
1.642297132248366973e-02
1.595462940822163500e-02
1.550274066399261706e-02
1.506678650071313283e-02
1.464624832929966279e-02
1.424060756066872213e-02
1.384934560573681910e-02
1.347194387542046366e-02
1.310788378063615887e-02
1.275664673230039910e-02
1.241771414132969431e-02
1.209056741864055970e-02
1.177468797514949310e-02
1.146955722177299755e-02
1.117465656942759865e-02
1.088946742902976994e-02
1.061351508472001097e-02
1.034650031353471708e-02
1.008816776573426277e-02
9.838262091579022539e-03
9.596527941329369149e-03
9.362709965245684038e-03
9.136552813588333030e-03
8.917801136617701033e-03
8.706199584594148666e-03
8.501492807778059102e-03
8.303425456429805104e-03
8.111742180809761171e-03
7.926187631178298332e-03
7.746506457795795421e-03
7.572443310922630406e-03
7.403742840819170848e-03
7.240149697745801652e-03
7.081408531962881704e-03
6.927263993730795044e-03
6.777460733309913568e-03
6.631768335405637850e-03
6.490056122503469298e-03
6.352218351533927589e-03
6.218149279427542808e-03
6.087743163114834634e-03
5.960894259526335753e-03
5.837496825592559772e-03
5.717445118244035909e-03
5.600633394411289046e-03
5.486955911024841460e-03
5.376306925015220638e-03
5.268580693312953193e-03
5.163671472848556203e-03
5.061473520552564088e-03
4.961881093355493058e-03
4.864788448187867993e-03
4.770089841980217245e-03
4.677679531663062225e-03
4.587451774166931284e-03
4.499300826422344968e-03
4.413131496126114842e-03
4.328890794040188804e-03
4.246536281692803172e-03
4.166025520612185590e-03
4.087316072326573242e-03
4.010365498364196375e-03
3.935131360253294776e-03
3.861571219522094353e-03
3.789642637698834027e-03
3.719303176311745344e-03
3.650510396889062020e-03
3.583221860959019938e-03
3.517395130049847177e-03
3.452987765689778318e-03
3.389957329407050982e-03
3.328261382729894545e-03
3.267857487186543591e-03
3.208703204305231402e-03
3.150756095614192995e-03
3.093973722641661216e-03
3.038317152001578005e-03
2.983761470650711685e-03
2.930285270631540970e-03
2.877867143986545875e-03
2.826485682758206417e-03
2.776119478989002177e-03
2.726747124721408833e-03
2.678347211997905535e-03
2.630898332860974465e-03
2.584379079353093037e-03
2.538768043516738231e-03
2.494043817394389628e-03
2.450184993028525510e-03
2.407170162461625459e-03
2.364977917736169489e-03
2.323586850894634580e-03
2.282975553979500749e-03
2.243122619033245842e-03
2.204006638098350741e-03
2.165606203217291127e-03
2.127901271040917325e-03
2.090877256653559182e-03
2.054520939747915120e-03
2.018819100016686595e-03
1.983758517152571597e-03
1.949325970848269632e-03
1.915508240796481724e-03
1.882292106689904994e-03
1.849664348221241334e-03
1.817611745083187649e-03
1.786121076968446046e-03
1.755179123569714948e-03
1.724772664579692777e-03
1.694888479691081208e-03
1.665513348596578446e-03
1.636634050988885515e-03
1.608237366560699537e-03
1.580310075004720885e-03
1.552838956013649716e-03
1.525810789280185103e-03
1.499212989678920180e-03
1.473035512812019771e-03
1.447268949463542762e-03
1.421903890417547606e-03
1.396930926458094489e-03
1.372340648369239479e-03
1.348123646935042112e-03
1.324270512939561273e-03
1.300771837166855415e-03
1.277618210400983207e-03
1.254800223426003536e-03
1.232308467025974418e-03
1.210133531984954958e-03
1.188266009087004475e-03
1.166696489116179902e-03
1.145415562856540127e-03
1.124413821092144902e-03
1.103681854607051595e-03
1.083210254185319526e-03
1.062989610611008015e-03
1.043010707909110702e-03
1.023265103068371311e-03
1.003744546318471138e-03
9.844407878890869268e-04
9.653455780098999742e-04
9.464506669105900594e-04
9.277478048208360941e-04
9.092287419703179658e-04
8.908852285887159956e-04
8.727090149057090953e-04
8.546918511509774777e-04
8.368254875542013556e-04
8.191016743450589901e-04
8.015121617532302688e-04
7.840487000083956213e-04
7.667030393402346098e-04
7.494669299784264714e-04
7.323321221526513103e-04
7.152903660925882551e-04
6.983334120279182777e-04
6.814530757929015189e-04
6.646414356401294339e-04
6.478906354267744902e-04
6.311928190100095891e-04
6.145401302470076318e-04
5.979247129949413027e-04
5.813387111109831777e-04
5.647742684523062665e-04
5.482235288760836872e-04
5.316786362394872569e-04
5.151317343996898767e-04
4.985749672138645562e-04
4.820004785391840884e-04
4.654004122328213203e-04
4.487669121519488277e-04
4.320921221537394035e-04
4.153681860953657864e-04
3.985872478340015280e-04
3.817414512268179575e-04
3.648229401309883557e-04
3.478249440929097477e-04
3.307450354158758717e-04
3.135818720924043730e-04
2.963341121150131138e-04
2.790004134762198479e-04
2.615794341685424374e-04
2.440698321844992865e-04
2.264702655166069294e-04
2.087793921573837159e-04
1.909958700993475084e-04
1.731183573350160605e-04
1.551455118569071260e-04
1.370759916575385942e-04
1.189084547294282866e-04
1.006415590650938484e-04
8.227396265705400925e-05
6.380432349782492367e-05
4.523129957992519921e-05
2.655354889587259299e-05
7.769729438184868936e-06
-1.112150080062008539e-05
-3.012148382802454165e-05
-4.923156165151067664e-05
-6.845307627855988790e-05
-8.778736971665599038e-05
-1.072357839732804714e-04
-1.267996610559154146e-04
-1.464803429720430933e-04
-1.662791717291456860e-04
-1.861974893347054119e-04
-2.062366377962036228e-04
-2.263979591211250856e-04
-2.466827953169485502e-04
-2.670924883911597863e-04
-2.876283803512373269e-04
-3.082918132046669961e-04
-3.290841289589275707e-04
-3.500066696215028148e-04
-3.710607771998769263e-04
-3.922477937015283567e-04
