1.783513496636958406e-01
1.470762723286760110e-01
1.185269326119259420e-01
9.264931588044160449e-02
6.938940750121924683e-02
4.869319284125490921e-02
3.050665726754488508e-02
1.477578614708506717e-02
1.446564846871772588e-03
-9.535021266098911430e-03
-1.822298682483097440e-02
-2.467134646232814130e-02
-2.893411481159432336e-02
-3.106530650563345611e-02
-3.111893617744933629e-02
-2.914901846004582658e-02
-2.520956798642693536e-02
-1.935459938959628937e-02
-1.163812730255803229e-02
-2.114166358315844232e-03
9.163268810126315445e-03
2.214016356976464608e-02
3.676250328759510244e-02
5.297627333061406124e-02
7.072745906581755226e-02
8.996204586020163652e-02
1.106260190807624721e-01
1.326653640944963630e-01
1.560260662683990718e-01
1.806541109694669855e-01
2.064954835646962139e-01
2.334961694210828664e-01
2.616021539056229694e-01
2.907594223853127158e-01
3.209139602271484093e-01
3.520117527981259653e-01
3.839987854652414656e-01
4.168210435954912696e-01
4.504245125558714591e-01
4.847551777133780604e-01
5.197590244350070998e-01
5.553820380877549923e-01
5.915702040386175975e-01
6.282695076545912194e-01
6.654259343026717177e-01
7.029854693498556184e-01
7.408940981631388922e-01
7.790978061095176210e-01
8.175425785559879976e-01
8.561744008695459929e-01
8.949392584171877996e-01
9.337831365659097216e-01
9.726520206827073967e-01
1.011491896134577795e+00
1.050248748288516332e+00
1.088868562511519089e+00
1.127297324170582815e+00
1.165481018632703369e+00
1.203365631264876834e+00
1.240897147434098846e+00
1.278021552507366820e+00
1.314684831851675062e+00
1.350832970834021429e+00
1.386411954821400672e+00
1.421367769180810203e+00
1.455646399279245440e+00
1.489193830483702241e+00
1.521956048161177355e+00
1.553879037678666419e+00
1.584908784403166182e+00
1.614991273701672059e+00
1.644072490941180131e+00
1.672098421488686926e+00
1.699015267324110789e+00
1.724790378266687796e+00
1.749429701349221933e+00
1.772943291227328855e+00
1.795341202556624660e+00
1.816633489992723893e+00
1.836830208191242431e+00
1.855941411807797037e+00
1.873977155498001146e+00
1.890947493917472189e+00
1.906862481721824931e+00
1.921732173566674806e+00
1.935566624107638134e+00
1.948375888000330125e+00
1.960170019900365546e+00
1.970959074463360272e+00
1.980753106344931291e+00
1.989562170200692481e+00
1.997396320686260607e+00
2.004265612457249990e+00
2.010180100169276951e+00
2.015149838477956923e+00
2.019184882038906004e+00
2.022295285507738516e+00
2.024491103540071890e+00
2.025782390791519560e+00
2.026179201917698514e+00
2.025691591574225292e+00
2.024329614416711554e+00
2.022103325100777393e+00
2.019022778282035802e+00
2.015098028616102432e+00
2.010339130758594273e+00
2.004756139365125200e+00
1.998359109091311980e+00
1.991158094592770267e+00
1.983163150525114160e+00
1.974386147752248410e+00
1.964848512209879106e+00
1.954574800976799587e+00
1.943589572948014155e+00
1.931917387018524002e+00
1.919582802083331874e+00
1.906610377037441406e+00
1.893024670775854679e+00
1.878850242193573772e+00
1.864111650185601876e+00
1.848833453646941738e+00
1.833040211472595438e+00
1.816756482557567276e+00
1.800006825796858001e+00
1.782815800085470803e+00
1.765207964318408651e+00
1.747207877390674513e+00
1.728840098197269803e+00
1.710129185633198379e+00
1.691099698593462097e+00
1.671776195973064372e+00
1.652183236667007282e+00
1.632345379570293353e+00
1.612287183577925997e+00
1.592033207584906851e+00
1.571608010486239326e+00
1.551036151176925948e+00
1.530342188551969018e+00
1.509550681506371728e+00
1.488686188935135490e+00
1.467773269733265495e+00
1.446836482795761603e+00
1.425900387017627891e+00
1.404989541293866440e+00
1.384128504519480884e+00
1.363341835589472639e+00
1.342653577978065504e+00
1.322078113406067068e+00
1.301621242792785793e+00
1.281288468781614398e+00
1.261085294015945824e+00
1.241017221139173232e+00
1.221089752794690231e+00
1.201308391625890204e+00
1.181678640276165426e+00
1.162206001388909726e+00
1.142895977607516711e+00
1.123754071575378877e+00
1.104785785935889164e+00
1.085996623332441846e+00
1.067392086408428975e+00
1.048977677807244380e+00
1.030758900172281889e+00
1.012741256146933333e+00
9.949302483745923187e-01
9.773313794986526748e-01
9.599501521625072309e-01
9.427920690095488165e-01
9.258626326831707054e-01
9.091673458267662822e-01
8.927117110837294867e-01
8.765012310974520382e-01
8.605414085113283207e-01
8.448377459687510527e-01
8.293957461131129527e-01
8.142209115878084047e-01
7.993187450362295721e-01
7.846947491017699505e-01
7.703544264278227027e-01
7.563032796577815464e-01
7.425468114350389781e-01
7.290905244029881604e-01
7.159399101904517781e-01
7.030974796080292633e-01
6.905587437065743295e-01
6.783182098341770105e-01
6.663703853389273402e-01
6.547097775689151300e-01
6.433308938722305248e-01
6.322282415969632252e-01
6.213963280912032650e-01
6.108296607030403447e-01
6.005227467805650532e-01
5.904700936718664250e-01
5.806662087250348270e-01
5.711055992881604038e-01
5.617827727093327450e-01
5.526922363366421065e-01
5.438284975181778558e-01
5.351860636020309148e-01
5.267594419362902070e-01
5.185431398690457661e-01
5.105316647483880699e-01
5.027195239224068191e-01
4.951012247391916588e-01
4.876712745468328447e-01
4.804241806934203551e-01
4.733544505270437797e-01
4.664565913957934851e-01
4.597251106477590610e-01
4.531545156310304301e-01
4.467393136936975706e-01
4.404740121838505162e-01
4.343531184495792452e-01
4.283711398389734581e-01
4.225225837001230778e-01
4.168019573811185818e-01
4.112037682300493935e-01
4.057225235950053244e-01
4.003530354228760357e-01
3.950922399133582341e-01
3.899379778702651289e-01
3.848880934400576992e-01
3.799404307691973681e-01
3.750928340041451148e-01
3.703431472913621958e-01
3.656892147773098678e-01
3.611288806084491099e-01
3.566599889312411786e-01
3.522803838921472197e-01
3.479879096376283787e-01
3.437804103141460232e-01
3.396557300681609659e-01
3.356117130461346298e-01
3.316462033945283272e-01
3.277570452598028150e-01
3.239420827884195164e-01
3.201991601268395771e-01
3.165261214215240870e-01
3.129208108189343585e-01
3.093810724655314259e-01
3.059047505077764906e-01
3.024896890921307535e-01
2.991337323650555824e-01
2.958347244730117342e-01
2.925905095624605767e-01
2.893989317798633665e-01
2.862578352716810826e-01
2.831650641843750926e-01
2.801184626644063758e-01
2.771158748582362441e-01
2.741551449123257878e-01
2.712341169731363744e-01
2.683506351871288720e-01
2.655025437007645372e-01
2.626877161630038482e-01
2.599048749507039680e-01
2.571536980856759524e-01
2.544339145700497129e-01
2.517452534059549940e-01
2.490874435955213462e-01
2.464602141408789304e-01
2.438632940441569918e-01
2.412964123074856082e-01
2.387592979329946352e-01
2.362516799228135123e-01
2.337732872790722338e-01
2.313238490039005724e-01
2.289030940994281338e-01
2.265107515677848016e-01
2.241465504111004037e-01
2.218102196315044627e-01
2.195014882311269178e-01
2.172200852120973746e-01
2.149657395765458001e-01
2.127381803266018556e-01
2.105371364643952303e-01
2.083623369920558355e-01
2.062135109117133047e-01
2.040903872254974660e-01
2.019926949355380641e-01
1.999201630439648159e-01
1.978725205529075493e-01
1.958494964644958980e-01
1.938508197808597733e-01
1.918762195041288643e-01
1.899254246364329990e-01
1.879981641799019221e-01
1.860941671366652950e-01
1.842131625088529179e-01
1.823548792985945632e-01
1.805190465066816019e-01
1.787053908265601732e-01
1.769136319105252542e-01
1.751434880725048493e-01
1.733946776264265188e-01
1.716669188862182949e-01
1.699599301658077655e-01
1.682734297791227129e-01
1.666071360400910306e-01
1.649607672626405286e-01
1.633340417606989059e-01
1.617266778481939449e-01
1.601383938390534556e-01
1.585689080472052759e-01
1.570179387865772158e-01
1.554852043710969189e-01
1.539704231146922508e-01
1.524733133312910216e-01
1.509935933348209303e-01
1.495309814392098979e-01
1.480851959583856237e-01
1.466559552062759175e-01
1.452429774968085896e-01
1.438459811439114222e-01
1.424646844615121422e-01
1.410988057635385595e-01
1.397480633639184844e-01
1.384121755765797268e-01
1.370908607154499859e-01
1.357838370944570994e-01
1.344908230275289329e-01
1.332115368285931578e-01
1.319456968115776674e-01
1.306930212904101052e-01
1.294532285790183646e-01
1.282260369913302001e-01
1.270111648412734218e-01
1.258083420101847871e-01
1.246174070723790189e-01
1.234382581562531445e-01
1.222707940002041860e-01
1.211149133426292629e-01
1.199705149219253558e-01
1.188374974764896397e-01
1.177157597447190951e-01
1.166052004650108692e-01
1.155057183757620121e-01
1.144172122153695736e-01
1.133395807222306595e-01
1.122727226347423612e-01
1.112165366913016734e-01
1.101709216303057154e-01
1.091357761901515788e-01
1.081109991092362582e-01
1.070964891259569285e-01
1.060921449787105841e-01
1.050978654058943446e-01
1.041135491459052459e-01
1.031390949371404492e-01
1.021744015179968934e-01
1.012193676268716841e-01
1.002738920021619407e-01
9.933787338226474084e-02
9.841121050557710692e-02
9.749380211049613054e-02
9.658554693541891722e-02
9.568634371874248923e-02
9.479609119886397983e-02
9.391468811418039742e-02
9.304203320308881975e-02
9.217802520398635235e-02
9.132256285527004525e-02
9.047554489533696231e-02
8.963687006258422296e-02
8.880643709540884945e-02
8.798414473220793341e-02
8.716989171137859427e-02
8.636357677131781263e-02
8.556509865042268015e-02
8.477435608709031623e-02
8.399124781971777087e-02
8.321567258670210798e-02
8.244752912644040532e-02
8.168671617732975454e-02
8.093313247776716401e-02
8.018667676614980866e-02
7.944724778087466910e-02
7.871474426033889249e-02
7.798906494293947333e-02
7.727010856707348940e-02
7.655777387113808785e-02
7.585195959353027706e-02
7.515256447264716255e-02
7.445948724688582210e-02
7.377262665464326408e-02
7.309188143431663565e-02
7.241715032430295906e-02
7.174833206299932598e-02
7.108532538880281415e-02
7.042802904011048748e-02
6.977634175531945149e-02
6.913016227282667292e-02
6.848938933102938220e-02
6.785392166832449057e-02
6.722365802310921457e-02
6.659849713378049318e-02
6.597833773873551522e-02
6.536307857637130292e-02
6.475261838508486467e-02
6.414685590327340314e-02
