1.783513496636958406e-01
1.973422687054413316e-01
2.153246293881352358e-01
2.323191102648255180e-01
2.483463898885604482e-01
2.634271468123879911e-01
2.775820595893563891e-01
2.908318067725136902e-01
3.031970669149081643e-01
3.146985185695875820e-01
3.253568402896005463e-01
3.351927106279949387e-01
3.442268081378187516e-01
3.524798113721203663e-01
3.599723988839477196e-01
3.667252492263492480e-01
3.727590409523725556e-01
3.780944526150662455e-01
3.827521627674782545e-01
3.867528499626566307e-01
3.901171927536496442e-01
3.928658696935053429e-01
3.950195593352718304e-01
3.965989402319973212e-01
3.976246909367299187e-01
3.981174900025176711e-01
3.980980159824087927e-01
3.975869474294511652e-01
3.966049628966934470e-01
3.951727409371831312e-01
3.933109601039688763e-01
3.910402989500984527e-01
3.883814360286201861e-01
3.853550498925821244e-01
3.819818190950324266e-01
3.782824221890190852e-01
3.742775377275903148e-01
3.699878442637944409e-01
3.654340203506792895e-01
3.606367445412930750e-01
3.556166953886840121e-01
3.503945514459001487e-01
3.449909912659896438e-01
3.394266934020004900e-01
3.337223364069811793e-01
3.278985988339793156e-01
3.219761592360434466e-01
3.159756961662215091e-01
3.099178881775617178e-01
3.038234138231120651e-01
2.977129516559208766e-01
2.916071802290359782e-01
2.855267780955059176e-01
2.794924238083784096e-01
2.735247959207017798e-01
2.676445729855242428e-01
2.618724335558936800e-01
2.562290561848583614e-01
2.507324683029480972e-01
2.453843364781140290e-01
2.401800922309031139e-01
2.351151548081470977e-01
2.301849434566773100e-01
2.253848774233254970e-01
2.207103759549232658e-01
2.161568582983020848e-01
2.117197437002936999e-01
2.073944514077296353e-01
2.031764006674414980e-01
1.990610107262608675e-01
1.950437008310192677e-01
1.911198902285483059e-01
1.872849981656796725e-01
1.835344438892448915e-01
1.798636466460755146e-01
1.762680256830032044e-01
1.727430002468594850e-01
1.692839895844760190e-01
1.658864129426843304e-01
1.625456895683161096e-01
1.592572387082027696e-01
1.560164796091761119e-01
1.528188315180675216e-01
1.496597136817087170e-01
1.465345453469313053e-01
1.434387457605667826e-01
1.403677563234199122e-01
1.373189486012011684e-01
1.342930947944911135e-01
1.312913132596998655e-01
1.283147223532375703e-01
1.253644404315142347e-01
1.224415858509401711e-01
1.195472769679253588e-01
1.166826321388799437e-01
1.138487697202140991e-01
1.110468080683379433e-01
1.082778655396615247e-01
1.055430604905950032e-01
1.028435112775484966e-01
1.001803362569322897e-01
9.755465378515625063e-02
9.496758221863059457e-02
9.242023991376550895e-02
8.991374522697111182e-02
8.744921651465742407e-02
8.502777213323463312e-02
8.265053043911285702e-02
8.031860978870224155e-02
7.803312853841291863e-02
7.579520504465496467e-02
7.360595766383849770e-02
7.146650475237366351e-02
6.937796466667063566e-02
6.734145576313944892e-02
6.535796800935013418e-02
6.342723008090712933e-02
6.154825475724234884e-02
5.972004660090179246e-02
5.794161017443158479e-02
5.621195004037779497e-02
5.453007076128650599e-02
5.289497689970382166e-02
5.130567301817579029e-02
4.976116367924848793e-02
4.826045344546802535e-02
4.680254687938049246e-02
4.538644854353191677e-02
4.401116300046842289e-02
4.267569481273606607e-02
4.137904854288094320e-02
4.012022875344917194e-02
3.889824000698675899e-02
3.771208686603981508e-02
3.656077389315444404e-02
3.544330565087672885e-02
3.435868670175269007e-02
3.330592160832848009e-02
3.228401493315012638e-02
3.129197123876373970e-02
3.032879508771542387e-02
2.939349104255120290e-02
2.848506366581719448e-02
2.760251778190817365e-02
2.674499123436117551e-02
2.591197091103713407e-02
2.510300025911738411e-02
2.431762272578321185e-02
2.355538175821594166e-02
2.281582080359683545e-02
2.209848330910722108e-02
2.140291272192837088e-02
2.072865248924161963e-02
2.007524605822825700e-02
1.944223687606955533e-02
1.882916838994684247e-02
1.823558404704141156e-02
1.766102729453458003e-02
1.710504157960760982e-02
1.656717034944182182e-02
1.604695705121850918e-02
1.554394513211898241e-02
1.505767803932454504e-02
1.458769922001647810e-02
1.413355212137608861e-02
1.369478019058467839e-02
1.327092687482355621e-02
1.286153562127400479e-02
1.246614987711733465e-02
1.208431308953483545e-02
1.171556870570782984e-02
1.135946017281759188e-02
1.101553590788984828e-02
1.068342780580579417e-02
1.036283702865320108e-02
1.005346683517297467e-02
9.755020484105985865e-03
9.467201234193138581e-03
9.189712344175317640e-03
8.922257072793430416e-03
8.664538678788344384e-03
8.416260420900963449e-03
8.177125557872182843e-03
7.946837348442889123e-03
7.725099051353976655e-03
7.511613925346331128e-03
7.306085229160849508e-03
7.108216221538420955e-03
6.917710161219940701e-03
6.734270306946292702e-03
6.557599917458375657e-03
6.387402251497076126e-03
6.223380567803292809e-03
6.065238125117906193e-03
5.912678182181815845e-03
5.765403997735910925e-03
5.623118830521083196e-03
5.485525939278223552e-03
5.352328582748223755e-03
5.223230019671981639e-03
5.097933508790379424e-03
4.976178797488431567e-03
4.857851587727653707e-03
4.742874070113673769e-03
4.631168435252130088e-03
4.522656873748650587e-03
4.417261576208870999e-03
4.314904733238422718e-03
4.215508535442942344e-03
4.118995173428056933e-03
4.025286837799400483e-03
3.934305719162609592e-03
3.845974008123312620e-03
3.760213895287144430e-03
3.676947571259739020e-03
3.596097226646726482e-03
3.517585052053744717e-03
3.441333238086423819e-03
3.367263975350392579e-03
3.295299454451288031e-03
3.225361865994744170e-03
3.157373400586389357e-03
3.091256248831860624e-03
3.026932601336789364e-03
2.964324648706807407e-03
2.903354581547549617e-03
2.843944590464649123e-03
2.786016866063736018e-03
2.729493598950444300e-03
2.674297675867730231e-03
2.620374981873069362e-03
2.567699118602534154e-03
2.516245337795483279e-03
2.465988891191272375e-03
2.416905030529261419e-03
2.368969007548803879e-03
2.322156073989258430e-03
2.276441481589982010e-03
2.231800482090331994e-03
2.188208327229665753e-03
2.145640268747339360e-03
2.104071558382712356e-03
2.063477447875139512e-03
2.023833188963979936e-03
1.985114033388588831e-03
1.947295232888323355e-03
1.910352039202542398e-03
1.874259704070601815e-03
1.838993479231858979e-03
1.804528616425670612e-03
1.770840367391394738e-03
1.737903983868388513e-03
1.705694717596010395e-03
1.674187820313614069e-03
1.643358543760558210e-03
1.613182139676201058e-03
1.583633859799898251e-03
1.554688955871007814e-03
1.526324287479360105e-03
1.498526636736453952e-03
1.471286567179903339e-03
1.444594649791073162e-03
1.418441455551325931e-03
1.392817555442027845e-03
1.367713520444544016e-03
1.343119921540237823e-03
1.319027329710475245e-03
1.295426315936620528e-03
1.272307451200037917e-03
1.249661306482092961e-03
1.227478452764151204e-03
1.205749461027574940e-03
1.184464902253730152e-03
1.163615347423981950e-03
1.143191367519694147e-03
1.123183533522232290e-03
1.103582416412961058e-03
1.084378587173244479e-03
1.065562616784447667e-03
1.047125076227936168e-03
1.029056536485073578e-03
1.011347568537224791e-03
9.939887433657542716e-04
9.769706319520275652e-04
9.602838052774088093e-04
9.439188343232629000e-04
9.278663069814246109e-04
9.121182844684554755e-04
8.966694237581044561e-04
8.815146460502229931e-04
8.666488725446594909e-04
8.520670244412650645e-04
8.377640229398889858e-04
8.237347892403809602e-04
8.099742445425908016e-04
7.964773100463683241e-04
7.832389069515642089e-04
7.702539564580265351e-04
7.575173797656058758e-04
7.450240980741522617e-04
7.327690325835151813e-04
7.207471044935442319e-04
7.089532350040898779e-04
6.973823453150012827e-04
6.860293566261288023e-04
6.748891901373217086e-04
6.639567670484298155e-04
6.532270085593031538e-04
6.426948358697909952e-04
6.323551701797436959e-04
6.222029326890108529e-04
6.122330445974422802e-04
6.024404271048877917e-04
5.928200014111968761e-04
5.833666887162201062e-04
5.740755743737867680e-04
5.649433563864324518e-04
5.559676480792880276e-04
5.471460732833386895e-04
5.384762558295698486e-04
5.299558195489670245e-04
5.215823882725158451e-04
5.133535858312012878e-04
5.052670360560093058e-04
4.973203627779249850e-04
4.895111898279336281e-04
4.818371410370207546e-04
4.742958402361719924e-04
4.668849112563725899e-04
4.596019779286078500e-04
4.524446640838635631e-04
4.454105935531249777e-04
4.384973901673775592e-04
4.317026777576065560e-04
4.250240801547973792e-04
4.184592211899354941e-04
4.120057246940065829e-04
4.056612144979957315e-04
3.994233144328886219e-04
3.932896483296705026e-04
3.872578400193272185e-04
3.813255133328434759e-04
3.754902921012051738e-04
3.697498007115888300e-04
3.641019460964481759e-04
3.585453765914911627e-04
3.530788606697870635e-04
3.477011668044056392e-04
3.424110634684165424e-04
3.372073191348895342e-04
3.320887022768937791e-04
3.270539813674989298e-04
3.221019248797748558e-04
3.172313012867908843e-04
3.124408790616166678e-04
3.077294266773220217e-04
3.030957126069762191e-04
2.985385053236489666e-04
2.940565733004100795e-04
2.896486850103287226e-04
2.853136089264747110e-04
2.810501135219176973e-04
2.768569672697271172e-04
2.727329386429726775e-04
2.686767961147238683e-04
2.646873081580502877e-04
2.607632432460216428e-04
2.569033698517075859e-04
2.531064564481774986e-04
2.493712715085009252e-04
2.456965835057475724e-04
2.420811609129870656e-04
2.385237722032889219e-04
2.350231858497228211e-04
2.315781703253582259e-04
2.281874941032647889e-04
2.248499256565122712e-04
2.215642334581699457e-04
2.183291859813075195e-04
2.151435516989946449e-04
2.120060990843008119e-04
2.089155966102956732e-04
2.058708127500488813e-04
2.028705159766299533e-04
1.999134747631086230e-04
1.969984575825541365e-04
1.941242329080363090e-04
1.912895692126247117e-04
1.884932349693889430e-04
1.857339986513985471e-04
1.830106287317231765e-04
1.803218936834324567e-04
1.776665619795956609e-04
1.750434020932828752e-04
1.724511824975632102e-04
1.698886716655067250e-04
1.673546380701825030e-04
1.648478501846606034e-04
1.623670764820103805e-04
1.599110854353012702e-04
1.574786455176032502e-04
