1.783513496636958406e-01
1.535306627924558909e-01
1.305729670165562961e-01
1.094420943692972492e-01
9.010187688397928996e-02
7.251614659390255568e-02
5.664873553236761394e-02
4.246347573267461595e-02
2.992419922812405986e-02
1.899473805201621832e-02
9.638924237651400398e-03
1.820589818330022513e-03
-4.496433172647558776e-03
-9.348312701981100967e-03
-1.277121673637015252e-02
-1.480131324251437661e-02
-1.547477018711348323e-02
-1.482775553686703496e-02
-1.289643725847480944e-02
-9.716983318636327610e-03
-5.325561684051353245e-03
2.416596785805480332e-04
6.948512802559593006e-03
1.475882972118634090e-02
2.363644246776093125e-02
3.354518307558385093e-02
4.444888357795535871e-02
5.631137600817590766e-02
6.909649239954571143e-02
8.276806478536515022e-02
9.728992519893463198e-02
1.126259056735545161e-01
1.287398382425250787e-01
1.455955549391466097e-01
1.631568877967197184e-01
1.813876688485443756e-01
2.002517301279211626e-01
2.197129036681504666e-01
2.397350215025325360e-01
2.602819156643678689e-01
2.813174181869565471e-01
3.028053611035991244e-01
3.247095764475957935e-01
3.469938962522470804e-01
3.696221525508531780e-01
3.925581773767145011e-01
4.157658027631313535e-01
4.392088607434041503e-01
4.628511833508332507e-01
4.866566026187189586e-01
5.105889505803614670e-01
5.346120592690614126e-01
5.586897607181188219e-01
5.827858869608345538e-01
6.068642700305085791e-01
6.308887419604409796e-01
6.548231347839327254e-01
6.786312805342836763e-01
7.022770112447945801e-01
7.257241589487651856e-01
7.489365556794966849e-01
7.718780334702883827e-01
7.945124243544416931e-01
8.168035603652562537e-01
8.387152735360327016e-01
8.602113959000714516e-01
8.812557594906723635e-01
9.018121963411364073e-01
9.218445384847636648e-01
9.413166179548543289e-01
9.601922667847088144e-01
9.784353170076276474e-01
9.960096006569109095e-01
1.012879094989505013e+00
1.029021955393095489e+00
1.044442213957563315e+00
1.059146656643404460e+00
1.073142069411114674e+00
1.086435238221188815e+00
1.099032949034122852e+00
1.110941987810412535e+00
1.122169140510552499e+00
1.132721193095039602e+00
1.142604931524368039e+00
1.151827141759034445e+00
1.160394609759534124e+00
1.168314121486362378e+00
1.175592462900014734e+00
1.182236419960986273e+00
1.188252778629773632e+00
1.193648324866871446e+00
1.198429844632775687e+00
1.202604123887981435e+00
1.206177948592984883e+00
1.209158104708281112e+00
1.211551378194366091e+00
1.213364555011734680e+00
1.214604421120882627e+00
1.215277762482306123e+00
1.215391365056500028e+00
1.214952014803960312e+00
1.213966497685181389e+00
1.212441599660660785e+00
1.210384106690892470e+00
1.207800804736372191e+00
1.204698479757595919e+00
1.201083917715059179e+00
1.196963904569257053e+00
1.192345226280685733e+00
1.187234668809840077e+00
1.181640231419269771e+00
1.175576296553630495e+00
1.169059338390318059e+00
1.162105832320030618e+00
1.154732253733467218e+00
1.146955078021325125e+00
1.138790780574303829e+00
1.130255836783100820e+00
1.121366722038414254e+00
1.112139911730942732e+00
1.102591881251384853e+00
1.092739105990438109e+00
1.082598061338801987e+00
1.072185222687173978e+00
1.061517065426252238e+00
1.050610064946735367e+00
1.039480696639321966e+00
1.028145435894709969e+00
1.016620758103597533e+00
1.004923138656683257e+00
9.930690529446654091e-01
9.810749763582421457e-01
9.689573842881118448e-01
9.567327521249731070e-01
9.444175552595230894e-01
9.320282690824618355e-01
9.195813689844866134e-01
9.070933303562954686e-01
8.945806285885874454e-01
8.820597390720601449e-01
8.695471371974128338e-01
8.570592983553425581e-01
8.446126979365485843e-01
8.322238113317286246e-01
8.199091139315815013e-01
8.076850811268051489e-01
7.955677824700663203e-01
7.835656799298145181e-01
7.716804790228231070e-01
7.599136504058917607e-01
7.482666647358208190e-01
7.367409926694109545e-01
7.253381048634623962e-01
7.140594719747758168e-01
7.029065646601510009e-01
6.918808535763888434e-01
6.809838093802895731e-01
6.702169027286535297e-01
6.595816042782808308e-01
6.490793846859722604e-01
6.387117146085278252e-01
6.284800647027480869e-01
6.183859056254337183e-01
6.084307080333845041e-01
5.986159425834010062e-01
5.889430799322837862e-01
5.794135907368331839e-01
5.700289456538493171e-01
5.607906153401326366e-01
5.517000704524835930e-01
5.427587816477027483e-01
5.339682195825902200e-01
5.253298549139462370e-01
5.168451582985715831e-01
5.085156003932662649e-01
5.003426518548309554e-01
4.923277833400656056e-01
4.844724655057709439e-01
4.767781690087470325e-01
4.692463645057948773e-01
4.618785226537140964e-01
4.546761141093053626e-01
4.476406047158588142e-01
4.407721576604577973e-01
4.340678771444323458e-01
4.275244287379922348e-01
4.211384780113477944e-01
4.149066905347089107e-01
4.088257318782857475e-01
4.028922676122881907e-01
3.971029633069263487e-01
3.914544845324099964e-01
3.859434968589497417e-01
3.805666658567551375e-01
3.753206570960363475e-01
3.702021361470034244e-01
3.652077685798663653e-01
3.603342199648353339e-01
3.555781558721201052e-01
3.509362418719312315e-01
3.464051435344782104e-01
3.419815264299711499e-01
3.376620561286202693e-01
3.334433982006355657e-01
3.293222182162268696e-01
3.252951817456045114e-01
3.213589543589783770e-01
3.175102016265585192e-01
3.137455891185551016e-01
3.100617824051778437e-01
3.064554470566370203e-01
3.029232486431425730e-01
2.994618527349046100e-01
2.960679249021330728e-01
2.927381307150381806e-01
2.894691357438296531e-01
2.862576055587178758e-01
2.831002057299127905e-01
2.799936018276241723e-01
2.769346947031578465e-01
2.739220260433338217e-01
2.709548362778692043e-01
2.680323684184410804e-01
2.651538654767263692e-01
2.623185704644019900e-01
2.595257263931451397e-01
2.567745762746327376e-01
2.540643631205416475e-01
2.513943299425490108e-01
2.487637197523317745e-01
2.461717755615669412e-01
2.436177403819315967e-01
2.411008572251025495e-01
2.386203691027569684e-01
2.361755190265719673e-01
2.337655500082241600e-01
2.313897050593907989e-01
2.290472271917488312e-01
2.267373594169753426e-01
2.244593447467472247e-01
2.222124261927415356e-01
2.199958467666352779e-01
2.178088494801053987e-01
2.156506773448290393e-01
2.135205733724829524e-01
2.114177805747443351e-01
2.093415419632901342e-01
2.072911005497972692e-01
2.052656993459429091e-01
2.032645813634039178e-01
2.012869896138573533e-01
1.993321671089801073e-01
1.973993568604493765e-01
1.954878018799420802e-01
1.935967451791350824e-01
1.917254392551827336e-01
1.898734094834470809e-01
1.880404884928674747e-01
1.862265253032878431e-01
1.844313689345521701e-01
1.826548684065043282e-01
1.808968727389884401e-01
1.791572309518481287e-01
1.774357920649275444e-01
1.757324050980706154e-01
1.740469190711212699e-01
1.723791830039234085e-01
1.707290459163210150e-01
1.690963568281579898e-01
1.674809647592783446e-01
1.658827187295260075e-01
1.643014677587448513e-01
1.627370608667788043e-01
1.611893470734718781e-01
1.596581753986680008e-01
1.581433948622110730e-01
1.566448544839451062e-01
1.551624032837139733e-01
1.536958902813616301e-01
1.522451644967320605e-01
1.508100749496691928e-01
1.493904706600168997e-01
1.479862006476191927e-01
1.465971139323199446e-01
1.452230595339631392e-01
1.438638864723927324e-01
1.425194437674527081e-01
1.411895804389869391e-01
1.398741455068393813e-01
1.385729879908539075e-01
1.372859569108745570e-01
1.360129012847533514e-01
1.347536666964578300e-01
1.335080882510297773e-01
1.322759990616987069e-01
1.310572322416939661e-01
1.298516209042450409e-01
1.286589981625812784e-01
1.274791971299320259e-01
1.263120509195268526e-01
1.251573926445951335e-01
1.240150554183662435e-01
1.228848723540696131e-01
1.217666765649346033e-01
1.206603011641907419e-01
1.195655792650674315e-01
1.184823439807939360e-01
1.174104284245998664e-01
1.163496657097145282e-01
1.152998889493673518e-01
1.142609312567877400e-01
1.132326257452051788e-01
1.122148055278490014e-01
1.112073037179486940e-01
1.102099534287336730e-01
1.092225877734332717e-01
1.082450398652769485e-01
1.072771428174941338e-01
1.063187297433142164e-01
1.053696337559666407e-01
1.044296879686808094e-01
1.034987254946861529e-01
1.025765794472120740e-01
1.016630829394880309e-01
1.007580690847433291e-01
9.986137099620748248e-02
9.897282178710987977e-02
9.809225457067995146e-02
9.721950953495328562e-02
9.635449334627198270e-02
9.549714909517578731e-02
9.464742024528990938e-02
9.380525026023971147e-02
9.297058260365034799e-02
9.214336073914711212e-02
9.132352813035529704e-02
9.051102824090012655e-02
8.970580453440689384e-02
8.890780047450080881e-02
8.811695952480719241e-02
8.733322514895133781e-02
8.655654081055839943e-02
8.578684997325369821e-02
8.502409610066248569e-02
8.426822265641002729e-02
8.351917310412157458e-02
8.277689090742240685e-02
8.204131952993777566e-02
8.131240243529293255e-02
8.059008308711319846e-02
7.987430494902374167e-02
7.916501148464986926e-02
7.846214615761683275e-02
7.776565243154992535e-02
7.707547377007434308e-02
7.639155363681540689e-02
7.571383549539838220e-02
7.504226280944847893e-02
7.437677904259101802e-02
7.371732765845120938e-02
7.306385212065434620e-02
7.241629589282566615e-02
7.177460243859043465e-02
7.113871522157391714e-02
7.050857770540140679e-02
6.988413335369809964e-02
6.926532563008934440e-02
6.865209799820033709e-02
6.804439392165635703e-02
6.744215686408264188e-02
6.684533028910448482e-02
6.625385766034713741e-02
6.566768244143585120e-02
6.508674809599590549e-02
6.451099808765253796e-02
6.394037588003102790e-02
6.337482493675666850e-02
6.281428872145465581e-02
6.225871069775029687e-02
6.170803432926882243e-02
6.116220307963548403e-02
6.062116041247561649e-02
6.008484979141440196e-02
5.955321468007714059e-02
5.902619854208909778e-02
5.850374484107550427e-02
5.798579704066165325e-02
5.747229860447278238e-02
5.696319299613415710e-02
5.645842367927104283e-02
5.595793411750871194e-02
5.546166777447243679e-02
5.496956811378742036e-02
5.448157859907901829e-02
5.399764269397236416e-02
5.351770386209283442e-02
5.304170556706561124e-02
5.256959127251603636e-02
5.210130444206932665e-02
5.163678853935068508e-02
5.117598702798549504e-02
