1.783513496636958406e-01
2.033899504275830383e-01
2.287962588098436945e-01
2.545514715951827101e-01
2.806367855683055135e-01
3.070333975139168947e-01
3.337225042167222822e-01
3.606853024614267711e-01
3.879029890327354013e-01
4.153567607153532126e-01
4.430278142939857444e-01
4.708973465533378144e-01
4.989465542781146845e-01
5.271566342530215055e-01
5.555087832627633171e-01
5.839841980920453812e-01
6.125640755255727932e-01
6.412296123480507593e-01
6.699620053441840417e-01
6.987424512986784020e-01
7.275521469962387133e-01
7.563722892215700710e-01
7.851840747593774594e-01
8.139687003943661958e-01
8.427073629112417086e-01
8.713812590947086489e-01
8.999715857294724453e-01
9.284595396002384149e-01
9.568263174917109870e-01
9.850531161885957010e-01
1.013121132475598429e+00
1.041011563137423046e+00
1.068705604958775757e+00
1.096184454724360879e+00
1.123429309218883843e+00
1.150421365227050297e+00
1.177141819533564782e+00
1.203571868923132282e+00
1.229692710180458892e+00
1.255485540090249152e+00
1.280931555437207603e+00
1.306011953006040782e+00
1.330707929581452564e+00
1.355000681948148822e+00
1.378871406890834095e+00
1.402301301194213812e+00
1.425271561642993623e+00
1.447763385021877847e+00
1.469757968115572133e+00
1.491236507708781689e+00
1.512180200586211276e+00
1.532570243532566545e+00
1.552387833332552036e+00
1.571614166770872956e+00
1.590230440632234954e+00
1.608217851701343237e+00
1.625557596762902568e+00
1.642230872601617486e+00
1.658218876002194309e+00
1.673502803749337131e+00
1.688063852627752492e+00
1.701883219422143823e+00
1.714942100917217660e+00
1.727221693897678101e+00
1.738703195148231462e+00
1.749367801453581839e+00
1.759196709598434216e+00
1.768171116367495133e+00
1.776272218545468906e+00
1.783481212917059855e+00
1.789779296266974296e+00
1.795147665379916324e+00
1.799567517040592923e+00
1.803020188952690006e+00
1.805500776687955833e+00
1.807029485493115040e+00
1.807629192856335720e+00
1.807322776265787745e+00
1.806133113209638319e+00
1.804083081176056869e+00
1.801195557653211932e+00
1.797493420129272046e+00
1.792999546092405527e+00
1.787736813030782024e+00
1.781728098432568741e+00
1.774996279785935771e+00
1.767564234579051430e+00
1.759454840300083589e+00
1.750690974437200786e+00
1.741295514478572892e+00
1.731291337912367778e+00
1.720701322226753760e+00
1.709548344909900486e+00
1.697855283449975383e+00
1.685645015335147878e+00
1.672940418053586509e+00
1.659764369093459369e+00
1.646139745942935884e+00
1.632089426090184148e+00
1.617636287023373143e+00
1.602803206230672073e+00
1.587613061200247921e+00
1.572088729420270559e+00
1.556253088378908522e+00
1.540129015564329684e+00
1.523739388464704136e+00
1.507107084568198863e+00
1.490254981362983067e+00
1.473205956337226619e+00
1.455982886979096280e+00
1.438607284150763110e+00
1.421093468895015866e+00
1.403453406191421449e+00
1.385699059652921727e+00
1.367842392892457681e+00
1.349895369522969846e+00
1.331869953157400310e+00
1.313778107408689610e+00
1.295631795889778948e+00
1.277442982213609524e+00
1.259223629993122984e+00
1.240985702841259641e+00
1.222741164370962030e+00
1.204501978195170242e+00
1.186280107926825256e+00
1.168087517178868717e+00
1.149936169564241828e+00
1.131838028695886011e+00
1.113805058186741359e+00
1.095849221649750183e+00
1.077982482697853239e+00
1.060216804943991953e+00
1.042564152001106859e+00
1.025036487482140046e+00
1.007645775000031163e+00
9.904039781677231868e-01
9.733230605981560979e-01
9.564149859042715418e-01
9.396917176990106091e-01
9.231652195953142792e-01
9.068474552061244198e-01
8.907503881443812332e-01
8.748859820230263651e-01
8.592662004550006838e-01
8.439030070532461680e-01
8.288083654307031312e-01
8.139938228825132072e-01
7.994631226724649986e-01
7.852130771439386203e-01
7.712402577156587391e-01
7.575412358063519092e-01
7.441125828347440185e-01
7.309508702195610663e-01
7.180526693795294957e-01
7.054145517333748616e-01
6.930330886998230522e-01
6.809048516976007326e-01
6.690264121454334578e-01
6.573943414620470049e-01
6.460052110661680391e-01
6.348555923765220044e-01
6.239420568118353438e-01
6.132611757908339456e-01
6.028095207322435867e-01
5.925836630547903772e-01
5.825801741772006492e-01
5.727956255182000689e-01
5.632265884965148572e-01
5.538696345308706803e-01
5.447213350399938703e-01
5.357782614426106482e-01
5.270369851574465692e-01
5.184940776032277432e-01
5.101461101986806135e-01
5.019896543625306240e-01
4.940212815135042179e-01
4.862375630703270613e-01
4.786350704517253751e-01
4.712103750764251031e-01
4.639600483631526329e-01
4.568806617306334084e-01
4.499687865975936507e-01
4.432209944422894621e-01
4.366338728533057378e-01
4.302040472505950230e-01
4.239281484787882914e-01
4.178028073825169608e-01
4.118246548064125045e-01
4.059903215951060074e-01
4.002964385932288871e-01
3.947396366454121730e-01
3.893165465962872829e-01
3.840237992904857456e-01
3.788580255726384238e-01
3.738158562873768465e-01
3.688939222793324313e-01
3.640888543931360410e-01
3.593972834734193156e-01
3.548158403648133952e-01
3.503411559119498642e-01
3.459698609594594743e-01
3.416985863519738098e-01
3.375239629341241776e-01
3.334426215505417734e-01
3.294511930458578486e-01
3.255463082647037654e-01
3.217245980517108861e-01
3.179826932515102955e-01
3.143172247087335780e-01
3.107248232680115962e-01
3.072021197739759346e-01
3.037457450712578444e-01
3.003523300044885214e-01
2.970185054182992723e-01
2.937409021573214041e-01
2.905161510661861679e-01
2.873408829895249816e-01
2.842117287719690966e-01
2.811253192581495974e-01
2.780785529788631916e-01
2.750701952913325865e-01
2.720998065329557902e-01
2.691669499787021080e-01
2.662711889035405122e-01
2.634120865824404745e-01
2.605892062903711337e-01
2.578021113023016286e-01
2.550503648932010980e-01
2.523335303380387362e-01
2.496511709117839317e-01
2.470028498894056845e-01
2.443881305458733832e-01
2.418065761561559723e-01
2.392577499952228404e-01
2.367412153380433482e-01
2.342565354595862182e-01
2.318032736348209777e-01
2.293809931387167933e-01
2.269892572462428038e-01
2.246276292323682311e-01
2.222956723720623251e-01
2.199929499402942523e-01
2.177190252120331515e-01
2.154734614622483557e-01
2.132558219659089205e-01
2.110656699979840956e-01
2.089025688334431308e-01
2.067660817472551094e-01
2.046557720143893644e-01
2.025712029098149791e-01
2.005119377085012589e-01
1.984775396854172591e-01
1.964675721155324239e-01
1.944815982738156979e-01
1.925191814352363862e-01
1.905798877028254124e-01
1.886633645372922941e-01
1.867693510059210693e-01
1.848975910628863351e-01
1.830478286623625772e-01
1.812198077585243372e-01
1.794132723055463507e-01
1.776279662576028540e-01
1.758636335688685548e-01
1.741200181935181057e-01
1.723968640857259649e-01
1.706939151996666182e-01
1.690109154895148014e-01
1.673476089094448616e-01
1.657037394136315345e-01
1.640790509562493338e-01
1.624732874914727732e-01
1.608861929734763108e-01
1.593175113564346823e-01
1.577669865945223182e-01
1.562343626419138154e-01
1.547193834527837708e-01
1.532217929813066704e-01
1.517413351816571110e-01
1.502777540080096064e-01
1.488307934145387812e-01
1.474001973554191214e-01
1.459857097848252239e-01
1.445870746569315468e-01
1.432040359259127704e-01
1.418363375459433806e-01
1.404837234711979743e-01
1.391459376558511762e-01
1.378227240540773613e-01
1.365138266200511263e-01
1.352189893079471239e-01
1.339379560855306350e-01
1.326704943511858303e-01
1.314164430047379539e-01
1.301756545368584206e-01
1.289479814382186174e-01
1.277332761994900423e-01
1.265313913113439992e-01
1.253421792644518196e-01
1.241654925494850154e-01
1.230011836571150013e-01
1.218491050780130952e-01
1.207091093028507395e-01
1.195810488222993212e-01
1.184647761270302690e-01
1.173601437077149839e-01
1.162670040550248252e-01
1.151852096596312214e-01
1.141146130122055319e-01
1.130550666034192131e-01
1.120064229239436243e-01
1.109685344644502220e-01
1.099412537156103514e-01
1.089244331680954275e-01
1.079179253125768789e-01
1.069215826397260649e-01
1.059352576402143864e-01
1.049588028047132443e-01
1.039920706238940951e-01
1.030349135884282286e-01
1.020871841889871290e-01
1.011487349162422528e-01
1.002194182608648620e-01
9.929908671352648264e-02
9.838759276489837668e-02
9.748478890565205612e-02
9.659052762645889412e-02
9.570466141799027771e-02
9.482704798113404665e-02
9.395759397449557349e-02
9.309623288115399797e-02
9.224289845894585727e-02
9.139752446570788280e-02
9.056004465927657010e-02
8.973039279748863672e-02
8.890850263818066146e-02
8.809430793918927860e-02
8.728774245835109469e-02
8.648873995350277177e-02
8.569723418248087476e-02
8.491315890312209347e-02
8.413644787326297891e-02
8.336703485074020703e-02
8.260485359339035660e-02
8.184983785905004805e-02
8.110192140555595730e-02
8.036103799074464926e-02
7.962712137245278599e-02
7.890010530851696013e-02
7.817992355677386151e-02
7.746650987505999952e-02
7.675979802121203621e-02
7.605972175306661975e-02
7.536621482846038445e-02
7.467921100522989519e-02
7.399864404121181405e-02
7.332444769424274755e-02
7.265655572215934388e-02
7.199490188279820957e-02
7.133941993399596504e-02
7.069004363358918908e-02
7.004670673941455761e-02
6.940934300930866330e-02
6.877788620110815432e-02
6.815227007264963721e-02
6.753242838176971852e-02
6.691829488630504641e-02
6.630980334409226906e-02
6.570688751296793750e-02
6.510948115076871379e-02
6.451751801533119057e-02
6.393093186449201604e-02
6.334965645608781060e-02
6.277362554795518079e-02
6.220277289793076786e-02
6.163703226385117140e-02
6.107633740355307428e-02
6.052062207487299283e-02
5.996982003564764463e-02
5.942386504371358069e-02
5.888269085690745613e-02
5.834623123306591219e-02
5.781441993002552765e-02
5.728719070562295068e-02
5.676447731769481558e-02
5.624621352407768726e-02
5.573233308260824859e-02
5.522276975112309222e-02
5.471745728745883858e-02
5.421632944945210808e-02
5.371931999493954196e-02
5.322636268175777452e-02
5.273739126774332903e-02
5.225233951073298549e-02
5.177114116856320475e-02
5.129372999907073211e-02
5.082003976009209778e-02
5.035000420946399852e-02
4.988355710502304086e-02
4.942063220460576195e-02
4.896116326604891406e-02
