1.783513496636958406e-01
1.675566173140630166e-01
1.572679170417383698e-01
1.474724340085386831e-01
1.381573533762807116e-01
1.293098603067812102e-01
1.209171399618569342e-01
1.129663775033247775e-01
1.054447580930014255e-01
9.833946689270366137e-02
9.163768906424828165e-02
8.532660976945204145e-02
7.939341417013170976e-02
7.382528742810412492e-02
6.860941470518597263e-02
6.373298116319403572e-02
5.918317196394515950e-02
5.494717226925608516e-02
5.101216724094358862e-02
4.736534204082440414e-02
4.399388183071536312e-02
4.088497177243322761e-02
3.802579702779475962e-02
3.540354275861674893e-02
3.300539412671596451e-02
3.081853629390916144e-02
2.883015442201315379e-02
2.702743367284468276e-02
2.539755920822054161e-02
2.392771618995750277e-02
2.260508977987234561e-02
2.141686513978184256e-02
2.035022743150276606e-02
1.939236181685188160e-02
1.853045345764598242e-02
1.775168751570183404e-02
1.704324915283621580e-02
1.639232353086590016e-02
1.578609581160766301e-02
1.521175115687828372e-02
1.465647472849452952e-02
1.410969099725774105e-02
1.356978166990745714e-02
1.303736776216779178e-02
1.251307028976284853e-02
1.199751026841673271e-02
1.149130871385354788e-02
1.099508664179739935e-02
1.050946506797239416e-02
1.003506500810263588e-02
9.572507477912236759e-03
9.122413493125288222e-03
8.685404069465914659e-03
8.262100222658200557e-03
7.853122968426265102e-03
7.459093322494212731e-03
7.080632300586144415e-03
6.718360918426170662e-03
6.372900191738389841e-03
6.044871136246915064e-03
5.734894767675844697e-03
5.443351355278479298e-03
5.169658182424863996e-03
4.912991786014247846e-03
4.672528702945865156e-03
4.447445470118958910e-03
4.236918624432770356e-03
4.040124702786539006e-03
3.856240242079506109e-03
3.684441779210912045e-03
3.523905851079999364e-03
3.373808994586005843e-03
3.233327746628176201e-03
3.101638644105746915e-03
2.977918223917962268e-03
2.861343022964059606e-03
2.751089578143282779e-03
2.646334426354872600e-03
2.546254104498066849e-03
2.450025149472108508e-03
2.356824098176238825e-03
2.265965878643142611e-03
2.177318983439288039e-03
2.090890296264589013e-03
2.006686700818957701e-03
1.924715080802308440e-03
1.844982319914553618e-03
1.767495301855605619e-03
1.692260910325380082e-03
1.619286029023788527e-03
1.548577541650744856e-03
1.480142331906161672e-03
1.413987283489953313e-03
1.350119280102031081e-03
1.288545205442310614e-03
1.229271943210702780e-03
1.172306377107122351e-03
1.117655390831481712e-03
1.065325868083694767e-03
1.015324692563674119e-03
9.676587479713343216e-04
9.223193747553509953e-04
8.792357403594610417e-04
8.383214689761636206e-04
7.994901847979601689e-04
7.626555120173485452e-04
7.277310748268296442e-04
6.946304974189034930e-04
6.632674039860700105e-04
6.335554187208296576e-04
6.054081658156811605e-04
5.787392694631249800e-04
5.534623538556613601e-04
5.294910431857901114e-04
5.067389616460108272e-04
4.851197334288236975e-04
4.645469827267282616e-04
4.449343337322256308e-04
4.261954106378144230e-04
4.082438376359949907e-04
3.909932389192673609e-04
3.743694343170203835e-04
3.583470262061992824e-04
3.429128126006367487e-04
3.280535915141670456e-04
3.137561609606236775e-04
3.000073189538405281e-04
2.867938635076509391e-04
2.741025926358886316e-04
2.619203043523874353e-04
2.502337966709810169e-04
2.390298676055031791e-04
2.282953151697871550e-04
2.180169373776668555e-04
2.081815322429758934e-04
1.987758977795481795e-04
1.897868320012170013e-04
1.812011329218162425e-04
1.730055985551794617e-04
1.651870269151404342e-04
1.577322160155329896e-04
1.506281539075953900e-04
1.438625887921866095e-04
1.374234589075704071e-04
1.312987024920106503e-04
1.254762577837708270e-04
1.199440630211148453e-04
1.146900564423064778e-04
1.097021762856096189e-04
1.049683607892877026e-04
1.004765481916046910e-04
9.621467673082435682e-05
9.217068464521037765e-05
8.833251017302663451e-05
8.468809155253672380e-05
8.122536702200449938e-05
7.793227481969369319e-05
7.479675318386815909e-05
7.180674035279150703e-05
6.895017456472756379e-05
6.621499405794007483e-05
6.359063021717322633e-05
6.107248701309287244e-05
5.865746156284510477e-05
5.634245098357620462e-05
5.412435239243235845e-05
5.200006290655980693e-05
4.996647964310470941e-05
4.802049971921329300e-05
4.615902025203177125e-05
4.437893835870639840e-05
4.267715115638329312e-05
4.105055576220871641e-05
3.949604929332887506e-05
3.801052886688996907e-05
3.659089160003823233e-05
3.523403460991982419e-05
3.393685501368098531e-05
3.269624992846791571e-05
3.150911647142685604e-05
3.037235175970395888e-05
2.928311159550908954e-05
2.823958652130656444e-05
2.724022576462434159e-05
2.628347855299038917e-05
2.536779411393260420e-05
2.449162167497897518e-05
2.365341046365744657e-05
2.285160970749598315e-05
2.208466863402250567e-05
2.135103647076497214e-05
2.064916244525133378e-05
1.997749578500955878e-05
1.933448571756757125e-05
1.871858147045332921e-05
1.812823227119478390e-05
1.756188734731988993e-05
1.701799592635658837e-05
1.649500723583283723e-05
1.599137050327660808e-05
1.550553495621580133e-05
1.503613579559384660e-05
1.458255211601598212e-05
1.414434898550289401e-05
1.372109147207526501e-05
1.331234464375379310e-05
1.291767356855917287e-05
1.253664331451208029e-05
1.216881894963322180e-05
1.181376554194325982e-05
1.147104815946290250e-05
1.114023187021283764e-05
1.082088174221374968e-05
1.051256284348632984e-05
1.021484024205126761e-05
9.927279005929257595e-06
9.649444203140980839e-06
9.380900901707142099e-06
9.121214169648408866e-06
8.869949074985479122e-06
8.626670685739045767e-06
8.390983422246444241e-06
8.162649114111612328e-06
7.941468943255125269e-06
7.727244091597571855e-06
7.519775741059536645e-06
7.318865073561607585e-06
7.124313271024353138e-06
6.935921515368362944e-06
6.753490988514224950e-06
6.576822872382516090e-06
6.405718348893820922e-06
6.239978599968729085e-06
6.079404807527812431e-06
5.923798153491669918e-06
5.772959819780868317e-06
5.626690988315996419e-06
5.484792841017638783e-06
5.347066559806375730e-06
5.213313326602796055e-06
5.083334323327477538e-06
4.956950373534479917e-06
4.834060867311744168e-06
4.714584836380695763e-06
4.598441312462743234e-06
4.485549327279306972e-06
4.375827912551807367e-06
4.269196100001660575e-06
4.165572921350284446e-06
4.064877408319097674e-06
3.967028592629517264e-06
3.871945506002961064e-06
3.779547180160851583e-06
3.689752646824598200e-06
3.602480937715621728e-06
3.517651084555343405e-06
3.435182119065176846e-06
3.354993072966542865e-06
3.277002977980857193e-06
3.201130865829538950e-06
3.127295768234005987e-06
3.055422919610982891e-06
2.985462365158402152e-06
2.917370352769508505e-06
2.851103130337544990e-06
2.786616945755754225e-06
2.723868046917380096e-06
2.662812681715661410e-06
2.603407098043843324e-06
2.545607543795169302e-06
2.489370266862881537e-06
2.434651515140219683e-06
2.381407536520427627e-06
2.329594578896747562e-06
2.279168890162422952e-06
2.230086718210695990e-06
2.182304310934809295e-06
2.135777916228005482e-06
2.090463781983525898e-06
2.046318156094615278e-06
2.003297286454513698e-06
1.961360914947269835e-06
1.920482759420151958e-06
1.880640031711233334e-06
1.841809943658588291e-06
1.803969707100290523e-06
1.767096533874413722e-06
1.731167635819031792e-06
1.696160224772216944e-06
1.662051512572044140e-06
1.628818711056585804e-06
1.596439032063916262e-06
1.564889687432109843e-06
1.534147888999238757e-06
1.504190848603377968e-06
1.474995778082600532e-06
1.446539889274981625e-06
1.418800394018592399e-06
1.391754504151506968e-06
1.365379431511799450e-06
1.339652387937543961e-06
1.314552210365862698e-06
1.290064236130073357e-06
1.266175427662543409e-06
1.242872747395639690e-06
1.220143157761730095e-06
1.197973621193179978e-06
1.176351100122356810e-06
1.155262556981627638e-06
1.134694954203359934e-06
1.114635254219920110e-06
1.095070419463676062e-06
1.075987412366993354e-06
1.057373195362239881e-06
1.039214730881783538e-06
1.021498981357989678e-06
1.004212909223225350e-06
9.873434769098584482e-07
9.708776468502549611e-07
9.548023814767832072e-07
9.391046432218092814e-07
9.237723354154572390e-07
9.087971249788793775e-07
8.941716197309859550e-07
8.798884274906842650e-07
8.659401560768848833e-07
8.523194133084971150e-07
8.390188070044292065e-07
8.260309449835913100e-07
8.133484350648928366e-07
8.009638850672421385e-07
7.888699028095494738e-07
7.770590961107241478e-07
7.655240727896741950e-07
7.542574406653096618e-07
7.432518075565399592e-07
7.324997812822738630e-07
7.219939696614212078e-07
7.117269805128908752e-07
7.016914216555921705e-07
6.918799009084348223e-07
6.822854895246713700e-07
6.729031124949331133e-07
6.637281582441938448e-07
6.547560151974287338e-07
6.459820717796118906e-07
6.374017164157186960e-07
6.290103375307228370e-07
6.208033235495994826e-07
6.127760628973233784e-07
6.049239439988686349e-07
5.972423552792096800e-07
5.897266851633214711e-07
5.823723220761785420e-07
5.751746544427556384e-07
5.681290706880272942e-07
5.612309592369678314e-07
5.544757085145519958e-07
5.478587069457548504e-07
5.413753429555501881e-07
5.350210049689127545e-07
5.287913640108808102e-07
5.226832215067454051e-07
5.166936614818608926e-07
5.108197679615817318e-07
5.050586249712622757e-07
4.994073165362569837e-07
4.938629266819205265e-07
4.884225394336071514e-07
4.830832388166713177e-07
4.778421088564672726e-07
4.726962335783496341e-07
4.676426970076731789e-07
4.626785831697917838e-07
4.578009760900600667e-07
4.530069597938326985e-07
4.482936183064641383e-07
4.436580356533083687e-07
4.390972958597201136e-07
4.346084829510538850e-07
4.301886809526640361e-07
4.258349738899049202e-07
4.215444457881310492e-07
4.173141806726970413e-07
4.131412625689573024e-07
4.090227755022659741e-07
4.049558034979775154e-07
4.009374305814467033e-07
3.969647407780277319e-07
3.930348181130751664e-07
3.891447466119433070e-07
3.852916102999869304e-07
3.814724932025598076e-07
3.776844793450171918e-07
3.739246527527128009e-07
3.701900974510016763e-07
3.664778974652375890e-07
3.627851368207758980e-07
3.591088995429703743e-07
3.554462696571753710e-07
3.517943311887458237e-07
