1.783513496636958406e-01
1.280380900396492216e-01
8.293837649310144278e-02
4.293798421887449340e-02
7.922688411790669918e-03
-2.222173573332799842e-02
-4.760951302165929155e-02
-6.835486825838106573e-02
-8.457202624867124485e-02
-9.637521179770747182e-02
-1.038786497106678197e-01
-1.071965647927301257e-01
-1.064431818490721160e-01
-1.017327256848717110e-01
-9.317942110530669231e-02
-8.089749291555502209e-02
-6.500116592079441258e-02
-4.560466492620288137e-02
-2.282221473695808175e-02
3.231959841762058021e-03
3.244363400477951603e-02
6.469858294691663292e-02
9.988258186299549257e-02
1.378814059478381815e-01
1.785808303962671539e-01
2.218666304031040870e-01
2.676245811631716709e-01
3.157404578712919019e-01
3.661000357222865542e-01
4.185890899109778740e-01
4.730933956321884404e-01
5.294987280807400554e-01
5.876908624514550761e-01
6.475555739391551935e-01
7.089786377386630978e-01
7.718458290448005910e-01
8.360429230523898081e-01
9.014556949562533283e-01
9.679699199512135088e-01
1.035471373232091041e+00
1.103845829993709726e+00
1.172979065430890921e+00
1.242756854738456429e+00
1.313064973111229383e+00
1.383789195744031586e+00
1.454815297831684173e+00
1.526029054569010723e+00
1.597316241150832816e+00
1.668562632771972476e+00
1.739654004627252393e+00
1.810476131911493480e+00
1.880914789819519761e+00
1.950855753546151483e+00
2.020184798286211780e+00
2.088787699234522677e+00
2.156550231585906641e+00
2.223358170535184808e+00
2.289097291277180091e+00
2.353661665467701614e+00
2.416996564681509696e+00
2.479066772540502228e+00
2.539837111076117093e+00
2.599272402319792175e+00
2.657337468302963579e+00
2.713997131057071410e+00
2.769216212613552663e+00
2.822959535003844778e+00
2.875191920259387413e+00
2.925878190411615787e+00
2.974983167491970448e+00
3.022471673531886172e+00
3.068308530562803504e+00
3.112458560616158998e+00
3.154886585723390979e+00
3.195557427915937332e+00
3.234435909225235939e+00
3.271486851682725128e+00
3.306675077319841005e+00
3.339965408168023231e+00
3.371322666258708800e+00
3.400711673623336040e+00
3.428097252293342390e+00
3.453444224300166621e+00
3.476717411675244840e+00
3.497881636450016707e+00
3.516901720655918773e+00
3.533742794833261591e+00
3.548396868357740708e+00
3.560903306716749928e+00
3.571306295848799994e+00
3.579650021692393214e+00
3.585978670186038553e+00
3.590336427268240094e+00
3.592767478877507692e+00
3.593316010952342321e+00
3.592026209431256056e+00
3.588942260252750316e+00
3.584108349355332734e+00
3.577568662677511835e+00
3.569367386157790811e+00
3.559548705734679519e+00
3.548156807346679376e+00
3.535235876932299792e+00
3.520830100430047072e+00
3.504983663778427072e+00
3.487740752915945208e+00
3.469145553781109115e+00
3.449242252312423762e+00
3.428075034448397229e+00
3.405688086127532266e+00
3.382125593288340504e+00
3.357431741869322916e+00
3.331650717808988027e+00
3.304826707045843026e+00
3.277003895518391996e+00
3.248226519317602534e+00
3.218539307232187952e+00
3.187987267700976179e+00
3.156615412372549390e+00
3.124468752895487977e+00
3.091592300918378555e+00
3.058031068089799742e+00
3.023830066058336818e+00
2.989034306472571068e+00
2.953688800981084217e+00
2.917838561232461547e+00
2.881528598875284342e+00
2.844803925558134772e+00
2.807709552929595009e+00
2.770290492638247226e+00
2.732591756332675814e+00
2.694658355661463389e+00
2.656535302273191235e+00
2.618267607816442410e+00
2.579900283939798644e+00
2.541478342291845216e+00
2.503046794521161633e+00
2.464650652276331844e+00
2.426334927205938019e+00
2.388144630958563219e+00
2.350124775182790948e+00
2.312320371527201601e+00
2.274776431640378238e+00
2.237537949150495198e+00
2.200640763317346593e+00
2.164096692193939742e+00
2.127913661424684744e+00
2.092099596653987703e+00
2.056662423526258721e+00
2.021610067685903456e+00
1.986950454777330677e+00
1.952691510444946932e+00
1.918841160333162321e+00
1.885407330086382949e+00
1.852397945349016251e+00
1.819820931765472327e+00
1.787684214980156616e+00
1.755995720637478996e+00
1.724763374381844683e+00
1.693995101857663776e+00
1.663698828709342603e+00
1.633882480581289931e+00
1.604553983117913862e+00
1.575721261963620723e+00
1.547392242762819503e+00
1.519574851159917639e+00
1.492277012799323010e+00
1.465506653325443720e+00
1.439271698382687426e+00
1.413580073615460675e+00
1.388439704668174013e+00
1.363858517185232655e+00
1.339843869716945246e+00
1.316393595404909078e+00
1.293497623516701722e+00
1.271145644077078307e+00
1.249327347110791742e+00
1.228032422642598709e+00
1.207250560697252117e+00
1.186971451299508207e+00
1.167184784474119663e+00
1.147880250245841838e+00
1.129047538639429415e+00
1.110676339679636637e+00
1.092756343391219298e+00
1.075277239798929863e+00
1.058228718927524348e+00
1.041600470801756995e+00
1.025382185446382044e+00
1.009563552886154403e+00
9.941342631458284229e-01
9.790840062501589003e-01
9.644024722239002978e-01
9.500793510918069673e-01
9.361043328786332607e-01
9.224671076091344180e-01
9.091573653080644579e-01
8.961647960001783986e-01
8.834790897102299256e-01
8.710899364629750563e-01
8.589870262831670322e-01
8.471606950899269739e-01
8.356038623798425213e-01
8.243100935438665289e-01
8.132729539729529611e-01
8.024860090580551164e-01
7.919428241901264043e-01
7.816369647601203452e-01
7.715619961589906817e-01
7.617114837776903791e-01
7.520789930071729579e-01
7.426580892383921606e-01
7.334423378623012857e-01
7.244253042698536316e-01
7.156005538520031628e-01
7.069616519997028448e-01
6.985021641039065310e-01
6.902156555555679640e-01
6.820956917456395541e-01
6.741358380650753768e-01
6.663296599048292856e-01
6.586707226558540240e-01
6.511525917091035565e-01
6.437688324555312924e-01
6.365130102860904193e-01
6.293786905917347907e-01
6.223594387634178160e-01
6.154488201920925716e-01
6.086404002687128001e-01
6.019278113545166731e-01
5.953068983105153089e-01
5.887761724072002600e-01
5.823343036594416100e-01
5.759799620821085542e-01
5.697118176900717312e-01
5.635285404982002255e-01
5.574288005213640096e-01
5.514112677744331670e-01
5.454746122722768931e-01
5.396175040297658265e-01
5.338386130617692737e-01
5.281366093831570963e-01
5.225101630087990445e-01
5.169579439535654242e-01
5.114786222323253195e-01
5.060708678599487031e-01
5.007333508513057696e-01
4.954647412212660473e-01
4.902637089846992868e-01
4.851289241564753496e-01
4.800590567514640972e-01
4.750527767845352245e-01
4.701087542705590927e-01
4.652256592244047306e-01
4.604021616609422218e-01
4.556369315950414278e-01
4.509286390415721546e-01
4.462759540154042637e-01
4.416776249847254032e-01
4.371328845763952087e-01
4.326411499278542960e-01
4.282018385397532989e-01
4.238143679127421848e-01
4.194781555474720869e-01
4.151926189445934723e-01
4.109571756047566971e-01
4.067712430286123948e-01
4.026342387168110881e-01
3.985455801700032441e-01
3.945046848888394964e-01
3.905109703739706450e-01
3.865638541260467131e-01
3.826627536457183343e-01
3.788070864336363641e-01
3.749962699904510477e-01
3.712297218168130741e-01
3.675068594133729105e-01
3.638271002807812460e-01
3.601898619196883256e-01
3.565945618307451159e-01
3.530406175146016401e-01
3.495274464719088647e-01
3.460544662033169239e-01
3.426210942094766732e-01
3.392267479910386352e-01
3.358708450486532771e-01
3.325528032308061599e-01
3.292720706911175244e-01
3.260281489758967699e-01
3.228205450663779175e-01
3.196487659437940443e-01
3.165123185893791713e-01
3.134107099843664312e-01
3.103434471099895675e-01
3.073100369474821014e-01
3.043099864780774433e-01
3.013428026830096140e-01
2.984079925435114133e-01
2.955050630408168066e-01
2.926335211561593153e-01
2.897928738707724605e-01
2.869826281658895417e-01
2.842022910227444688e-01
2.814513694225706519e-01
2.787293703466015571e-01
2.760358007760707610e-01
2.733701676922117851e-01
2.707319780762582062e-01
2.681207389094434901e-01
2.655359571730011581e-01
2.629771398481648426e-01
2.604437939161681204e-01
2.579354263582444573e-01
2.554515441556273192e-01
2.529916542895505049e-01
2.505552807078285649e-01
2.481421140379724832e-01
2.457519395131505247e-01
2.433845434523926599e-01
2.410397121747284988e-01
2.387172319991878455e-01
2.364168892448004766e-01
2.341384702305960852e-01
2.318817612756046143e-01
2.296465486988554794e-01
2.274326188193786236e-01
2.252397579562037122e-01
2.230677524283606328e-01
2.209163885548791340e-01
2.187854526547887701e-01
2.166747310471194843e-01
2.145840100509009141e-01
2.125130759851629469e-01
2.104617151689351373e-01
2.084297139212473449e-01
2.064168585611292905e-01
2.044229354076107785e-01
2.024477307797215297e-01
2.004910309964912929e-01
1.985526223769497611e-01
1.966322912401268774e-01
1.947298239050521407e-01
1.928450066907554106e-01
1.909776259385135011e-01
1.891274792911548375e-01
1.872943940469563306e-01
1.854782023095789267e-01
1.836787361826836273e-01
1.818958277699314896e-01
1.801293091749836262e-01
1.783790125015008166e-01
1.766447698531442290e-01
1.749264133335748095e-01
1.732237750464535320e-01
1.715366870954415368e-01
1.698649815841997146e-01
1.682084906163891225e-01
1.665670462956707620e-01
1.649404807257057459e-01
1.633286260101549092e-01
1.617313142526792813e-01
1.601483775569399470e-01
1.585796480265979358e-01
1.570249577653141659e-01
1.554841388767496946e-01
1.539570234645655233e-01
1.524434436324226816e-01
1.509432314839822542e-01
1.494562191229050763e-01
1.479822386528522049e-01
1.465211221774846972e-01
1.450727018004635827e-01
1.436368096254497795e-01
1.422132777561044559e-01
1.408019382960884192e-01
1.394026233490628375e-01
1.380151650186886847e-01
1.366393954086269347e-01
1.352751466225385613e-01
1.339222507640846493e-01
1.325805399369261728e-01
1.312498462447241054e-01
1.299300017911395599e-01
1.286208386798334824e-01
1.273221890144669577e-01
1.260338848987007931e-01
1.247557584361961569e-01
1.234876417306140090e-01
1.222293668856153925e-01
1.209807660048613509e-01
1.197416711920127885e-01
1.185119145507308042e-01
1.172913281846762884e-01
1.160797441975104510e-01
1.148769946928940439e-01
1.136829117744883738e-01
1.124973275459541372e-01
1.113200741109526132e-01
1.101509835731446924e-01
1.089898880361913069e-01
1.078366196037536251e-01
