1.783513496636958406e-01
1.470748615962800265e-01
1.185242222315894406e-01
9.264541420407126915e-02
6.938442014817308712e-02
4.868722269834208777e-02
3.049980448902580091e-02
1.476814815467137471e-02
1.438236329726407924e-03
-9.543948351361868435e-03
-1.823242325414613230e-02
-2.468120574417896965e-02
-2.894431318701291833e-02
-3.107576294820078161e-02
-3.112957239329506090e-02
-2.915975888784849354e-02
-2.522033979741369197e-02
-1.936533248754321659e-02
-1.164875432378981168e-02
-2.124622671706019855e-03
9.153045103155413309e-03
2.213023163524207790e-02
3.675291955900093777e-02
5.296709150887976558e-02
7.071873011932573727e-02
8.995381802478615019e-02
1.106183378597084543e-01
1.326582722585402940e-01
1.560196038557284670e-01
1.806483152857205898e-01
2.064903891829641125e-01
2.334918081819063740e-01
2.615985549169946855e-01
2.907566120226763862e-01
3.209119621333989536e-01
3.520105878836096158e-01
3.839984719077558784e-01
4.168215968402849136e-01
4.504259453156443938e-01
4.847574999682814356e-01
5.197622434326433227e-01
5.553861583431778381e-01
5.915752273343317658e-01
6.282754330405526666e-01
6.654327580962883237e-01
7.029931851359856321e-01
7.409026967940920416e-01
7.791072757050550024e-01
8.175529045033219644e-01
8.561855658233402666e-01
8.949512422995566929e-01
9.337959165664193595e-01
9.726655712583752722e-01
1.011506189009872436e+00
1.050263752455357302e+00
1.088884244229277432e+00
1.127313646966080718e+00
1.165497943300213501e+00
1.203383115866124564e+00
1.240915147298259802e+00
1.278040020231067997e+00
1.314703717298995267e+00
1.350852221136489506e+00
1.386431514377998164e+00
1.421387579657968914e+00
1.455666399610848760e+00
1.489213956871084266e+00
1.521976234073124434e+00
1.553899213851415606e+00
1.584928878840405231e+00
1.615011211674540093e+00
1.644092194988268529e+00
1.672117811416037547e+00
1.699034260236462313e+00
1.724808891617971573e+00
1.749447658510065118e+00
1.772960622077563109e+00
1.795357843485286153e+00
1.816649383898053971e+00
1.836845304480684948e+00
1.855955666398001025e+00
1.873990530814821920e+00
1.890959958895967352e+00
1.906874011806257707e+00
1.921742750710513148e+00
1.935576236773553838e+00
1.948384531160199051e+00
1.960177695035269618e+00
1.970965789563584813e+00
1.980758875909965244e+00
1.989567015239231740e+00
1.997400268716202687e+00
2.004268697505699137e+00
2.010182362772541698e+00
2.015151325681548755e+00
2.019185647397542471e+00
2.022295389085341011e+00
2.024490611909765203e+00
2.025781377035635433e+00
2.026177745627771642e+00
2.025689778850993772e+00
2.024327537870120874e+00
2.022101083849974668e+00
2.019020477955375092e+00
2.015095781351140314e+00
2.010337055202092937e+00
2.004754360673051572e+00
1.998357758928835715e+00
1.991157311134267305e+00
1.983163078454164507e+00
1.974386936327945596e+00
1.964850305093684746e+00
1.954577732898861386e+00
1.943593769705229457e+00
1.931922965474544229e+00
1.919589870168558310e+00
1.906619033749027636e+00
1.893035006177705482e+00
1.878862337416346673e+00
1.864125577426705815e+00
1.848849276170536626e+00
1.833057983609592156e+00
1.816776249705629676e+00
1.800028624420401790e+00
1.782839657715662218e+00
1.765233899553166008e+00
1.747235899894667321e+00
1.728870208701920763e+00
1.710161375936680495e+00
1.691133951560700233e+00
1.671812485535735027e+00
1.652221527823539038e+00
1.632385628385865761e+00
1.612329337184470690e+00
1.592077204181106653e+00
1.571653779337529810e+00
1.551083612615493434e+00
1.530391253976751242e+00
1.509601253383058728e+00
1.488738160796168719e+00
1.467826526177838042e+00
1.446890899489817972e+00
1.425955830693864668e+00
1.405045869751731846e+00
1.384185566625173891e+00
1.363399471275945185e+00
1.342711618691607711e+00
1.322136390477757217e+00
1.301679594873345502e+00
1.281346742099849889e+00
1.261143342378748589e+00
1.241074905931519812e+00
1.221146942979641770e+00
1.201364963744592895e+00
1.181734478447850956e+00
1.162260997310893940e+00
1.142950030555200946e+00
1.123807088402249965e+00
1.104837681073518096e+00
1.086047318790484884e+00
1.067441511774627205e+00
1.049025770247424161e+00
1.030805604430354405e+00
1.012786524544894817e+00
9.949740408125241631e-01
9.773736634547204316e-01
9.599909026929625000e-01
9.428312687487276911e-01
9.259002718434944379e-01
9.092034221987408404e-01
8.927462300359461089e-01
8.765342055765870111e-01
8.605728590421420909e-01
8.448677006540900036e-01
8.294242406339084051e-01
8.142479892030761723e-01
7.993444565830706283e-01
7.847191529953704281e-01
7.703775886614535606e-01
7.563252738027987920e-01
7.425677186408833341e-01
7.291104333971859530e-01
7.159589172664924117e-01
7.031156853450171162e-01
6.905762452660910711e-01
6.783350998557207134e-01
6.663867519399120365e-01
6.547257043446716995e-01
6.433464598960059178e-01
6.322435214199207953e-01
6.214113917424225475e-01
6.108445736895175004e-01
6.005375700872123135e-01
5.904848837615128687e-01
5.806810175384254924e-01
5.711204742439565107e-01
5.617977567041120279e-01
5.527073677448985922e-01
5.438438101923223078e-01
5.352015868723899450e-01
5.267752006111069418e-01
5.185591542344799576e-01
5.105479505685152075e-01
5.027360924392192398e-01
4.951180826725978257e-01
4.876884240946578464e-01
4.804416195314050175e-01
4.733721718088460539e-01
4.664745837529871708e-01
4.597433581898342503e-01
4.531729979453938961e-01
4.467580058456722125e-01
4.404928847166756922e-01
4.343721373844103839e-01
4.283902666748828914e-01
4.225417754140989857e-01
4.168211664280654927e-01
4.112229425427884610e-01
4.057416065842739950e-01
4.003719666942453514e-01
3.951109602669705123e-01
3.899564314299506229e-01
3.849062276612024713e-01
3.799581964387426236e-01
3.751101852405878123e-01
3.703600415447547145e-01
3.657056128292602848e-01
3.611447465721207006e-01
3.566752902513529166e-01
3.522950913449736654e-01
3.480019973309994574e-01
3.437938556874471363e-01
3.396685138923333791e-01
3.356238194236748074e-01
3.316576197594882647e-01
3.277677623777900950e-01
3.239520947565971420e-01
3.202084643739262493e-01
3.165347187077938718e-01
3.129287052362168531e-01
3.093882714372119258e-01
3.059112647887956005e-01
3.024955327689845541e-01
2.991389228557957969e-01
2.958392825272455617e-01
2.925944592613507478e-01
2.894023005361281431e-01
2.862606538295942027e-01
2.831673666197658257e-01
2.801202863846595781e-01
2.771172606022921370e-01
2.741561367506801239e-01
2.712347623078405490e-01
2.683509847517897562e-01
2.655026515605444781e-01
2.626876396210702236e-01
2.599046718569685277e-01
2.571534238065071309e-01
2.544336218266174954e-01
2.517449922742308055e-01
2.490872615062781903e-01
2.464601558796911396e-01
2.438634017514004493e-01
2.412967254783376925e-01
2.387598534174340814e-01
2.362525119256206896e-01
2.337744273598288680e-01
2.313253260769899400e-01
2.289049344340349235e-01
2.265129787878952528e-01
2.241491854955021679e-01
2.218132809137867145e-01
2.195049913996802160e-01
2.172240433101139401e-01
2.149701630020191268e-01
2.127430768323269605e-01
2.105425111579687369e-01
2.083681923358757238e-01
2.062198467229790222e-01
2.040972006762100388e-01
2.019999805524998748e-01
1.999279127087798535e-01
1.978807235019811317e-01
1.958581392890349215e-01
1.938598864268725741e-01
1.918856912724252461e-01
1.899352801826242609e-01
1.880083795144008307e-01
1.861047156246861400e-01
1.842240148704113734e-01
1.823660036085079095e-01
1.805304081950662720e-01
1.787169535371302409e-01
1.769253601197961767e-01
1.751553475876458654e-01
1.734066355852611485e-01
1.716789437572239230e-01
1.699719917481158915e-01
1.682854992025188678e-01
1.666191857650147490e-01
1.649727710801854041e-01
1.633459747926126193e-01
1.617385165468780694e-01
1.601501159875637903e-01
1.585804927592515401e-01
1.570293665065231603e-01
1.554964568739603537e-01
1.539814835061451004e-01
1.524841660476591587e-01
1.510042241430843146e-01
1.495413774370024096e-01
1.480953455739953406e-01
1.466658481986448659e-01
1.452526049555328547e-01
1.438553354892411207e-01
1.424737594443514499e-01
1.411075964654456560e-01
1.397565661971056084e-01
1.384203882839131761e-01
1.370987823704500619e-01
1.357914681012981351e-01
1.344981651210393203e-01
1.332185930742553204e-01
1.319524716055280877e-01
1.306995203594392418e-01
1.294594589805707907e-01
1.282320071135044370e-01
1.270168844028221333e-01
1.258138219551079851e-01
1.246226585794727448e-01
1.234432920964300406e-01
1.222756209309349973e-01
1.211195435079429339e-01
1.199749582524088504e-01
1.188417635892880519e-01
1.177198579435356773e-01
1.166091397401069485e-01
1.155095074039570041e-01
1.144208593600410107e-01
1.133430940333142040e-01
1.122761098487317782e-01
1.112198052312488306e-01
1.101740786058206106e-01
1.091388283974022710e-01
1.081139530309489782e-01
1.070993509314159542e-01
1.060949205237583653e-01
1.051005602329314059e-01
1.041161684838902562e-01
1.031416437015900966e-01
1.021768843109860658e-01
1.012217887370333719e-01
1.002762554046871812e-01
9.934018273890274364e-02
9.841346916463517003e-02
9.749601310683965461e-02
9.658771299047140546e-02
9.568846724048560293e-02
9.479817428183742734e-02
9.391673253948203126e-02
9.304404043837460891e-02
9.217999640347032675e-02
9.132449885972439285e-02
9.047744623209200143e-02
8.963873694552830507e-02
8.880826942498849796e-02
8.798594209542773270e-02
8.717165338180130063e-02
8.636530170906425719e-02
8.556678550217178270e-02
8.477600318607914076e-02
8.399285318574147008e-02
8.321723392611396486e-02
8.244904383215179156e-02
8.168818132881013050e-02
8.093454484104418978e-02
8.018803279380916360e-02
7.944854361206014903e-02
7.871597572075243743e-02
7.799022754484109810e-02
7.727119750928140851e-02
7.655878403902850737e-02
7.585288555903757501e-02
7.515340049426380564e-02
7.446022726966240735e-02
7.377326431018847719e-02
7.309241004079727877e-02
7.241756288644396466e-02
7.174862127208370133e-02
7.108548362267169685e-02
7.042804836316311767e-02
6.977621391851318577e-02
6.912987871367697046e-02
6.848894117360981859e-02
6.785329972326674397e-02
6.722285278760306571e-02
6.659749879157385311e-02
6.597713616013441140e-02
6.536166331823983766e-02
6.475097869084525670e-02
6.414498070290601539e-02
