1.783513496636958406e-01
1.668696452734204361e-01
1.560067067078245717e-01
1.457481938848653180e-01
1.360797667225000784e-01
1.269870851386857569e-01
1.184558090513797846e-01
1.104715983785392180e-01
1.030201130381213775e-01
9.608701294808329185e-02
8.965795802638235057e-02
8.371860819097559636e-02
7.825462335982028006e-02
7.325166345087362474e-02
6.869538838209274245e-02
6.457145807143496730e-02
6.086553243685735581e-02
5.756327139631720741e-02
5.465033486777163413e-02
5.211238276917787987e-02
4.993507501849313995e-02
4.810407153367458888e-02
4.660503223267943584e-02
4.542361703346488311e-02
4.454548585398811211e-02
4.395629861220632512e-02
4.364171522607671744e-02
4.358739561355648440e-02
4.377899969260282825e-02
4.420218738117293045e-02
4.484261859722400018e-02
4.568595325871322582e-02
4.671785128359781658e-02
4.792397258983493308e-02
4.928997709538181921e-02
5.080152471819563559e-02
5.244427537623357755e-02
5.420388898745286815e-02
5.606602546981070273e-02
5.801634474126422802e-02
6.004050671977068793e-02
6.212417132328727082e-02
6.425299846977114426e-02
6.641264807717954521e-02
6.858878006346966205e-02
7.076705434659862071e-02
7.293313084452372752e-02
7.507266947520209455e-02
7.717133015659097262e-02
7.921477280664754317e-02
8.118865734332894601e-02
8.307864368459245974e-02
8.487039174839522415e-02
8.654956145269444845e-02
8.810181271544734183e-02
8.951280545461114124e-02
9.076819958814291711e-02
9.185365503399994802e-02
9.275710532687671261e-02
9.348051516401718886e-02
9.403119645239939317e-02
9.441647162500464707e-02
9.464366311481429983e-02
9.472009335480971459e-02
9.465308477797225450e-02
9.444995981728326884e-02
9.411804090572416237e-02
9.366465047627618723e-02
9.309711096192078983e-02
9.242274479563929168e-02
9.164887441041304206e-02
9.078282223922336247e-02
8.983191071505169933e-02
8.880346227087933253e-02
8.770479933968762520e-02
8.654324435445794050e-02
8.532611974817164158e-02
8.406074795381010545e-02
8.275445140435463975e-02
8.141455253278663540e-02
8.004837377208742777e-02
7.866323755523838002e-02
7.726646631522082753e-02
7.586538248501614734e-02
7.446730849760570259e-02
7.307956678597084255e-02
7.170944930822227559e-02
7.036159289936730343e-02
6.903595650177191123e-02
6.773202288794850923e-02
6.644927483040949379e-02
6.518719510166727515e-02
6.394526647423429133e-02
6.272297172062292481e-02
6.151979361334558583e-02
6.033521492491471239e-02
5.916871842784270086e-02
5.801978689464194067e-02
5.688790309782486287e-02
5.577254980990386385e-02
5.467320980339143710e-02
5.358936585079984716e-02
5.252050072464161529e-02
5.146609719742911704e-02
5.042563804167479735e-02
4.939860602989099014e-02
4.838448393459017505e-02
4.738275452828473455e-02
4.639290058348709278e-02
4.541440487270964610e-02
4.444675016846484639e-02
4.348941924326503450e-02
4.254189486962266231e-02
4.160365982005016089e-02
4.067419686705989190e-02
3.975303923939357831e-02
3.884021584778924591e-02
3.793603694691942418e-02
3.704081602065520396e-02
3.615486655286775236e-02
3.527850202742825736e-02
3.441203592820783058e-02
3.355578173907765305e-02
3.271005294390885026e-02
3.187516302657256856e-02
3.105142547094000283e-02
3.023915376088228552e-02
2.943866138027054560e-02
2.865026181297595023e-02
2.787426854286963879e-02
2.711099505382278882e-02
2.636075482970656053e-02
2.562386135439206208e-02
2.490062811175046756e-02
2.419136858565293022e-02
2.349639625997061373e-02
2.281602461857464015e-02
2.215056714533618354e-02
2.150033732412638329e-02
2.086564863881639961e-02
2.024681457327739964e-02
1.964414861138049848e-02
1.905796423699687020e-02
1.848857460574795941e-02
1.793612612240498214e-02
1.740032763488209844e-02
1.688081708915717752e-02
1.637723243120808164e-02
1.588921160701267654e-02
1.541639256254880713e-02
1.495841324379433568e-02
1.451491159672711230e-02
1.408552556732501834e-02
1.366989310156590740e-02
1.326765214542761397e-02
1.287844064488802634e-02
1.250189654592498770e-02
1.213765779451637591e-02
1.178536233664002203e-02
1.144464811827379871e-02
1.111515308539556476e-02
1.079651518398317897e-02
1.048837236001451054e-02
1.019036255946739918e-02
9.902123728319712354e-03
9.623293812549312334e-03
9.353510758134059647e-03
9.092412511051804411e-03
8.839637017280410625e-03
8.594822222797735348e-03
8.357606073581647782e-03
8.127626515609989374e-03
7.904528324782054624e-03
7.688070998333581575e-03
7.478109225530175409e-03
7.274500577010560576e-03
7.077102623413433768e-03
6.885772935377515100e-03
6.700369083541512540e-03
6.520748638544148802e-03
6.346769171024122316e-03
6.178288251620151460e-03
6.015163450970952008e-03
5.857252339715231931e-03
5.704412488491707872e-03
5.556501467939082596e-03
5.413376848696077950e-03
5.274896201401401905e-03
5.140917096693767632e-03
5.011297105211887440e-03
4.885893797594472766e-03
4.764564744480235918e-03
4.647167516507893538e-03
4.533559684316149259e-03
4.423598818543722326e-03
4.317142489829322444e-03
4.214048268811661051e-03
4.114173726129452188e-03
4.017376432421406428e-03
3.923513958326241280e-03
3.832443874482662546e-03
3.744036864821010877e-03
3.658216066438147243e-03
3.574917729722554456e-03
3.494078105062720097e-03
3.415633442847128710e-03
3.339519993464265275e-03
3.265674007302616505e-03
3.194031734750669548e-03
3.124529426196905480e-03
3.057103332029811882e-03
2.991689702637874166e-03
2.928224788409579046e-03
2.866644839733409767e-03
2.806886106997854343e-03
2.748884840591396452e-03
2.692577290902523242e-03
2.637899708319721426e-03
2.584788343231472080e-03
2.533179446026263219e-03
2.483009267092581556e-03
2.434214056818909903e-03
2.386730065593735840e-03
2.340493543805545647e-03
2.295440741842822568e-03
2.251507910094053318e-03
2.208631298947724610e-03
2.166747158792319689e-03
2.125791740016324833e-03
2.085701949750336237e-03
2.046436391938377588e-03
2.007979818589979669e-03
1.970318538436716203e-03
1.933438860210158310e-03
1.897327092641879496e-03
1.861969544463448496e-03
1.827352524406438382e-03
1.793462341202422226e-03
1.760285303582970716e-03
1.727807720279656923e-03
1.696015900024051100e-03
1.664896151547727186e-03
1.634434783582255218e-03
1.604618104859209570e-03
1.575432424110160060e-03
1.546864050066678025e-03
1.518899291460336755e-03
1.491524457022708238e-03
1.464725855485363593e-03
1.438489795579875243e-03
1.412802586037814742e-03
1.387650535590754294e-03
1.363019952970267405e-03
1.338897146907922810e-03
1.315268426135293798e-03
1.292120099383953008e-03
1.269438475385471343e-03
1.247209862871421224e-03
1.225421225595241465e-03
1.204063569644393296e-03
1.183129441620728479e-03
1.162611391158608135e-03
1.142501967892391428e-03
1.122793721456439697e-03
1.103479201485114058e-03
1.084550957612773897e-03
1.066001539473781200e-03
1.047823496702495567e-03
1.030009378933277467e-03
1.012551735800488236e-03
9.954431169384887756e-04
9.786760719816382532e-04
9.622431505642978960e-04
9.461369023208283891e-04
9.303498768855902011e-04
9.148746238929441254e-04
8.997036929772506304e-04
8.848296337728700760e-04
8.702449959141632559e-04
8.559423290354912887e-04
8.419141827712134504e-04
8.281531067556912934e-04
8.146516506232850691e-04
8.014023640083552461e-04
7.883977965452626177e-04
7.756304978683677609e-04
7.630930330678163415e-04
7.507793138190461913e-04
7.386856242605297634e-04
7.268084900273879276e-04
7.151444367547387347e-04
7.036899900777021872e-04
6.924416756313970947e-04
6.813960190509427009e-04
6.705495459714583576e-04
6.598987820280627662e-04
6.494402528558763628e-04
6.391704840900166561e-04
6.290860013656036486e-04
6.191833303177563669e-04
6.094589965815942713e-04
5.999095257922360631e-04
5.905314435848015280e-04
5.813212755944093674e-04
5.722755474561791499e-04
5.633907848052300106e-04
5.546635132766806510e-04
5.460902585056506397e-04
5.376675461272590033e-04
5.293919017766249855e-04
5.212598510888678295e-04
5.132679196991068874e-04
5.054126332424608604e-04
4.976905173540492090e-04
4.900980976689915019e-04
4.826319991365595331e-04
4.752898223682675547e-04
4.680697217513479173e-04
4.609698580291389340e-04
4.539883919449790809e-04
4.471234842422064544e-04
4.403732956641595846e-04
4.337359869541764596e-04
4.272097188555957180e-04
4.207926521117553477e-04
4.144829474659936621e-04
4.082787656616490828e-04
4.021782674420597606e-04
3.961796135505642798e-04
3.902809647305005201e-04
3.844804817252070656e-04
3.787763252780222299e-04
3.731666561322842177e-04
3.676496350313311796e-04
3.622234227185015918e-04
3.568861799371335504e-04
3.516360674305655317e-04
3.464712459421358487e-04
3.413898762151825438e-04
3.363901189930442012e-04
3.314701350190592428e-04
3.266280850365654940e-04
3.218621297889014848e-04
3.171704304558853739e-04
3.125513699492295044e-04
3.080039130086262744e-04
3.035271186534708337e-04
2.991200459031585486e-04
2.947817537770846771e-04
2.905113012946447483e-04
2.863077474752336407e-04
2.821701513382468291e-04
2.780975719030795716e-04
2.740890681891271262e-04
2.701436992157848593e-04
2.662605240024480289e-04
2.624386015685118930e-04
2.586769909333716554e-04
2.549747511164229537e-04
2.513309411370606662e-04
2.477446200146801053e-04
2.442148467686767457e-04
2.407406804184458184e-04
2.373211799833825273e-04
2.339554044828822386e-04
2.306424129363401833e-04
2.273812643631517008e-04
2.241710177827121574e-04
2.210107322144166486e-04
2.178994666776604323e-04
2.148362801918389834e-04
2.118202317763474515e-04
2.088503804505811487e-04
2.059257852339354687e-04
2.030455051458054797e-04
2.002085992055866023e-04
1.974141264326742843e-04
1.946611458464634855e-04
1.919487164663496266e-04
1.892758973117280468e-04
1.866417474019938958e-04
1.840453257565425401e-04
1.814856913947693459e-04
1.789619033360695171e-04
1.764730205998384202e-04
1.740181022054711505e-04
1.715962071723631016e-04
1.692063945199095314e-04
1.668477232675057522e-04
1.645192524345470762e-04
1.622200410404287072e-04
1.599491481045460658e-04
1.577056326462941932e-04
1.554885536850686726e-04
1.532969702402644911e-04
1.511299413312772589e-04
1.489865259775019089e-04
1.468657831983340243e-04
1.447667720131688089e-04
1.426885514414013038e-04
1.406301805024271737e-04
