1.783513496636958406e-01
1.280364017540558397e-01
8.293516673784244453e-02
4.293341480266307103e-02
7.916916136125355316e-03
-2.222855907416330240e-02
-4.761724064059532496e-02
-6.836335837556313522e-02
-8.458114209145943529e-02
-9.638482160067636528e-02
-1.038886267156067661e-01
-1.072067872486429235e-01
-1.064535330121772760e-01
-1.017430938186024564e-01
-9.318969948031084749e-02
-8.090757980969504048e-02
-6.501096461914732116e-02
-4.561408372106038472e-02
-2.283116692782661411e-02
3.223555948161701840e-03
3.243585509451153009e-02
6.469150069883096432e-02
9.987626294872729849e-02
1.378759120318076847e-01
1.785762181356804201e-01
2.218629514479523446e-01
2.676218821562313388e-01
3.157387804481249782e-01
3.660994165112404497e-01
4.185895605331853009e-01
4.730949827015672460e-01
5.295014532039937771e-01
5.876947422280724975e-01
6.475606199614104552e-01
7.089848565916158085e-01
7.718532223062957165e-01
8.360514872930575603e-01
9.014654217395090541e-01
9.679807958332582452e-01
1.035483379761911404e+00
1.103858943713076801e+00
1.172993257874362261e+00
1.242772092433374720e+00
1.313081217577721782e+00
1.383806403495011716e+00
1.454833420372850572e+00
1.526048038398847062e+00
1.597336027760608568e+00
1.668583158645742470e+00
1.739675201241856373e+00
1.810497925736556324e+00
1.880937102317453258e+00
1.950878501172150781e+00
2.020207892488258494e+00
2.088811046453384446e+00
2.156573733255134684e+00
2.223381723081117922e+00
2.289120786118939765e+00
2.353684990268755772e+00
2.417019611073406793e+00
2.479089439066354483e+00
2.539859303196392748e+00
2.599294032412316824e+00
2.657358455662919727e+00
2.714017401896998471e+00
2.769235700063346517e+00
2.822978179110757324e+00
2.875209667988029238e+00
2.925894995643953500e+00
2.974998991027327122e+00
3.022486483086942233e+00
3.068322300771595845e+00
3.112471273030081864e+00
3.154898228811195526e+00
3.195567997063730736e+00
3.234445406736482287e+00
3.271495286778245859e+00
3.306682466137814469e+00
3.339971773763985130e+00
3.371328038605550415e+00
3.400716089611306003e+00
3.428100755730047133e+00
3.453446865910566821e+00
3.476719249101661191e+00
3.497882734252125037e+00
3.516902150310752706e+00
3.533742634690657969e+00
3.548396199758800940e+00
3.560902207155196564e+00
3.571304838274855786e+00
3.579648274512786887e+00
3.585976697263999924e+00
3.590334287923504952e+00
3.592765227886315138e+00
3.593313698547434321e+00
3.592023881301876553e+00
3.588939957544652337e+00
3.584106108670766844e+00
3.577566516075234127e+00
3.569365361153061134e+00
3.559546825299261474e+00
3.548155089908840321e+00
3.535234336376811726e+00
3.520828746098183082e+00
3.504982500467964890e+00
3.487739780881165430e+00
3.469144768732797868e+00
3.449241645417869151e+00
3.428074592331390225e+00
3.405687790868370257e+00
3.382125422423821526e+00
3.357431668392750534e+00
3.331650710170168228e+00
3.304826729151085107e+00
3.277003906730510785e+00
3.248226475048755724e+00
3.218539164767962202e+00
3.187986989506073510e+00
3.156614966128726163e+00
3.124468111501560230e+00
3.091591442490216668e+00
3.058029975960332880e+00
3.023828728777549379e+00
2.989032717807505346e+00
2.953686959915838184e+00
2.917836471968190182e+00
2.881526270830200520e+00
2.844801373367506603e+00
2.807706796445748498e+00
2.770287556930564943e+00
2.732588671687596893e+00
2.694655157582484417e+00
2.656532031480864031e+00
2.618264310248376248e+00
2.579897010750661135e+00
2.541475149853358761e+00
2.503043744422105199e+00
2.464647811322543181e+00
2.426332367420310998e+00
2.388142429581046500e+00
2.350123014670392418e+00
2.312319139553984826e+00
2.274775821097464235e+00
2.237538058138957897e+00
2.200641691540209610e+00
2.164098531488707344e+00
2.127916494229229016e+00
2.092103496006552099e+00
2.056667453065452289e+00
2.021616281650705282e+00
1.986957898007088330e+00
1.952700218379377128e+00
1.918851159012349150e+00
1.885418636150780536e+00
1.852410566039446538e+00
1.819834864923125295e+00
1.787699449046592282e+00
1.756012234654625415e+00
1.724781137991998836e+00
1.694014075303490019e+00
1.663718962833875548e+00
1.633903716827931785e+00
1.604576253530435759e+00
1.575744489186162944e+00
1.547416340039890148e+00
1.519599722336393732e+00
1.492302552320450504e+00
1.465532746236836381e+00
1.439298220330328171e+00
1.413606890845702013e+00
1.388466674027735381e+00
1.363885486121203305e+00
1.339870676930023929e+00
1.316420081821824128e+00
1.293523641394765500e+00
1.271171057279773642e+00
1.249352031107773264e+00
1.228056264509690410e+00
1.207273459116449787e+00
1.186993316558977885e+00
1.167205538468198078e+00
1.147899826475037077e+00
1.129065882210420257e+00
1.110693407305272107e+00
1.092772103390519112e+00
1.075291672097085094e+00
1.058241815055896318e+00
1.041612233897878381e+00
1.025392630253955772e+00
1.009572705755054312e+00
9.941421620320992636e-01
9.790907007160156716e-01
9.644080234377293559e-01
9.500838318281651373e-01
9.361078275182485031e-01
9.224697121389049403e-01
9.091591873210594921e-01
8.961659546956377564e-01
8.834797158935645545e-01
8.710901725457662614e-01
8.589870262831670322e-01
8.471606211513644791e-01
8.356038708546448257e-01
8.243103315119653107e-01
8.132735592422841719e-01
8.024871101645586480e-01
7.919445403977471987e-01
7.816394060608070626e-01
7.715652632726963667e-01
7.617156681523725714e-01
7.520841768187933596e-01
7.426643453909167469e-01
7.334497299877006382e-01
7.244338867281022720e-01
7.156103717310801082e-01
7.069727411155913854e-01
6.985145510005942304e-01
6.902293575050465479e-01
6.821107167479054656e-01
6.741521848481291102e-01
6.663473179246756084e-01
6.586896720965017549e-01
6.511728034825663425e-01
6.437902682018267209e-01
6.365356223732407948e-01
6.294024221157661358e-01
6.223842235483607599e-01
6.154745827899822386e-01
6.086670559595882546e-01
6.019552663286187322e-01
5.953350556875457444e-01
5.888049394904735223e-01
5.823635923677600301e-01
5.760096889497628991e-01
5.697419038668403157e-01
5.635589117493492450e-01
5.574593872276477624e-01
5.514420049320940542e-01
5.455054394930453077e-01
5.396483655408598201e-01
5.338694577058948898e-01
5.281673906185085920e-01
5.225408389090585581e-01
5.169884772079029744e-01
5.115089801453990281e-01
5.061010223519045725e-01
5.007632784577775720e-01
4.954944230933756022e-01
4.902931308890567941e-01
4.851580764751783903e-01
4.800879344820986327e-01
4.750813795401750417e-01
4.701370862797657479e-01
4.652537293312279942e-01
4.604299833249196894e-01
4.556645228911989087e-01
4.509560226604228950e-01
4.463031572629499455e-01
4.417046790639223564e-01
4.371598201528729133e-01
4.326679954400319272e-01
4.282286201955131655e-01
4.238411096894298957e-01
4.195048791918958853e-01
4.152193439730249014e-01
4.109839193029303783e-01
4.067980204517260279e-01
4.026610626895255063e-01
3.985724612864422478e-01
3.945316315125900752e-01
3.905379886380827559e-01
3.865909479330334464e-01
3.826899246675559141e-01
3.788343341117640373e-01
3.750235915357711391e-01
3.712571122096910980e-01
3.675343114036373482e-01
3.638546043877235459e-01
3.602174064320632918e-01
3.566221328067704088e-01
3.530681987819582757e-01
3.495550196277404931e-01
3.460820106142307728e-01
3.426485870115426602e-01
3.392541640897899224e-01
3.358981571190861048e-01
3.325799817318973450e-01
3.292990851306654143e-01
3.260549701389634514e-01
3.228471452421260435e-01
3.196751189254868342e-01
3.165383996743802442e-01
3.134364959741400281e-01
3.103689163101002735e-01
3.073351691675951236e-01
3.043347630319584995e-01
3.013672063885247665e-01
2.984320077226274570e-01
2.955286755196008253e-01
2.926567182647790699e-01
2.898156444434960011e-01
2.870049625410858174e-01
2.842241810428825510e-01
2.814728084342200676e-01
2.787503532004327322e-01
2.760563238268542996e-01
2.733902287988189128e-01
2.707515766016606595e-01
2.681398757207133499e-01
2.655546346413112935e-01
2.629953618487883005e-01
2.604615658284787361e-01
2.579527550657162993e-01
2.554684380458351889e-01
2.530081232541696035e-01
2.505713360340203200e-01
2.481577673413563334e-01
2.457672021321705147e-01
2.433994264413657793e-01
2.410542263038449040e-01
2.387313877545106655e-01
2.364306968282659516e-01
2.341519395600135112e-01
2.318949019846562598e-01
2.296593701370968910e-01
2.274451300522381536e-01
2.252519677649829910e-01
2.230796693102341799e-01
2.209280207228946635e-01
2.187968080378669689e-01
2.166858172900541779e-01
2.145948345143589842e-01
2.125236457456842198e-01
2.104720370189326617e-01
2.084397943690071975e-01
2.064267038308105207e-01
2.044325514392455467e-01
2.024571232292151080e-01
2.005002052356218978e-01
1.985615834933688040e-01
1.966410440373588253e-01
1.947383729024944055e-01
1.928533561236786265e-01
1.909857797580222782e-01
1.891354411444287620e-01
1.873021672254008563e-01
1.854857897404239009e-01
1.836861404289832078e-01
1.819030510305641724e-01
1.801363532846522175e-01
1.783858789307325721e-01
1.766514597082906035e-01
1.749329273568117071e-01
1.732301136157811672e-01
1.715428502246844067e-01
1.698709689230067932e-01
1.682143014502335276e-01
1.665726795458501164e-01
1.649459349493419269e-01
1.633338994001941602e-01
1.617364046378922116e-01
1.601532824019214762e-01
1.585843644317673218e-01
1.570294824669150324e-01
1.554884682468499757e-01
1.539611535110574914e-01
1.524473699990230025e-01
1.509469494502318765e-01
1.494597236041692867e-01
1.479855242003207116e-01
1.465241829781714356e-01
1.450755316772068815e-01
1.436394020369123614e-01
1.422156257967732707e-01
1.408040346962748934e-01
1.394044604749025418e-01
1.380167348721417220e-01
1.366406896274776905e-01
1.352761564803957040e-01
1.339229671703812685e-01
1.325809534369196407e-01
1.312499470194961881e-01
1.299297796575962782e-01
1.286202830907052508e-01
1.273212890583085566e-01
1.260326292998912856e-01
1.247541355549390274e-01
1.234856395629370107e-01
1.222269730633706586e-01
1.209779677957252692e-01
1.197384554994861683e-01
1.185082679141388484e-01
1.172872367791684273e-01
1.160751938340605083e-01
1.148719708183001675e-01
1.136773994713730362e-01
1.124913115327642182e-01
1.113135387419592753e-01
1.101439128384434502e-01
1.089822655617020131e-01
1.078284286512204843e-01
