1.783513496636958406e-01
1.513731564676134012e-01
1.262863279341196188e-01
1.030589461083898511e-01
8.165909303559977517e-02
6.205485076092487340e-02
4.421430132954091291e-02
2.810552678662323750e-02
1.369660917734760383e-02
9.556305468894941502e-04
-1.014932705957551605e-02
-1.965018159687181160e-02
-2.757885101982381418e-02
-3.396725328325601173e-02
-3.884730634199273780e-02
-4.225092815085847858e-02
-4.421003666467767518e-02
-4.475654983827466460e-02
-4.392238562647396427e-02
-4.173946198409991815e-02
-3.823969686597701589e-02
-3.345500822692963616e-02
-2.741731402178232413e-02
-2.015853220535928497e-02
-1.171058073248508469e-02
-2.105377557984166106e-03
8.625159363319078246e-03
2.044911207660034605e-02
3.333456262703500539e-02
4.724959305979872098e-02
6.216228542006707602e-02
7.804072175301565717e-02
9.485298410382005108e-02
1.125671545176557542e-01
1.311513150396985128e-01
1.505735477151236845e-01
1.708019345891069185e-01
1.918045577068238361e-01
2.135494991134501142e-01
2.360048408541611797e-01
2.591386649741325710e-01
2.829190535185400757e-01
3.073140885325589822e-01
3.322918520613651894e-01
3.578204261501338190e-01
3.838678928440409366e-01
4.104023341882619413e-01
4.373918322279721216e-01
4.648044690083474872e-01
4.926083265745635487e-01
5.207714869717954276e-01
5.492620322452194115e-01
5.780480444400102336e-01
6.070976056013444033e-01
6.363787977743969870e-01
6.658597030043433840e-01
6.955084033363594376e-01
7.252929808156207692e-01
7.551815174873030001e-01
7.851420953965810856e-01
8.151427965886316462e-01
8.451517031086291931e-01
8.751368970017500137e-01
9.050664603131696184e-01
9.349084750880634065e-01
9.646310233716068883e-01
9.942021872089756851e-01
1.023590048645345529e+00
1.052762689725891931e+00
1.081688192495790624e+00
1.110334639000216228e+00
1.138670111284345587e+00
1.166662691393353546e+00
1.194280517593076185e+00
1.221497216951536791e+00
1.248296434225429019e+00
1.274662880281734578e+00
1.300581265987434509e+00
1.326036302209511186e+00
1.351012699814945206e+00
1.375495169670719831e+00
1.399468422643814991e+00
1.422917169601213505e+00
1.445826121409896192e+00
1.468179988936845648e+00
1.489963483049042914e+00
1.511161314613469919e+00
1.531758194497107706e+00
1.551738833566938203e+00
1.571087942689943562e+00
1.589790232733104824e+00
1.607830414563404364e+00
1.625193199047822779e+00
1.641863297053342219e+00
1.657825419446944615e+00
1.673064277095611452e+00
1.687564580866323549e+00
1.701311041626064391e+00
1.714288370241813908e+00
1.726481277580554252e+00
1.737874474509267353e+00
1.748452671894934252e+00
1.758200580604537544e+00
1.767102911505058271e+00
1.775144375463477697e+00
1.782309683346778639e+00
1.788583546021941473e+00
1.793950674355948349e+00
1.798395779215781642e+00
1.801903571468421505e+00
1.804463423267052447e+00
1.806089229791568718e+00
1.806802922279275636e+00
1.806626436628764321e+00
1.805581708738629443e+00
1.803690674507461011e+00
1.800975269833852588e+00
1.797457430616395291e+00
1.793159092753681794e+00
1.788102192144304325e+00
1.782308664686855781e+00
1.775800446279926614e+00
1.768599472822111052e+00
1.760727680212000656e+00
1.752207004348186103e+00
1.743059381129261620e+00
1.733306746453818770e+00
1.722971036220449337e+00
1.712074186327745773e+00
1.700638132674300085e+00
1.688684811158704946e+00
1.676236157679552363e+00
1.663314108135433900e+00
1.649940598424943339e+00
1.636137564446670689e+00
1.621926942099210178e+00
1.607330667281153147e+00
1.592370675891091381e+00
1.577068903827617996e+00
1.561447286989323890e+00
1.545527761274803513e+00
1.529332262582646651e+00
1.512882726811446865e+00
1.496201089859795497e+00
1.479309287626285885e+00
1.462229256009509148e+00
1.444982668007722904e+00
1.427586268455026008e+00
1.410052425381788099e+00
1.392393354676978001e+00
1.374621272229566982e+00
1.356748393928525420e+00
1.338786935662823030e+00
1.320749113321431301e+00
1.302647142793319723e+00
1.284493239967459122e+00
1.266299620732820319e+00
1.248078500978373473e+00
1.229842096593088074e+00
1.211602623465936057e+00
1.193372297485886246e+00
1.175163334541910132e+00
1.156987950522978537e+00
1.138858361318060508e+00
1.120786782816127092e+00
1.102785430906148889e+00
1.084866521477096724e+00
1.067042270417939642e+00
1.049324893617649135e+00
1.031726606965195359e+00
1.014259626349548915e+00
9.969361676596795174e-01
9.797684467845586553e-01
9.627686796131560421e-01
9.459490820344417239e-01
9.293218699373870795e-01
9.128992592109620441e-01
8.966934657441367751e-01
8.807167054258816519e-01
8.649811941451682751e-01
8.494991477909654698e-01
8.342827822522443926e-01
8.193442976784462983e-01
8.046916347089880794e-01
7.903227315126313268e-01
7.762340919935616368e-01
7.624222200559646057e-01
7.488836196040256077e-01
7.356147945419305723e-01
7.226122487738640965e-01
7.098724862040125538e-01
6.973920107365604304e-01
6.851673262756944327e-01
6.731949367255990468e-01
6.614713459904603132e-01
6.499930579744634951e-01
6.387565765817938557e-01
6.277584057166375464e-01
6.169950492831793865e-01
6.064630111856058603e-01
5.961587953281010099e-01
5.860789056148513199e-01
5.762198459500417203e-01
5.665781202378583625e-01
5.571502323824860659e-01
5.479326862881106486e-01
5.389219858589175960e-01
5.301146349990925044e-01
5.215071376128206371e-01
5.130959976042877013e-01
5.048777188776786273e-01
4.968488053371794000e-01
4.890057608869756156e-01
4.813450894312524264e-01
4.738632948741954842e-01
4.665568811199901078e-01
4.594223520728221155e-01
4.524562116368771036e-01
4.456549637163397803e-01
4.390151254263603420e-01
4.325333060145189479e-01
4.262061539626034734e-01
4.200303178973778806e-01
4.140024464456064646e-01
4.081191882340534094e-01
4.023771918894827881e-01
3.967731060386591735e-01
3.913035793083459724e-01
3.859652603253078684e-01
3.807547977163088793e-01
3.756688401081131889e-01
3.707040361274850371e-01
3.658570344011883302e-01
3.611244835559875299e-01
3.565030322186468204e-01
3.519893290159299415e-01
3.475800225746014105e-01
3.432717615214252449e-01
3.390611944831656288e-01
3.349449700865868018e-01
3.309197369584528925e-01
3.269821437255279739e-01
3.231288390145763412e-01
3.193564714523622339e-01
3.156616896656494475e-01
3.120411422812024438e-01
3.084914779257852957e-01
3.050093452261621318e-01
3.015913928090971918e-01
2.982342693013545487e-01
2.949346233296984421e-01
2.916891035208929450e-01
2.884943585017024636e-01
2.853470368988907935e-01
2.822437873392223406e-01
2.791813040141089552e-01
2.761575919187481687e-01
2.731721319784072288e-01
2.702244838540641680e-01
2.673142072066972963e-01
2.644408616972848125e-01
2.616040069868050266e-01
2.588032027362358600e-01
2.560380086065557892e-01
2.533079842587431241e-01
2.506126893537757305e-01
2.479516835526321961e-01
2.453245265162904698e-01
2.427307779057289450e-01
2.401699973819257650e-01
2.376417446058592675e-01
2.351455792385075128e-01
2.326810609408487274e-01
2.302477493738612213e-01
2.278452041985232213e-01
2.254729850758128429e-01
2.231306516667083961e-01
2.208177636321880799e-01
2.185338806332301209e-01
2.162785623308128014e-01
2.140513683859142646e-01
2.118518584595126819e-01
2.096795922125863632e-01
2.075341293061134240e-01
2.054150294010722577e-01
2.033218521584409244e-01
2.012541572391977063e-01
1.992115043043209410e-01
1.971934530147886611e-01
1.951995630315791486e-01
1.932293940156706302e-01
1.912825056507018173e-01
1.893584966870727748e-01
1.874570850922547549e-01
1.855780114942532921e-01
1.837210165210739210e-01
1.818858408007223981e-01
1.800722249612042025e-01
1.782799096305248410e-01
1.765086354366899868e-01
1.747581430077053133e-01
1.730281729715762717e-01
1.713184659563085355e-01
1.696287625899076112e-01
1.679588035003792001e-01
1.663083293157288922e-01
1.646770806639621387e-01
1.630647981730846408e-01
1.614712224711019883e-01
1.598960941860196605e-01
1.583391539458433861e-01
1.568001423785786996e-01
1.552788001122311912e-01
1.537748677748064230e-01
1.522880859943100962e-01
1.508181953987476343e-01
1.493649366161247105e-01
1.479280502744468873e-01
1.465072770017198101e-01
1.451023574259490134e-01
1.437130321751401152e-01
1.423390418772987054e-01
1.409801271604303741e-01
1.396360286525407668e-01
1.383064869816352793e-01
1.369912427757197237e-01
1.356900366627995513e-01
1.344026092708804354e-01
1.331287094844219587e-01
1.318681637695256481e-01
1.306208411001308356e-01
1.293866108855756814e-01
1.281653425351985121e-01
1.269569054583374323e-01
1.257611690643308244e-01
1.245780027625167791e-01
1.234072759622336229e-01
1.222488580728196134e-01
1.211026185036129382e-01
1.199684266639518132e-01
1.188461519631746344e-01
1.177356638106193953e-01
1.166368316156245200e-01
1.155495247875282100e-01
1.144736127356685840e-01
1.134089648693840241e-01
1.123554505980127044e-01
1.113129393308928683e-01
1.102813004773627731e-01
1.092604034467606761e-01
1.082501176484247374e-01
1.072503124916932143e-01
1.062608573859043781e-01
1.052816217403964721e-01
1.043124749645077121e-01
1.033532864675763135e-01
1.024039256589405616e-01
1.014642619479386720e-01
1.005341647439089020e-01
9.961350345618943947e-02
9.870214749411856947e-02
9.779996626703447993e-02
9.690682918427546977e-02
9.602260565517971302e-02
9.514716508908550863e-02
9.428037689533105836e-02
9.342211048325459177e-02
9.257223526219443555e-02
9.173062064148869432e-02
9.089713603047563928e-02
9.007165083849355547e-02
8.925403447488068631e-02
8.844415634897517808e-02
8.764188587011538523e-02
8.684709244763945402e-02
8.605964549088566951e-02
8.527941440919228899e-02
8.450626861189748651e-02
8.374007750833956099e-02
8.298071050785670033e-02
8.222803701978713409e-02
8.148192645346916119e-02
8.074224821824098342e-02
8.000887172344083031e-02
7.928166637840698694e-02
7.856050159247759956e-02
7.784524677499098100e-02
7.713577133528534691e-02
7.643194468269894071e-02
7.573363622656996419e-02
7.504071537623670241e-02
7.435305154103741265e-02
7.367051413031021345e-02
7.299297255339352863e-02
7.232029621962539345e-02
7.165235453834419010e-02
7.098901691888806487e-02
7.033015277059535830e-02
6.967563150280423057e-02
6.902532252485288344e-02
6.837909524607968526e-02
