1.783513496636958406e-01
1.986002747169626215e-01
2.176921703119640839e-01
2.356554102219300950e-01
2.525183682200904944e-01
2.683094180796754546e-01
2.830569335739144265e-01
2.967892884760376937e-01
3.095348565592749290e-01
3.213220115968560275e-01
3.321791273620111618e-01
3.421345776279696160e-01
3.512167361679618960e-01
3.594539767552175635e-01
3.668746731629667357e-01
3.735071991644388634e-01
3.793799285328643411e-01
3.845212350414727864e-01
3.889594924634940387e-01
3.927230745721581595e-01
3.958403551406949883e-01
3.983397079423343090e-01
4.002495067503062387e-01
4.015981253378404503e-01
4.024139374781668943e-01
4.027253169445154102e-01
4.025606375101160594e-01
4.019482729481986261e-01
4.009165970319928385e-01
3.994939835347287582e-01
3.977088062296363913e-01
3.955894388899454661e-01
3.931642552888858777e-01
3.904616291996872990e-01
3.875099343955800690e-01
3.843375446497939163e-01
3.809728337355584582e-01
3.774441754261039783e-01
3.737799434946601496e-01
3.700085117144568669e-01
3.661582538587240254e-01
3.622530900753592187e-01
3.582991260109299470e-01
3.542980136866717977e-01
3.502514051238201365e-01
3.461609523436101621e-01
3.420283073672772955e-01
3.378551222160569578e-01
3.336430489111843478e-01
3.293937394738948310e-01
3.251088459254239948e-01
3.207900202870070383e-01
3.164389145798792713e-01
3.120571808252760038e-01
3.076464710444327677e-01
3.032084372585847065e-01
2.987447314889673522e-01
2.942570057568159592e-01
2.897469120833658929e-01
2.852161024898525188e-01
2.806662289975111468e-01
2.760992364076236827e-01
2.715182406416568606e-01
2.669266504011242880e-01
2.623278743875394614e-01
2.577253213024155998e-01
2.531223998472663661e-01
2.485225187236049516e-01
2.439290866329449081e-01
2.393455122767996490e-01
2.347752043566825320e-01
2.302215715741070534e-01
2.256880226305865988e-01
2.211779662276345260e-01
2.166948110667644423e-01
2.122419658494895112e-01
2.078228392773233124e-01
2.034408400517793147e-01
1.990993768743707926e-01
1.948018584466112701e-01
1.905516934700141329e-01
1.863517971728414768e-01
1.822031108903501284e-01
1.781060824845454582e-01
1.740611598174329755e-01
1.700687907510181340e-01
1.661294231473063321e-01
1.622435048683031344e-01
1.584114837760139394e-01
1.546338077324442006e-01
1.509109245995993720e-01
1.472432822394849072e-01
1.436313285141063434e-01
1.400755112854689399e-01
1.365762784155783727e-01
1.331340777664399289e-01
1.297493572000591455e-01
1.264225645784415042e-01
1.231541477635923615e-01
1.199445546175172683e-01
1.167942330022217340e-01
1.137034981359693331e-01
1.106721346620571783e-01
1.076997945800405587e-01
1.047861298894748605e-01
1.019307925899152062e-01
9.913343468091698196e-02
9.639370816203556014e-02
9.371126503282616038e-02
9.108575729284416889e-02
8.851683694164477756e-02
8.600415597878335872e-02
8.354736640381518753e-02
8.114612021629562244e-02
7.880006941577984148e-02
7.650886600182328634e-02
7.427216197398114894e-02
7.208960933180888486e-02
6.996086007486163050e-02
6.788556620269473041e-02
6.586337971486354304e-02
6.389386486032616608e-02
6.197623488565226491e-02
6.010961528681415394e-02
5.829313155978427252e-02
5.652590920053505302e-02
5.480707370503898335e-02
5.313575056926837098e-02
5.151106528919569688e-02
4.993214336079337956e-02
4.839811028003384447e-02
4.690809154288954480e-02
4.546121264533282275e-02
4.405659908333614538e-02
4.269337635287193122e-02
4.137066994991263347e-02
4.008760537043060124e-02
3.884330811039830161e-02
3.763690366578814617e-02
3.646751753257257422e-02
3.533427520672401123e-02
3.423631661633098205e-02
3.317283941794661045e-02
3.214305570024015429e-02
3.114617755188089226e-02
3.018141706153800938e-02
2.924798631788080860e-02
2.834509740957853741e-02
2.747196242530045365e-02
2.662779345371577011e-02
2.581180258349376547e-02
2.502320190330370106e-02
2.426120350181479660e-02
2.352501946769634464e-02
2.281386188961756142e-02
2.212694285624771870e-02
2.146347445625605352e-02
2.082266877831184110e-02
2.020373791108430114e-02
1.960589394324270887e-02
1.902834896345629787e-02
1.847036049467082330e-02
1.793136779693798796e-02
1.741085556458594336e-02
1.690830849194290691e-02
1.642321127333704056e-02
1.595504860309654438e-02
1.550330517554958723e-02
1.506746568502435879e-02
1.464701482584904006e-02
1.424143729235183287e-02
1.385021777886089565e-02
1.347284097970441810e-02
1.310879158921058989e-02
1.275755430170759548e-02
1.241861381152362283e-02
1.209145481298683905e-02
1.177556200042544077e-02
1.147042006816760898e-02
1.117551371054153683e-02
1.089032762187538972e-02
1.061438965232236811e-02
1.034740027533570354e-02
1.008910312019362793e-02
9.839241816174387062e-03
9.597559992556205927e-03
9.363801278617326848e-03
9.137709303635985214e-03
8.919027696890426821e-03
8.707500087658873178e-03
8.502870105219570082e-03
8.304881378850751186e-03
8.113277537830658817e-03
7.927802211437523158e-03
7.748199028949583067e-03
7.574211619645074799e-03
7.405583612802238945e-03
7.242058637699306557e-03
7.083380323614518227e-03
6.929292299826118016e-03
6.779538195612327435e-03
6.633886819095735979e-03
6.492207693776306208e-03
6.354395521998344384e-03
6.220345006106159369e-03
6.089950848444060025e-03
5.963107751356355214e-03
5.839710417187348596e-03
5.719653548281355103e-03
5.602831846982673190e-03
5.489140015635614323e-03
5.378472756584488229e-03
5.270724772173602038e-03
5.165790764747261142e-03
5.063565436649774404e-03
4.963943490225454155e-03
4.866819627818600585e-03
4.772088551773532097e-03
4.679644964434543676e-03
4.589383568145951990e-03
4.501199065252060698e-03
4.414996631351563068e-03
4.330723335060699536e-03
4.248336718250086269e-03
4.167794322790346374e-03
4.089053690552102958e-03
4.012072363405978261e-03
3.936807883222590183e-03
3.863217791872561400e-03
3.791259631226513716e-03
3.720890943155067635e-03
3.652069269528845832e-03
3.584752152218470544e-03
3.518897133094561411e-03
3.454461754027743272e-03
3.391403556888633163e-03
3.329680083547853758e-03
3.269248875876027728e-03
3.210067475743774712e-03
3.152093425021717816e-03
3.095284265580478845e-03
3.039601048393466166e-03
2.985018860845243486e-03
2.931516299423163243e-03
2.879071960614573971e-03
2.827664440906827673e-03
2.777272336787275919e-03
2.727874244743271146e-03
2.679448761262162755e-03
2.631974482831303183e-03
2.585430005938043133e-03
2.539793927069735040e-03
2.495044842713729609e-03
2.451161349357377107e-03
2.408122043488027369e-03
2.365905521593035868e-03
2.324490380159749837e-03
2.283855215675523447e-03
2.243978624627705667e-03
2.204839203503648933e-03
2.166415548790705681e-03
2.128687618938722957e-03
2.091640820247537072e-03
2.055261920979482848e-03
2.019537689396894240e-03
1.984454893762106070e-03
1.950000302337454245e-03
1.916160683385269682e-03
1.882922805167888073e-03
1.850273435947644455e-03
1.818199343986873434e-03
1.786687297547907881e-03
1.755724064893081533e-03
1.725296414284729430e-03
1.695391113985186176e-03
1.665994932256785726e-03
1.637094637361862686e-03
1.608676997562750576e-03
1.580728781121784219e-03
1.553236756301298437e-03
1.526187691363626101e-03
1.499569001294576718e-03
1.473370687973860060e-03
1.447583400004658636e-03
1.422197785990156902e-03
1.397204494533538449e-03
1.372594174237987737e-03
1.348357473706688790e-03
1.324485041542823680e-03
1.300967526349577517e-03
1.277795576730133241e-03
1.254959841287674877e-03
1.232450968625386882e-03
1.210259607346451764e-03
1.188376406054055066e-03
1.166792013351379293e-03
1.145497077841609555e-03
1.124482248127927709e-03
1.103738172813518428e-03
1.083255500501565521e-03
1.063024879795252797e-03
1.043037116635560282e-03
1.023283646314653321e-03
1.003756061462493694e-03
9.844459547090425328e-04
9.653449186842628102e-04
9.464445460181140305e-04
9.277364293405592757e-04
9.092121612815593510e-04
8.908633344710764710e-04
8.726815415390718747e-04
8.546583751155075598e-04
8.367854278303447652e-04
8.190542923135453804e-04
8.014565611950714031e-04
7.839838271048835301e-04
7.666276826729437593e-04
7.493797205292135463e-04
7.322315333036545637e-04
7.151747136262285925e-04
6.982008541268974137e-04
6.813017349330811228e-04
6.644698861620363262e-04
6.476980254284794630e-04
6.309788703471236109e-04
6.143051385326855343e-04
5.976695475998802624e-04
5.810648151634232586e-04
5.644836588380294437e-04
5.479187962384147147e-04
5.313629449792941009e-04
5.148088226753831740e-04
4.982491469413976139e-04
4.816766353920515827e-04
4.650840056420609231e-04
4.484639753061413149e-04
4.318092619990077335e-04
4.151125833353757504e-04
3.983666569299606120e-04
3.815642003974775102e-04
3.646979313526427756e-04
3.477612124381383491e-04
3.307499864085223823e-04
3.136608410463199927e-04
2.964903641340566770e-04
2.792351434542578235e-04
2.618917667894488208e-04
2.444568219221552197e-04
2.269268966349022461e-04
2.092985787102162370e-04
1.915684559306209817e-04
1.737331160786426815e-04
1.557891469368066165e-04
1.377331362876384462e-04
1.195616719136634369e-04
1.012713415974070177e-04
8.285873312139454985e-05
6.432043426815151662e-05
4.565303282020413987e-05
2.685311656007616135e-05
7.917273270293846964e-06
-1.115628118799428017e-05
-3.036281863914718851e-05
-4.969598282890055088e-05
-6.914941750299023998e-05
-8.871676640715197096e-05
-1.083916732871216114e-04
-1.281677818886339652e-04
-1.480387359574267226e-04
-1.679981792392345791e-04
-1.880397554797935038e-04
-2.081571084248391679e-04
-2.283438818201074052e-04
-2.485937194113340765e-04
-2.689002649442547173e-04
-2.892571621646053241e-04
-3.096580548181207277e-04
-3.300965866505385237e-04
-3.505664014075934886e-04
-3.710611428350215919e-04
-3.915744546785584774e-04
-4.120999806839400060e-04
-4.326313645969019845e-04
-4.531622501631800025e-04
-4.736862811285092161e-04
-4.941971012386270042e-04
-5.146883542392682517e-04
-5.351536838761688196e-04
-5.555867338950645686e-04
-5.759811480416911428e-04
-5.963305700617844030e-04
-6.166286437010791259e-04
-6.368690127053139912e-04
-6.570453208202208482e-04
-6.771512117915394610e-04
-6.971803293650017871e-04
-7.171263172863470486e-04
-7.369828193013081789e-04
-7.567434791556219061e-04
-7.764019405950262596e-04
-7.959518473652531971e-04
