1.783513496636958406e-01
1.631518879837226821e-01
1.500398561712719403e-01
1.389340064708788347e-01
1.297530911270787235e-01
1.224158623844068122e-01
1.168410724873982925e-01
1.129474736805886476e-01
1.106538182085130134e-01
1.098788583157066373e-01
1.105413462467048080e-01
1.125600342460427866e-01
1.158536745582558619e-01
1.203410194278793227e-01
1.259408210994484023e-01
1.325718318174983201e-01
1.401528038265645038e-01
1.486024893711820616e-01
1.578396406958862686e-01
1.677830100452124829e-01
1.783513496636958684e-01
1.894634117958717556e-01
2.010379486862754750e-01
2.129937125794422459e-01
2.252494557199072045e-01
2.377239303522057645e-01
2.503358887208732009e-01
2.630040830704448718e-01
2.756472656454557191e-01
2.881841886904412675e-01
3.005336044499366532e-01
3.126142651684772900e-01
3.243449230905984249e-01
3.356443304608350831e-01
3.464312395237229003e-01
3.566244025237969573e-01
3.661425717055923346e-01
3.749044993136446680e-01
3.828289375924890381e-01
3.898346387866607476e-01
3.958403551406949328e-01
4.007880041405623150e-01
4.047121642379741258e-01
4.076705791260771261e-01
4.097209924980181883e-01
4.109211480469437405e-01
4.113287894660005994e-01
4.110016604483354707e-01
4.099975046870948936e-01
4.083740658754256292e-01
4.061890877064745498e-01
4.035003138733879724e-01
4.003654880693129359e-01
3.968423539873958683e-01
3.929886553207835309e-01
3.888621357626227404e-01
3.845205390060600359e-01
3.800216087442420676e-01
3.754230886703155412e-01
3.707827224774273289e-01
3.661582538587238589e-01
3.615967672636731245e-01
3.571027101670273263e-01
3.526698707998600080e-01
3.482920373932444358e-01
3.439629981782539869e-01
3.396765413859622051e-01
3.354264552474425787e-01
3.312065279937683737e-01
3.270105478560129675e-01
3.228323030652499592e-01
3.186655818525526151e-01
3.145041724489945345e-01
3.103418630856487614e-01
3.061724419935891173e-01
3.019896974038888127e-01
2.977874175476213359e-01
2.935593906558600641e-01
2.892994049596783745e-01
2.850012486901498665e-01
2.806587100783477506e-01
2.762675311268020795e-01
2.718312689238687185e-01
2.673554343293602642e-01
2.628455382030890908e-01
2.583070914048677391e-01
2.537456047945088056e-01
2.491665892318244147e-01
2.445755555766275235e-01
2.399780146887303123e-01
2.353794774279453217e-01
2.307854546540850094e-01
2.262014572269619994e-01
2.216329960063885829e-01
2.170855818521774117e-01
2.125647256241407212e-01
2.080759381820912191e-01
2.036247303858413071e-01
1.992166130952034986e-01
1.948570971699903065e-01
1.905516934700141884e-01
1.863049753953525955e-01
1.821177665071436469e-01
1.779899529067902331e-01
1.739214206956955222e-01
1.699120559752624049e-01
1.659617448468938550e-01
1.620703734119931239e-01
1.582378277719630744e-01
1.544639940282068746e-01
1.507487582821273320e-01
1.470920066351276700e-01
1.434936251886108072e-01
1.399535000439799115e-01
1.364715173026378181e-01
1.330475630659876396e-01
1.296815234354324053e-01
1.263732845123752280e-01
1.231227323982190258e-01
1.199297531943668005e-01
1.167942330022216368e-01
1.137160439934286338e-01
1.106950026206011128e-01
1.077309114065942847e-01
1.048235728742634987e-01
1.019727895464640904e-01
9.917836394605149264e-02
9.644009859588088818e-02
9.375779601880764036e-02
9.113125873768709861e-02
8.856028927537459849e-02
8.604469015472553106e-02
8.358426389859507921e-02
8.117881302983864789e-02
7.882814007131155876e-02
7.653204754586917513e-02
7.429033797636673542e-02
7.210281388565964455e-02
6.996927779660318258e-02
6.788953223205271281e-02
6.586337971486358467e-02
6.389050320797763638e-02
6.197010743468304994e-02
6.010127755835461411e-02
5.828309874236711069e-02
5.651465615009517579e-02
5.479503494491363286e-02
5.312332029019724983e-02
5.149859734932079464e-02
4.991995128565893808e-02
4.838646726258647585e-02
4.689723044347817588e-02
4.545132599170875060e-02
4.404783907065301651e-02
4.268585484368565136e-02
4.136445847418144389e-02
4.008273512551512735e-02
3.883976996106150437e-02
3.763464814419525961e-02
3.646645483829117490e-02
3.533427520672398348e-02
3.423721736826598749e-02
3.317448126327959129e-02
3.214528978752462934e-02
3.114886583676106449e-02
3.018443230674878672e-02
2.925121209324771723e-02
2.834842809201773561e-02
2.747530319881875960e-02
2.663106030941071387e-02
2.581492231955350575e-02
2.502611212500701829e-02
2.426385262153116229e-02
2.352736670488586243e-02
2.281587727083101216e-02
2.212860721512653964e-02
2.146477943353232443e-02
2.082361682180828080e-02
2.020434227571432650e-02
1.960617869101037580e-02
1.902834896345630827e-02
1.847011913927926532e-02
1.793092786657525875e-02
1.741025694390752054e-02
1.690758816983929658e-02
1.642240334293378415e-02
1.595418426175423260e-02
1.550241272486387045e-02
1.506657053082594011e-02
1.464613947820365102e-02
1.424060136556024210e-02
1.384943799145894536e-02
1.347213115446299625e-02
1.310816265313561636e-02
1.275701428604004116e-02
1.241816785173949743e-02
1.209110514879722237e-02
1.177530797577644103e-02
1.147025813124038368e-02
1.117543741375230139e-02
1.089032762187539319e-02
1.061445432195359286e-02
1.034751815145361006e-02
1.008926351562283025e-02
9.839434819708645780e-03
9.597776468958457707e-03
9.364032868619658403e-03
9.137948423939633302e-03
8.919267540165790389e-03
8.707734622545508160e-03
8.503094076326182457e-03
8.305090306755214327e-03
8.113467719079990939e-03
7.927970718547906401e-03
7.748343710406359157e-03
7.574331099902738111e-03
7.405677292284440841e-03
7.242126692798860586e-03
7.083423706693383649e-03
6.929312739215408475e-03
6.779538195612330037e-03
6.633869495962411468e-03
6.492176119667418012e-03
6.354352560959978732e-03
6.220293314072732234e-03
6.089892873238308448e-03
5.963045732689349447e-03
5.839646386658478225e-03
5.719589329378335120e-03
5.602769055081551798e-03
5.489080058000761660e-03
5.378416832368600707e-03
5.270673872417704076e-03
5.165745672380700829e-03
5.063526726490233908e-03
4.963911528978928907e-03
4.866794574079420961e-03
4.772070356024346940e-03
4.679633369046337643e-03
4.589378107378029939e-03
4.501199065252056361e-03
4.415001254253639838e-03
4.330731755378351873e-03
4.248348166974354363e-03
4.167808087389803136e-03
4.089069114972859222e-03
4.012088848071683651e-03
3.936824885034437456e-03
3.863234824209277329e-03
3.791276263944367772e-03
3.720906802587864177e-03
3.652084038487930610e-03
3.584765569992727236e-03
3.518908995450409881e-03
3.454471913209137841e-03
3.391411921617075616e-03
3.329686619022381201e-03
3.269253603773213893e-03
3.210070474217734289e-03
3.152094828704102118e-03
3.095284265580479279e-03
3.039599879918477091e-03
2.985016753683511492e-03
2.931513465564455218e-03
2.879068594250178831e-03
2.827660718429555499e-03
2.777268416791455353e-03
2.727870268024747222e-03
2.679444850818304708e-03
2.631970743860997941e-03
2.585426525841700088e-03
2.539790775449278677e-03
2.495042071372605575e-03
2.451158992300552647e-03
2.408120116921990024e-03
2.365904023925790006e-03
2.324489292000823156e-03
2.283854499835960040e-03
2.243978226120072524e-03
2.204839049542031606e-03
2.166415548790707416e-03
2.128687669936611161e-03
2.091640828576821383e-03
2.055261807690050759e-03
2.019537390255019774e-03
1.984454359250442407e-03
1.949999497655036974e-03
1.916159588447520056e-03
1.882921414606605849e-03
1.850271759111013969e-03
1.818197404939458396e-03
1.786685135070657012e-03
1.755721732483327266e-03
1.725293980156184003e-03
1.695388661067945106e-03
1.665992558197326289e-03
1.637092454523046301e-03
1.608675133023819122e-03
1.580727376678361332e-03
1.553235968465391682e-03
1.526187691363624799e-03
1.499569965778014928e-03
1.473372761818459581e-03
1.447586687021093499e-03
1.422202348922051423e-03
1.397210355057468961e-03
1.372601312963478036e-03
1.348365830176215556e-03
1.324494514231814527e-03
1.300977972666410992e-03
1.277806813016138391e-03
1.254971642817132547e-03
1.232463069605526469e-03
1.210271700917455763e-03
1.188388144289055821e-03
1.166803007256459867e-03
1.145506897355802207e-03
1.124490422123218232e-03
1.103744189094842034e-03
1.083258805806808786e-03
1.063024879795253013e-03
1.043033207703915550e-03
1.023275342606966157e-03
1.003743026686181776e-03
9.844280021233360947e-04
9.653220111002067030e-04
9.464167957985695654e-04
9.277040984002002128e-04
9.091756610868749347e-04
8.908232260403701292e-04
8.726385354424612186e-04
8.546133314749250346e-04
8.367393563195376499e-04
8.190083521580738364e-04
8.014120611723104257e-04
7.839422255440237075e-04
7.665905874549892125e-04
7.493488890869833387e-04
7.322088726217821589e-04
7.151622802411615291e-04
6.982008541268981726e-04
6.813164061762217328e-04
6.645010271481852429e-04
6.477468775172949816e-04
6.310461177580576611e-04
6.143909083449803190e-04
5.977734097525699928e-04
5.811857824553327443e-04
5.646201869277761532e-04
5.480687836444073655e-04
5.315237330797319007e-04
5.149771957082570134e-04
4.984213320044897410e-04
4.818483024429368500e-04
4.652502674981051612e-04
4.486193876445016037e-04
4.319478233566327271e-04
4.152277351090052980e-04
3.984512833761273297e-04
3.816106286325036370e-04
3.646979313526420709e-04
3.477064345123231839e-04
3.306337110924244087e-04
3.134784165750964221e-04
2.962392064424906055e-04
2.789147361767577442e-04
2.615036612600490570e-04
2.440046371745162779e-04
2.264163194023090806e-04
2.087373634255791990e-04
1.909664247264776895e-04
1.731021587871556082e-04
1.551432210897640113e-04
1.370882671164540094e-04
1.189359523493766315e-04
1.006849322706829882e-04
8.233386236252482674e-05
6.388139810705175336e-05
4.532619498641554255e-05
2.666690848276727089e-05
7.902194078257962433e-06
-1.096929274496121478e-05
-2.994889650473930954e-05
-4.903796171892522494e-05
-6.823783290536704924e-05
-8.754985458191537622e-05
-1.069753712664183636e-04
-1.265157274767248873e-04
-1.461722677306839455e-04
-1.659463365461444275e-04
-1.858392784409552772e-04
-2.058524379329645980e-04
-2.259871595400239359e-04
-2.462447877799786296e-04
-2.666266671706813362e-04
-2.871341422299772861e-04
-3.077685574757189468e-04
-3.285312574257519009e-04
-3.494235865979266101e-04
-3.704468895100940782e-04
-3.916025106800994000e-04
