1.783513496636958406e-01
1.535306671024299907e-01
1.305729803219715102e-01
1.094421209252920413e-01
9.010192051536343449e-02
7.251621069515727658e-02
5.664882306764543879e-02
4.246358923579945238e-02
2.992434080259120596e-02
1.899490937099236956e-02
9.639126543974588929e-03
1.820823924509691952e-03
-4.496166884430624448e-03
-9.348014279874703250e-03
-1.277088665885075039e-02
-1.480095241838706027e-02
-1.547437995551197154e-02
-1.482733766725364589e-02
-1.289599395064051739e-02
-9.716517202700676592e-03
-5.325075820462555828e-03
2.421617990456526840e-04
6.949027258795544872e-03
1.475935216175905222e-02
2.363696811090776687e-02
3.354570670921339787e-02
4.444939955964766903e-02
5.631187826518239958e-02
6.909697442878919016e-02
8.276851965343974549e-02
9.729034554210594377e-02
1.126262836977593995e-01
1.287401657233717689e-01
1.455958232219149162e-01
1.631570877963605393e-01
1.813877910496802803e-01
2.002517645848458372e-01
2.197128400048290742e-01
2.397348489126016891e-01
2.602816229111353796e-01
2.813169936034016771e-01
3.028047925923725847e-01
3.247088514810196336e-01
3.469930018723145770e-01
3.696210753692292794e-01
3.925569035747352720e-01
4.157643180918044745e-01
4.392071505234083073e-01
4.628492324725188012e-01
4.866543955421076539e-01
5.105864713351462303e-01
5.346092914546068942e-01
5.586866875034605107e-01
5.827824910846796103e-01
6.068605338012356132e-01
6.308846472560999397e-01
6.548186630522446761e-01
6.786264127926414647e-01
7.022717280802621698e-01
7.257184405180781006e-01
7.489303817090614546e-01
7.718713832561834298e-01
7.945052767624162238e-01
8.167958938307312566e-01
8.387070660641007258e-01
8.602026250654959405e-01
8.812464024378883209e-01
9.018022297842502866e-01
9.218339387075531466e-01
9.413053608107686543e-01
9.601803276968684520e-01
9.784226709688244039e-01
9.959962222296082635e-01
1.012864958312465147e+00
1.029007034828429035e+00
1.044426485271671146e+00
1.059130097132653825e+00
1.073124657901840973e+00
1.086416955069695600e+00
1.099013776126680275e+00
1.110921908563259342e+00
1.122148139869894923e+00
1.132699257537051363e+00
1.142582049055190785e+00
1.151803301914777533e+00
1.160369803606274397e+00
1.168288341620144610e+00
1.175565703446851407e+00
1.182208676576857576e+00
1.188224048500627017e+00
1.193618606708622965e+00
1.198399138691307986e+00
1.202572431939145758e+00
1.206145273942599738e+00
1.209124452192132937e+00
1.211516754178208366e+00
1.213328967391289481e+00
1.214567879321839738e+00
1.215240277460321927e+00
1.215352949297199725e+00
1.214912682322936144e+00
1.213926264027994417e+00
1.212400481902837779e+00
1.210342123437929462e+00
1.207757976123732924e+00
1.204654827450711174e+00
1.201039464909327226e+00
1.196918675990044534e+00
1.192299248183326998e+00
1.187187968979636743e+00
1.181592839039989240e+00
1.175528241515670924e+00
1.169010651063999040e+00
1.162056543555462396e+00
1.154682394860548023e+00
1.146904680849744507e+00
1.138739877393539990e+00
1.130204460362422614e+00
1.121314905626879632e+00
1.112087689057400075e+00
1.102539286524471418e+00
1.092686173898581137e+00
1.082544827050218705e+00
1.072131721849871600e+00
1.061463334168027073e+00
1.050556139875173933e+00
1.039426614841800323e+00
1.028091234938393717e+00
1.016566476035442479e+00
1.004868814003434530e+00
9.930147247128582322e-01
9.810206840342013956e-01
9.689031678379518286e-01
9.566786519945982281e-01
9.443636123746275146e-01
9.319745248485288291e-01
9.195278652867903135e-01
9.070401095598987773e-01
8.945277335383434725e-01
8.820072130926115417e-01
8.694950240931921259e-01
8.570076424105719237e-01
8.445615439152401871e-01
8.321732044776838366e-01
8.198590999683919023e-01
8.076357062578519708e-01
7.955190932859282915e-01
7.835177216725994764e-01
7.716332940446832822e-01
7.598672781154408584e-01
7.482211415981346869e-01
7.366963522060263614e-01
7.252943776523780306e-01
7.140166856504518433e-01
7.028647439135091712e-01
6.918400201548124961e-01
6.809439820876235228e-01
6.701780974252042888e-01
6.595438338808166101e-01
6.490426591677226353e-01
6.386760409991839582e-01
6.284454470884626165e-01
6.183523451488212030e-01
6.083982028935208675e-01
5.985844880358236475e-01
5.889126682889918030e-01
5.793842113662871496e-01
5.700005849809715031e-01
5.607632568463067901e-01
5.516736946755550486e-01
5.427333661819784272e-01
5.339437390788386306e-01
5.253062810793975856e-01
5.168224598969174410e-01
5.084937432446596794e-01
5.003215988358868938e-01
4.923074943838604556e-01
4.844528976018425692e-01
4.767592762030951059e-01
4.692280979008803810e-01
4.618608304084597105e-01
4.546589414390952988e-01
4.476238938984093418e-01
4.407558496245337909e-01
4.340519152005781200e-01
4.275087591134854037e-01
4.211230498501989938e-01
4.148914558976619094e-01
4.088106457428175577e-01
4.028772878726088469e-01
3.970880507739789622e-01
3.914396029338710337e-01
3.859286128392285242e-01
3.805517489769941752e-01
3.753056798341114497e-01
3.701870738975234221e-01
3.651925996541731112e-01
3.603189255910038691e-01
3.555627201949587146e-01
3.509206519529813328e-01
3.463893893520139655e-01
3.419656008790003532e-01
3.376459550208835703e-01
3.334271202646068022e-01
3.293057650971130124e-01
3.252785580053456083e-01
3.213421674762477198e-01
3.174932619967623659e-01
3.137285100538327876e-01
3.100445801344022256e-01
3.064381407254136991e-01
3.029058603138102268e-01
2.994444073865354383e-01
2.960504504305320750e-01
2.927206579327434888e-01
2.894516983801127541e-01
2.862402402595832229e-01
2.830829520580978587e-01
2.799765022625997912e-01
2.769177941469326276e-01
2.739053683739674505e-01
2.709384628818006790e-01
2.680163181850653831e-01
2.651381747983944659e-01
2.623032732364209973e-01
2.595108540137780473e-01
2.567601576450986300e-01
2.540504246450156489e-01
2.513808955281621182e-01
2.487508108091710801e-01
2.461594110026756044e-01
2.436059366233087609e-01
2.410896281857033696e-01
2.386097262044925837e-01
2.361654711943095009e-01
2.337561036697868855e-01
2.313808641455578630e-01
2.290389931362555032e-01
2.267297311565127371e-01
2.244523187209626347e-01
2.222059963442382657e-01
2.199900045409724780e-01
2.178035838257984802e-01
2.156459747133492588e-01
2.135164177182575784e-01
2.114141533551566754e-01
2.093384221386795363e-01
2.072884645834591200e-01
2.052635212041285517e-01
2.032628325153207072e-01
2.012856390316686839e-01
1.993311812678054407e-01
1.973986997383641306e-01
1.954874349579775739e-01
1.935966274412788957e-01
1.917255272573504254e-01
1.898736593376738613e-01
1.880408581014545444e-01
1.862269744779864455e-01
1.844318593965634800e-01
1.826553637864795077e-01
1.808973385770286380e-01
1.791576346975044531e-01
1.774361030772010628e-01
1.757325946454124099e-01
1.740469603314322988e-01
1.723790510645547003e-01
1.707287177740735573e-01
1.690958113892827297e-01
1.674801828394761327e-01
1.658816830539477927e-01
1.643001629619914583e-01
1.627354734929010727e-01
1.611874655759705788e-01
1.596559901404939474e-01
1.581408981157650107e-01
1.566420404310777115e-01
1.551592680157259929e-01
1.536924317990036870e-01
1.522413827102048201e-01
1.508059716786231963e-01
1.493860496335528143e-01
1.479814675042875061e-01
1.465920762201212424e-01
1.452177267103478830e-01
1.438582699042613988e-01
1.425135567311557050e-01
1.411834381203247168e-01
1.398677650010622664e-01
1.385663883026623244e-01
1.372791589544188062e-01
1.360059278832890794e-01
1.347465419881380411e-01
1.335008358756055169e-01
1.322686418158507682e-01
1.310497920790330839e-01
1.298441189353118086e-01
1.286514546548460924e-01
1.274716315077951689e-01
1.263044817643184381e-01
1.251498376945750779e-01
1.240075315687243079e-01
1.228773956569255005e-01
1.217592622293378474e-01
1.206529635561206376e-01
1.195583319074331879e-01
1.184751995534346625e-01
1.174033987642843502e-01
1.163427618101415401e-01
1.152931209611654795e-01
1.142543084875154158e-01
1.132261566593507074e-01
1.122084977468305045e-01
1.112011640201141377e-01
1.102039877493608544e-01
1.092168012047299019e-01
1.082394366563805554e-01
1.072717263744720484e-01
1.063135026291636975e-01
1.053645976906147086e-01
1.044248438289843983e-01
1.034940733144320557e-01
1.025721184171168449e-01
1.016588114071981380e-01
1.007539845548350854e-01
9.985747013018704543e-02
9.896910040341322379e-02
9.808870764467295111e-02
9.721613126377320890e-02
9.635127775811058726e-02
9.549409038311219844e-02
9.464451277070999591e-02
9.380248855283608578e-02
9.296796136142235212e-02
9.214087482840087329e-02
9.132117258570365825e-02
9.050879826526268823e-02
8.970369549900997219e-02
8.890580791887753298e-02
8.811507915679735181e-02
8.733145284470150704e-02
8.655487261452192438e-02
8.578528209819064054e-02
8.502262492763962287e-02
8.426684473480093585e-02
8.351788515160656068e-02
8.277568980998852022e-02
8.204020234187880956e-02
8.131136637920942378e-02
8.058912555391245514e-02
7.987342349791973217e-02
7.916420384316340264e-02
7.846141022157543388e-02
7.776498626508782097e-02
7.707487560563260065e-02
7.639102187514174025e-02
7.571336870554730425e-02
7.504185972878123223e-02
7.437643857677561643e-02
7.371704888146236867e-02
7.306363427477353956e-02
7.241613838864113806e-02
7.177450485499714539e-02
7.113867730577359827e-02
7.050859937290250568e-02
6.988421468831584882e-02
6.926546688394565054e-02
6.865229959172393370e-02
6.804465644358269338e-02
6.744248107145389692e-02
6.684571710726958105e-02
6.625430818296176860e-02
6.566819793046244080e-02
6.508732998170363437e-02
6.451164796861731665e-02
6.394109552313552436e-02
6.337561627719026647e-02
6.281515386271352419e-02
6.225965191163732732e-02
6.170905405589365705e-02
6.116330392741452932e-02
6.062234515813198082e-02
6.008612137997798586e-02
5.955457622488455338e-02
5.902765332478372706e-02
5.850529631160744648e-02
5.798744881728776224e-02
5.747405447375669024e-02
5.696505691294619783e-02
5.646039976678832867e-02
5.596002666721507091e-02
5.546388124615845433e-02
5.497190713555041852e-02
5.448404796732308347e-02
5.400024737340832631e-02
5.352044898573826703e-02
5.304459643624481746e-02
5.257263335686007677e-02
5.210450337951600536e-02
5.164015013614454974e-02
5.117951725867784379e-02
