1.783513496636958406e-01
1.572738404036194138e-01
1.373969004160261465e-01
1.187015427252671174e-01
1.011687803556938492e-01
8.477962633165747608e-02
6.951509367750949298e-02
5.535619541760102708e-02
4.228394457628353864e-02
3.027935417790821385e-02
1.932343724682638111e-02
9.397206807389419173e-03
4.816758839486162745e-04
-7.442142499144804163e-03
-1.439323531753946422e-02
-2.039058954688401787e-02
-2.545319216282724076e-02
-2.960003014101775937e-02
-3.285009045710437364e-02
-3.522236008673561292e-02
-3.673582600556028754e-02
-3.740947518922702747e-02
-3.726229461338467081e-02
-3.631327125368163933e-02
-3.458139208576687523e-02
-3.208564408528894601e-02
-2.884501422789657876e-02
-2.487848948923841730e-02
-2.020505684496322341e-02
-1.484370327071969468e-02
-8.813415742156459343e-03
-2.133181234922241869e-03
5.178013275334283558e-03
1.310118081296436469e-02
2.161733440231944012e-02
3.070748706775060580e-02
4.035265183360936536e-02
5.053384172424693621e-02
6.123206976401469881e-02
7.242834897726388443e-02
8.410369238834579375e-02
9.623911302161182457e-02
1.088156239014131943e-01
1.218142380521012036e-01
1.352159684980272503e-01
1.490018282635425517e-01
1.631528303729984641e-01
1.776499878507463159e-01
1.924743137211373523e-01
2.076068210085230126e-01
2.230285227372542922e-01
2.387204319316829082e-01
2.546635616161598281e-01
2.708389248150366302e-01
2.872275345526645873e-01
3.038104038533946394e-01
3.205685457415786144e-01
3.374829732415673966e-01
3.545346993777126476e-01
3.717047371743652517e-01
3.889740996558770925e-01
4.063237998465988321e-01
4.237348507708822432e-01
4.411882654530784320e-01
4.586650569175389491e-01
4.761462381886149564e-01
4.936128222906573937e-01
5.110458222480182000e-01
5.284262510850481487e-01
5.457351218260989567e-01
5.629534474955215639e-01
5.800622411176676874e-01
5.970425157168881558e-01
6.138753056684281839e-01
6.305437298273572910e-01
6.470347114616580297e-01
6.633355787155151839e-01
6.794336597331137595e-01
6.953162826586392065e-01
7.109707756362757536e-01
7.263844668102091839e-01
7.415446843246240594e-01
7.564387563237058298e-01
7.710540109516388352e-01
7.853777763526091915e-01
7.993973806708010166e-01
8.131001520503997604e-01
8.264734186355904288e-01
8.395045085705574728e-01
8.521807499994870083e-01
8.644894710665633752e-01
8.764179999159713574e-01
8.879536646918965159e-01
8.990837935385236346e-01
9.097957146000379414e-01
9.200767560206244422e-01
9.299142459444674769e-01
9.392955125157532725e-01
9.482078838786659469e-01
9.566386881773910611e-01
9.645752535561133989e-01
9.720049081590175222e-01
9.789149801302895471e-01
9.852927976141137023e-01
9.911256887546749939e-01
9.964009816961590937e-01
1.001106004582750453e+00
1.005228085558633966e+00
1.008754552767995749e+00
1.011672734355019365e+00
1.013973513570734619e+00
1.015666477083274177e+00
1.016767340564970201e+00
1.017291823243260840e+00
1.017255644345585797e+00
1.016674523099382332e+00
1.015564178732090150e+00
1.013940330471147178e+00
1.011818697543992673e+00
1.009214999178065009e+00
1.006144954600802555e+00
1.002624283039643904e+00
9.986687037220285390e-01
9.942939358753943857e-01
9.895156987271801485e-01
9.843497115048247537e-01
9.788116934357666832e-01
9.729173637474441971e-01
9.666824416672962217e-01
9.601226464227616830e-01
9.532536972412789522e-01
9.460913133502867334e-01
9.386512139772236196e-01
9.309491183495284261e-01
9.230007456946391908e-01
9.148218152399950620e-01
9.064280462130350768e-01
8.978351578411969403e-01
8.890588693519201335e-01
8.801148999726422506e-01
8.710189689308034389e-01
8.617867954538409592e-01
8.524340987691941818e-01
8.429765981043014778e-01
8.334300126866017733e-01
8.238100617435332174e-01
8.141321978817966931e-01
8.044068758036038158e-01
7.946401114696169943e-01
7.848377665460883890e-01
7.750057026992709375e-01
7.651497815954174664e-01
7.552758649007808023e-01
7.453898142816138828e-01
7.354974914041693124e-01
7.256047579346995846e-01
7.157174755394585253e-01
7.058415058846980727e-01
6.959827106366711647e-01
6.861469514616308496e-01
6.763400900258295101e-01
6.665679879955203058e-01
6.568365070369562853e-01
6.471515088163897200e-01
6.375188550000733256e-01
6.279444072542604838e-01
6.184340272452036880e-01
6.089935766391557648e-01
5.996289171023693187e-01
5.903459103010973985e-01
5.811504179015930527e-01
5.720483015701084417e-01
5.630454229728967253e-01
5.541476437762111740e-01
5.453608256463035042e-01
5.366908302494274308e-01
5.281435192518354471e-01
5.197247543197802688e-01
5.114403971195146115e-01
5.032963093172920788e-01
4.952983525793643316e-01
4.874523885719849181e-01
4.797642704736755914e-01
4.722375544708604655e-01
4.648704027971554686e-01
4.576602042417239335e-01
4.506043475937295262e-01
4.437002216423355794e-01
4.369452151767058701e-01
4.303367169860036756e-01
4.238721158593924954e-01
4.175488005860357177e-01
4.113641599550973416e-01
4.053155827557402557e-01
3.994004577771282372e-01
3.936161738084248962e-01
3.879601196387935103e-01
3.824296840573977452e-01
3.770222558534008228e-01
3.717352238159670197e-01
3.665659767342587805e-01
3.615119033974401597e-01
3.565703925946745456e-01
3.517388331151255487e-01
3.470146137479565018e-01
3.423951232823311264e-01
3.378777505074126442e-01
3.334598842123648321e-01
3.291389131863510231e-01
3.249122262185347720e-01
3.207772120980794117e-01
3.167312596141485526e-01
3.127717575559058050e-01
3.088960947125145573e-01
3.051016598731384200e-01
3.013858418269406148e-01
2.977460293630849741e-01
2.941796112707348865e-01
2.906839763390537401e-01
2.872566272624931250e-01
2.838958611037959989e-01
2.806003132040982839e-01
2.773686201545255692e-01
2.741994185462033329e-01
2.710913449702570532e-01
2.680430360178121529e-01
2.650531282799943322e-01
2.621202583479287918e-01
2.592430628127411207e-01
2.564201782655569084e-01
2.536502412975014664e-01
2.509318884997004395e-01
2.482637564632792226e-01
2.456444817793633772e-01
2.430727010390784093e-01
2.405470508335496860e-01
2.380661677539026300e-01
2.356286883912629415e-01
2.332332493367559323e-01
2.308784871815073025e-01
2.285630385166423084e-01
2.262855399332865947e-01
2.240446280225655840e-01
2.218389393756048933e-01
2.196671105835296955e-01
2.175277782374657187e-01
2.154195789285383855e-01
2.133411492478732296e-01
2.112911257865956738e-01
2.092681451358312239e-01
2.072708438867054415e-01
2.052978586303436659e-01
2.033478259578715419e-01
2.014193824604144367e-01
1.995111647290978840e-01
1.976218290490291962e-01
1.957505982617847584e-01
1.938973331364000630e-01
1.920619284731113485e-01
1.902442790721547705e-01
1.884442797337664011e-01
1.866618252581825899e-01
1.848968104456391592e-01
1.831491300963724866e-01
1.814186790106187552e-01
1.797053519886139816e-01
1.780090438305944045e-01
1.763296493367962070e-01
1.746670633074554335e-01
1.730211805428083227e-01
1.713918958430911132e-01
1.697791040085397662e-01
1.681826998393904649e-01
1.666025781358794478e-01
1.650386336982428426e-01
1.634907613267168325e-01
1.619588558215375174e-01
1.604428119829411081e-01
1.589425246111636214e-01
1.574578885064413791e-01
1.559887984690104812e-01
1.545351492991070552e-01
1.530968357969672289e-01
1.516737527628272408e-01
1.502657949969231355e-01
1.488728572994911514e-01
1.474948344707674441e-01
1.461316213109881967e-01
1.447831126203894259e-01
1.434492031992073702e-01
1.421297878476782128e-01
1.408247613574964419e-01
1.395340037946978806e-01
1.382573502881421501e-01
1.369946274251234719e-01
1.357456617929361509e-01
1.345102799788743531e-01
1.332883085702323001e-01
1.320795741543041579e-01
1.308839033183842038e-01
1.297011226497666869e-01
1.285310587357458012e-01
1.273735381636157682e-01
1.262283875206707817e-01
1.250954333942051466e-01
1.239745023715130012e-01
1.228654210398885949e-01
1.217680159866261352e-01
1.206821137990199133e-01
1.196075410643640258e-01
1.185441243699527636e-01
1.174916903030804177e-01
1.164500654510411265e-01
1.154190764011291531e-01
1.143985497406386775e-01
1.133883120568639352e-01
1.123881899370991339e-01
1.113980099686385228e-01
1.104175987387763375e-01
1.094467828348067578e-01
1.084853888440240333e-01
1.075332433537223992e-01
1.065901729511960216e-01
1.056560042237392333e-01
1.047305637586461030e-01
1.038136781432109634e-01
1.029051739647280084e-01
1.020048778104914594e-01
1.011126234875695529e-01
1.002283126435248167e-01
9.935188409647521812e-02
9.848327704526896320e-02
9.762243068875439689e-02
9.676928422577962818e-02
9.592377685519301589e-02
9.508584777584273839e-02
9.425543618657709899e-02
9.343248128624435933e-02
9.261692227369269781e-02
9.180869834777043159e-02
9.100774870732583621e-02
9.021401255120706231e-02
8.942742907826245480e-02
8.864793748734017820e-02
8.787547697728854967e-02
8.710998674695577537e-02
8.635140599519017246e-02
8.559967392083991933e-02
8.485472972275331927e-02
8.411651259977863393e-02
8.338496175076404171e-02
8.266001637455780426e-02
8.194161567000822488e-02
8.122969883596352358e-02
8.052420507127197591e-02
7.982507357478180188e-02
7.913224354534123539e-02
7.844565418179859362e-02
7.776524468300209658e-02
7.709095424779996431e-02
7.642272207504047232e-02
7.576048736357186841e-02
7.510418931224238648e-02
7.445376711990031593e-02
7.380915998539390455e-02
7.317030710757134460e-02
7.253714768528095325e-02
7.190962091737099215e-02
7.128766600268962583e-02
7.067122214008514369e-02
7.006022852840582127e-02
6.945462436649989246e-02
6.885434885321560505e-02
6.825934118740122070e-02
6.766954056790500105e-02
6.708488619357515226e-02
6.650531726325997761e-02
6.593077297580768326e-02
6.536119253006655860e-02
6.479651512488480980e-02
6.423667995911071238e-02
6.368162623159254188e-02
6.313129314117850444e-02
6.258561988671686172e-02
6.204454566705592394e-02
6.150800968104383482e-02
6.097595112752892538e-02
6.044830920535942259e-02
5.992502311338355342e-02
5.940603205044961421e-02
5.889127521540582499e-02
5.838069180710046824e-02
5.787422102438170846e-02
5.737180206609793220e-02
5.687337413109725542e-02
5.637887641822803692e-02
5.588824812633844119e-02
5.540142845427679236e-02
5.491835660089130350e-02
5.443897176503018770e-02
5.396321314554177601e-02
