1.783513496636958406e-01
1.821529737863389620e-01
1.857102764355349767e-01
1.890279943986216959e-01
1.921108644629373474e-01
1.949636234158196035e-01
1.975910080446066641e-01
1.999977551366364514e-01
2.021886014792469988e-01
2.041682838597761451e-01
2.059415390655621736e-01
2.075131038839427844e-01
2.088877151022561218e-01
2.100701095078401082e-01
2.110650238880327212e-01
2.118771950301721052e-01
2.125113597215959327e-01
2.129722547496425422e-01
2.132646169016496618e-01
2.133931829649554079e-01
2.133626897268978417e-01
2.131778739748147466e-01
2.128434724960441560e-01
2.123642220779242418e-01
2.117448595077928708e-01
2.109901215729879931e-01
2.101047450608476697e-01
2.090934667587097673e-01
2.079610234539124303e-01
2.067121519337935531e-01
2.053515889856911414e-01
2.038840713969431728e-01
2.023143359548876807e-01
2.006471194468626706e-01
1.988871586602060648e-01
1.970391903822558410e-01
1.951079514003499771e-01
1.930981785018265617e-01
1.910146084740235728e-01
1.888619781042788492e-01
1.866450241799305354e-01
1.843684834883165813e-01
1.820370928167749369e-01
1.796555889526435801e-01
1.772287086832606273e-01
1.747611887959638899e-01
1.722577660780914566e-01
1.697231773169813329e-01
1.671621592999714412e-01
1.645794488143998424e-01
1.619797826476044034e-01
1.593678975869232406e-01
1.567485304196943319e-01
1.541264179332555440e-01
1.515062969149449934e-01
1.488929041521006580e-01
1.462909764320604322e-01
1.437052505421624049e-01
1.411399839869193762e-01
1.385964764745205857e-01
1.360749005109554155e-01
1.335754263833112687e-01
1.310982243786754931e-01
1.286434647841355750e-01
1.262113178867788621e-01
1.238019539736927854e-01
1.214155433319647481e-01
1.190522562486821534e-01
1.167122630109324044e-01
1.143957339058028905e-01
1.121028392203810009e-01
1.098337492417542222e-01
1.075886342570098603e-01
1.053676645532353601e-01
1.031710104175181247e-01
1.009988421369455436e-01
9.885132999860504754e-02
9.672864428958403982e-02
9.463095529696989583e-02
9.255843330785004652e-02
9.051124860931186733e-02
8.848957148844283083e-02
8.649357223233021530e-02
8.452342112806154883e-02
8.257928846272417911e-02
8.066134452340552319e-02
7.876975926233624470e-02
7.690467345735529925e-02
7.506617648579511082e-02
7.325435249285183748e-02
7.146928562372163729e-02
6.971106002360064058e-02
6.797975983768506092e-02
6.627546921117104251e-02
6.459827228925472953e-02
6.294825321713229394e-02
6.132549613999989380e-02
5.973008520305368024e-02
5.816210455148981828e-02
5.662163833050446599e-02
5.510877068529385775e-02
5.362358576105403368e-02
5.216616770298121430e-02
5.073660065627155075e-02
4.933496876612124965e-02
4.796135617772639276e-02
4.661584703628318671e-02
4.529852548698778958e-02
4.400947567503635249e-02
4.274878174562505434e-02
4.151652784395006013e-02
4.031279811520747242e-02
3.913767670459351172e-02
3.799124775730433612e-02
3.687359541853606898e-02
3.578476883270587799e-02
3.472447329657769866e-02
3.369221894257169725e-02
3.268751366305806122e-02
3.170986535040708904e-02
3.075878189698901671e-02
2.983377119517409068e-02
2.893434113733260593e-02
2.805999961583476379e-02
2.721025452305082457e-02
2.638461375135106243e-02
2.558258519310573770e-02
2.480367674068506903e-02
2.404739628645933755e-02
2.331325172279877581e-02
2.260075094207366145e-02
2.190940183665424437e-02
2.123871229891075366e-02
2.058819022121346348e-02
1.995734349593262028e-02
1.934568001543849128e-02
1.875270767210129516e-02
1.817793435829131998e-02
1.762086796637879829e-02
1.708101638873399386e-02
1.655788751772717046e-02
1.605098924572855371e-02
1.555982946510841083e-02
1.508391615262452863e-02
1.462280015390141769e-02
1.417614480314486475e-02
1.374363166226782659e-02
1.332494229318323051e-02
1.291975825780401071e-02
1.252776111804308583e-02
1.214863243581339181e-02
1.178205377302785593e-02
1.142770669159941764e-02
1.108527275344100595e-02
1.075443352046553599e-02
1.043487055458595589e-02
1.012626541771518771e-02
9.828299671766174347e-03
9.540654878651825752e-03
9.263012600285083081e-03
8.995054398578871888e-03
8.736461835446131599e-03
8.486916472799789501e-03
8.246099872552771146e-03
8.013693596618007287e-03
7.789379206908433884e-03
7.572838265336978222e-03
7.363752333816571925e-03
7.161802974260143145e-03
6.966671748580618301e-03
6.778040218690940290e-03
6.595589946504029459e-03
6.419008075489635728e-03
6.248075501829747531e-03
6.082650914654534613e-03
5.922595357813463003e-03
5.767769875155979650e-03
5.618035510531552319e-03
5.473253307789634897e-03
5.333284310779693414e-03
5.197989563351177421e-03
5.067230109353550345e-03
4.940866992636272145e-03
4.818761257048798444e-03
4.700773946440593536e-03
4.586766104661109573e-03
4.476598775559807383e-03
4.370133002986148658e-03
4.267229830789590755e-03
4.167750302819589296e-03
4.071555462925606841e-03
3.978506354957099880e-03
3.888464022763531407e-03
3.801289510194354442e-03
3.716843861099031546e-03
3.634988119327020508e-03
3.555583328727779120e-03
3.478490533150767772e-03
3.403570776445444257e-03
3.330685102461271134e-03
3.259694555047701857e-03
3.190477319693261603e-03
3.122980148442744235e-03
3.057166934980002325e-03
2.993001572988895388e-03
2.930447956153278168e-03
2.869469978157007141e-03
2.810031532683939220e-03
2.752096513417931749e-03
2.695628814042837738e-03
2.640592328242514532e-03
2.586950949700820342e-03
2.534668572101609913e-03
2.483709089128739722e-03
2.434036394466066681e-03
2.385614381797445966e-03
2.338406944806735357e-03
2.292377977177793066e-03
2.247491372594469933e-03
2.203711024740625472e-03
2.161000827300116594e-03
2.119324673956797609e-03
2.078646458394526730e-03
2.038930074297160000e-03
2.000139415348552597e-03
1.962238375232561866e-03
1.925190847633044718e-03
1.888960726233855679e-03
1.853511904718852096e-03
1.818808587631895500e-03
1.784825249410378718e-03
1.751548741325262802e-03
1.718966651500858410e-03
1.687066568061473381e-03
1.655836079131418588e-03
1.625262772835001221e-03
1.595334237296531284e-03
1.566038060640318787e-03
1.537361830990671783e-03
1.509293136471900713e-03
1.481819565208313851e-03
1.454928705324221418e-03
1.428608144943932122e-03
1.402845472191756402e-03
1.377628275192001881e-03
1.352944142068977481e-03
1.328780660946994076e-03
1.305125419950359938e-03
1.281966007203384859e-03
1.259290010830377759e-03
1.237085018955647996e-03
1.215338619703504926e-03
1.194038401198258773e-03
1.173171951564216942e-03
1.152726858925689005e-03
1.132690711406985620e-03
1.113051097132414409e-03
1.093795604226286029e-03
1.074912479808000105e-03
1.056394037850924865e-03
1.038234142187253800e-03
1.020426659700084549e-03
1.002965457272512149e-03
9.858444017876342395e-04
9.690573601285483495e-04
9.525981991783504920e-04
9.364607858201381974e-04
9.206389869370074780e-04
9.051266694120557559e-04
8.899177001283799108e-04
8.750059459690774730e-04
8.603852738172439131e-04
8.460495505559762191e-04
8.319926430683721383e-04
8.182084182375280084e-04
8.046907429465407092e-04
7.914334840785072290e-04
7.784305085165242307e-04
7.656756831436889194e-04
7.531628748430979582e-04
7.408859504978479015e-04
7.288387769910358461e-04
7.170152212057585633e-04
7.054091500251129330e-04
6.940144303321958349e-04
6.828249290101041490e-04
6.718345251449742237e-04
6.610381610127582163e-04
6.504326520559677556e-04
6.400150043896086485e-04
6.297822241286851839e-04
6.197313173882027350e-04
6.098592902831658077e-04
6.001631489285793415e-04
5.906398994394482758e-04
5.812865479307772251e-04
5.721001005175721044e-04
5.630775633148360102e-04
5.542159424375747495e-04
5.455122440007932616e-04
5.369634741194962693e-04
5.285666389086883868e-04
5.203187444833747705e-04
5.122167969585600346e-04
5.042578024492496607e-04
4.964387670704477210e-04
4.887566969371593718e-04
4.812085981643893359e-04
4.737914768671425527e-04
4.665023391604239075e-04
4.593381911592383940e-04
4.522960389785905724e-04
4.453728887334854904e-04
4.385657465389277625e-04
4.318716185099230327e-04
4.252875966960945487e-04
4.188116173687691157e-04
4.124420959707109850e-04
4.061774534445002885e-04
4.000161107327171580e-04
3.939564887779416712e-04
3.879970085227541225e-04
3.821360909097344270e-04
3.763721568814627706e-04
3.707036273805191227e-04
3.651289233494835608e-04
3.596464657309362710e-04
3.542546754674573851e-04
3.489519735016270350e-04
3.437367807760251357e-04
3.386075182332319816e-04
3.335626068158276504e-04
3.286004674663922198e-04
3.237195211275057673e-04
3.189181887417482622e-04
3.141948912516999448e-04
3.095480495999408926e-04
3.049760847290513459e-04
3.004774175816111656e-04
2.960504691002005377e-04
2.916936602273998108e-04
2.874054119057886832e-04
2.831841450779473950e-04
2.790282810441743820e-04
2.749364228256870996e-04
2.709076502822560756e-04
2.669411205408137987e-04
2.630359907282934086e-04
2.591914179716273397e-04
2.554065593977488942e-04
2.516805721335903983e-04
2.480126133060849372e-04
2.444018400421651624e-04
2.408474094687638881e-04
2.373484787128139555e-04
2.339042049012482602e-04
2.305137451609993993e-04
2.271762566190003768e-04
2.238908964021840882e-04
2.206568216374829952e-04
2.174731894518300204e-04
2.143391569721580863e-04
2.112538813253999259e-04
2.082165196384883261e-04
2.052262290383561011e-04
2.022821666519360650e-04
1.993834896061610321e-04
1.965293550279638706e-04
1.937189200442772591e-04
1.909513417820340119e-04
1.882257773681669430e-04
1.855413839296088667e-04
1.828973185932926241e-04
1.802927384861510295e-04
1.777268007351168156e-04
1.751986624671227966e-04
1.727074808091019493e-04
1.702524128879867626e-04
1.678326158307102674e-04
1.654472467642051966e-04
1.630954628154043372e-04
1.607764211112404763e-04
1.584892787786464823e-04
1.562331929445551963e-04
1.540073207358994326e-04
1.518108192796117613e-04
1.496428457026251593e-04
1.475025571318724677e-04
1.453891106942863923e-04
1.433016635167997743e-04
1.412393727263454822e-04
1.392013954498562758e-04
1.371868888142647796e-04
1.351950099465041601e-04
1.332249159735068519e-04
1.312757640222059674e-04
1.293467112195340225e-04
1.274369146924241296e-04
1.255455315678089131e-04
1.236717189726210515e-04
1.218146340337936573e-04
