1.783513496636958406e-01
1.758282072639293092e-01
1.735579524991922862e-01
1.715326977512540430e-01
1.697445554018840175e-01
1.681856378328514534e-01
1.668480574259259275e-01
1.657239265628766833e-01
1.648053576254731589e-01
1.640844629954845701e-01
1.635533550546805770e-01
1.632041461848303676e-01
1.630289487677032689e-01
1.630198751850687744e-01
1.631690378186962109e-01
1.634685490503550720e-01
1.639105212618144902e-01
1.644870668348440701e-01
1.651902981512130275e-01
1.660123275926908282e-01
1.669452675410468823e-01
1.679812303780504612e-01
1.691123284854709752e-01
1.703306742450778621e-01
1.716283800386404490e-01
1.729975582479280904e-01
1.744303212547102244e-01
1.759187814407560946e-01
1.774550511878352499e-01
1.790312428777169618e-01
1.806394688921706404e-01
1.822718416129656405e-01
1.839204734218713722e-01
1.855774767006571901e-01
1.872349638310924491e-01
1.888850471949465870e-01
1.905198391739888475e-01
1.921314521499887518e-01
1.937119985047157100e-01
1.952535906199388271e-01
1.967483408774277631e-01
1.981883616589517894e-01
1.995657653462802605e-01
2.008726643211825869e-01
2.021011709654282062e-01
2.032433976607862791e-01
2.042914567890263822e-01
2.052374607319178701e-01
2.060735218712300976e-01
2.067917525887323915e-01
2.073842652661941066e-01
2.078431722853847641e-01
2.081605860280736631e-01
2.083286188760300472e-01
2.083393832110234378e-01
2.081849914148232727e-01
2.078575558691987957e-01
2.073491889559193890e-01
2.066536831027441790e-01
2.057751987990256992e-01
2.047218477533886138e-01
2.035017494524481718e-01
2.021230233828197054e-01
2.005937890311184357e-01
1.989221658839597506e-01
1.971162734279587880e-01
1.951842311497311022e-01
1.931341585358917756e-01
1.909741750730562238e-01
1.887124002478396678e-01
1.863569535468573568e-01
1.839159544567246229e-01
1.813975224640568540e-01
1.788097770554692156e-01
1.761608377175770679e-01
1.734588239369956597e-01
1.707118552003403789e-01
1.679280509942264188e-01
1.651155308052691117e-01
1.622824141200837622e-01
1.594368204252856192e-01
1.565868692074900426e-01
1.537406799533122259e-01
1.509063721493675847e-01
1.480920652822713679e-01
1.453058788386388245e-01
1.425558978810189392e-01
1.398472082751799073e-01
1.371796117927052694e-01
1.345523723291418006e-01
1.319647537800362758e-01
1.294160200409354977e-01
1.269054350073862969e-01
1.244322625749354760e-01
1.219957666391297407e-01
1.195952110955160463e-01
1.172298598396410152e-01
1.148989767670515194e-01
1.126018257732943756e-01
1.103376707539163448e-01
1.081057756044643270e-01
1.059054042204849305e-01
1.037358204975250831e-01
1.015962883311315318e-01
9.948607161685116274e-02
9.740443425023061208e-02
9.535064012681679357e-02
9.332395314215645443e-02
9.132363719179643902e-02
8.934895617128349454e-02
8.739917397616446537e-02
8.547355450198605709e-02
8.357136164429514180e-02
8.169185929863856388e-02
7.983431136056298727e-02
7.799804629780519860e-02
7.618302693529538372e-02
7.438957615249480737e-02
7.261802096148463337e-02
7.086868837434616430e-02
6.914190540316074440e-02
6.743799906000962074e-02
6.575729635697413755e-02
6.410012430613547252e-02
6.246680991957499068e-02
6.085768020937395995e-02
5.927306218761372453e-02
5.771328286637546212e-02
5.617866925774055165e-02
5.466954837379021243e-02
5.318624722660579562e-02
5.172909282826858302e-02
5.029841219085980086e-02
4.889453232646077258e-02
4.751778024715280768e-02
4.616848296501718796e-02
4.484696749213516048e-02
4.355356084058804866e-02
4.228859002245712040e-02
4.105238204982367828e-02
3.984526393476903183e-02
3.866756268937441426e-02
3.751960532572113510e-02
3.640171842625215815e-02
3.531401031713193861e-02
3.425601661661297620e-02
3.322718014106564727e-02
3.222694370686031429e-02
3.125475013036734667e-02
3.031004222795705486e-02
2.939226281599982907e-02
2.850085471086599362e-02
2.763526072892594221e-02
2.679492368655002343e-02
2.597928640010854079e-02
2.518779168597189838e-02
2.441988236051044134e-02
2.367500124009453560e-02
2.295259114109450202e-02
2.225209487988071000e-02
2.157295527282351161e-02
2.091461513629327279e-02
2.027651728666035255e-02
1.965810454029508561e-02
1.905881971356782750e-02
1.847810562284893723e-02
1.791540508450878422e-02
1.737016091491770317e-02
1.684181593044605310e-02
1.632981294746418607e-02
1.583359478234247497e-02
1.535260425145125104e-02
1.488629213796847581e-02
1.443424304254361037e-02
1.399615260320708106e-02
1.357171981898631224e-02
1.316064368890867455e-02
1.276262321200157673e-02
1.237735738729242065e-02
1.200454521380861853e-02
1.164388569057754272e-02
1.129507781662660894e-02
1.095782059098321902e-02
1.063181301267476266e-02
1.031675408072865556e-02
1.001234279417227702e-02
9.718278152033035799e-03
9.434259153338335480e-03
9.159984797115570954e-03
8.895154082392142322e-03
8.639466008195444482e-03
8.392619573552884474e-03
8.154313777491864132e-03
7.924247619039766211e-03
7.702120097224009025e-03
7.487630211071978799e-03
7.280476959611082571e-03
7.080359341868717842e-03
6.886976356872283843e-03
6.700027003649188483e-03
6.519210281226815382e-03
6.344251417359916129e-03
6.174980554712629181e-03
6.011254064676433209e-03
5.852928318642812086e-03
5.699859688003245349e-03
5.551904544149217739e-03
5.408919258472205324e-03
5.270760202363698917e-03
5.137283747215170247e-03
5.008346264418100588e-03
4.883804125363977282e-03
4.763513701444278131e-03
4.647331364050487010e-03
4.535113484574084322e-03
4.426716434406552207e-03
4.321996584939371937e-03
4.220810307564028252e-03
4.123013973671994618e-03
4.028463954654756644e-03
3.937016621903799071e-03
3.848528346810597967e-03
3.762855500766636770e-03
3.679854455163400224e-03
3.599381581392366129e-03
3.521293250845017059e-03
3.445445834912836455e-03
3.371695704987302551e-03
3.299899232459897920e-03
3.229914215799491520e-03
3.161645599883485588e-03
3.095055148411216244e-03
3.030108007783983634e-03
2.966769324403080964e-03
2.905004244669809246e-03
2.844777914985459084e-03
2.786055481751329756e-03
2.728802091368718805e-03
2.672982890238919437e-03
2.618563024763232664e-03
2.565507641342950826e-03
2.513781886379373633e-03
2.463350906273795594e-03
2.414179847427516418e-03
2.366233856241828012e-03
2.319478079118027919e-03
2.273877662457414982e-03
2.229397752661283708e-03
2.186003496130932075e-03
2.143660039267654156e-03
2.102332528472749228e-03
2.061986110147511798e-03
2.022585930693242013e-03
1.984097136511231343e-03
1.946484874002778198e-03
1.909714289569180122e-03
1.873750529611732489e-03
1.838558740531732192e-03
1.804106388611537246e-03
1.770375256806913005e-03
1.737352584090193913e-03
1.705025620173907658e-03
1.673381614770577154e-03
1.642407817592730088e-03
1.612091478352892628e-03
1.582419846763588990e-03
1.553380172537346645e-03
1.524959705386690892e-03
1.497145695024146815e-03
1.469925391162241668e-03
1.443286043513501834e-03
1.417214901790450447e-03
1.391699215705614976e-03
1.366726234971521372e-03
1.342283209300694936e-03
1.318357388405662052e-03
1.294936021998948457e-03
1.272006359793079666e-03
1.249555651500581848e-03
1.227571146833981606e-03
1.206040095505803373e-03
1.184949747228573099e-03
1.164287351714817387e-03
1.144040158677061322e-03
1.124195417827831721e-03
1.104740378879653668e-03
1.085662317660117653e-03
1.066950785271782382e-03
1.048599341479558708e-03
1.030601954096237692e-03
1.012952590934609312e-03
9.956452198074644110e-04
9.786738085275929668e-04
9.620323249077858234e-04
9.457147367608326324e-04
9.297150118995243465e-04
9.140271181366515932e-04
8.986450232850035904e-04
8.835626951573711824e-04
8.687741015665447798e-04
8.542732103253146848e-04
8.400539892464711994e-04
8.261104061428049513e-04
8.124364288271060256e-04
7.990260251121649414e-04
7.858731628107721093e-04
7.729718097357172893e-04
7.603159336997912174e-04
7.478995025157840872e-04
7.357164839964864178e-04
7.237608459546882944e-04
7.120265562031804531e-04
7.005075825547530874e-04
6.891978928221961743e-04
6.780914548183012086e-04
6.671824169313686579e-04
6.564667015235278258e-04
6.459412378459600777e-04
6.356029667066798519e-04
6.254488289137015867e-04
6.154757652750395035e-04
6.056807165987076070e-04
5.960606236927207691e-04
5.866124273650934282e-04
5.773330684238393721e-04
5.682194876769727137e-04
5.592686259325083250e-04
5.504774239984602108e-04
5.418428226828430260e-04
5.333617627936706670e-04
5.250311851389577889e-04
5.168480305267186131e-04
5.088092397649676864e-04
5.009117536617186880e-04
4.931525130249863817e-04
4.855284586627849346e-04
4.780365313831287850e-04
4.706736719940323170e-04
4.634368213035095895e-04
4.563229201195752576e-04
4.493289092502438138e-04
4.424517295035287207e-04
4.356883216874450670e-04
4.290356274071070362e-04
4.224909931946854323e-04
4.160528281173200859e-04
4.097197134158599824e-04
4.034902303311535651e-04
3.973629601040496568e-04
3.913364839753974054e-04
3.854093831860450374e-04
3.795802389768414297e-04
3.738476325886355136e-04
3.682101452622757324e-04
3.626663582386110713e-04
3.572148527584902448e-04
3.518542100627619672e-04
3.465830113922750070e-04
3.413998379878782955e-04
3.363032710904202758e-04
3.312918919407496082e-04
3.263642817797153864e-04
3.215190218481661622e-04
3.167546933869507583e-04
3.120698776369178347e-04
3.074631558389161602e-04
3.029331092337946116e-04
2.984783190624020117e-04
2.940973665655868038e-04
2.897888329841977022e-04
2.855512995590837465e-04
2.813833475310935426e-04
2.772835581410758592e-04
2.732505126298795189e-04
2.692827922383530734e-04
2.653789782073453997e-04
2.615376517777054290e-04
2.577573941902814962e-04
2.540367866859225866e-04
2.503744105054774688e-04
2.467688468897948030e-04
2.432186770797233305e-04
2.397224823161119283e-04
2.362788438398093107e-04
2.328863428916642735e-04
2.295435607125252328e-04
2.262490785432412553e-04
2.230014776246610282e-04
2.197993391976332117e-04
2.166412445030066827e-04
2.135257747816300742e-04
2.104515112743522904e-04
2.074170352220217203e-04
2.044209278654876474e-04
2.014617704455982981e-04
1.985381442032029019e-04
1.956486303791496581e-04
1.927918102142879044e-04
1.899662649494660569e-04
1.871705758255326946e-04
1.844033240833370195e-04
