1.783513496636958406e-01
1.821526609616130887e-01
1.857096811039823381e-01
1.890271460171470130e-01
1.921097916274509543e-01
1.949623538612375584e-01
1.975895686448506106e-01
1.999961719046336184e-01
2.021868995669303670e-01
2.041664875580842531e-01
2.059396718044391450e-01
2.075111882323385781e-01
2.088857727681261156e-01
2.100681613381454316e-01
2.110630898687401169e-01
2.118752942862539568e-01
2.125095105170302923e-01
2.129704744874130473e-01
2.132629221237456185e-01
2.133915893523717078e-01
2.133612120996350725e-01
2.131765262918791093e-01
2.128422678554475755e-01
2.123631727166841177e-01
2.117439768019323265e-01
2.109894160375358485e-01
2.101042263498382467e-01
2.090931436651831399e-01
2.079609039099142576e-01
2.067122430103751629e-01
2.053518968929094468e-01
2.038846014838608112e-01
2.023150927095728469e-01
2.006481064963892280e-01
1.988883787706534900e-01
1.970406454587093070e-01
1.951096424869002699e-01
1.931001057815700528e-01
1.910167712690622743e-01
1.888643748757205532e-01
1.866476525278884802e-01
1.843713401519097850e-01
1.820401736741279475e-01
1.796588890208866418e-01
1.772322221185296531e-01
1.747649088934003225e-01
1.722616852718424907e-01
1.697272871801997762e-01
1.671664505448156868e-01
1.645839112920339520e-01
1.619844053481981350e-01
1.593726686396518544e-01
1.567534370927388399e-01
1.541314466338025435e-01
1.515114331891867228e-01
1.488981326852350795e-01
1.462962810482909826e-01
1.437106142046982726e-01
1.411453890097340846e-01
1.386019058291773909e-01
1.360803383246323717e-01
1.335808579397817775e-01
1.311036361183079979e-01
1.286488443038937279e-01
1.262166539402215515e-01
1.238072364709741219e-01
1.214207633398339814e-01
1.190574059904837556e-01
1.167173358666060423e-01
1.144007244118833838e-01
1.121077430699984334e-01
1.098385632846337334e-01
1.075933564994719788e-01
1.053722941581956840e-01
1.031755477044874469e-01
1.010032885820298931e-01
9.885568823450563425e-02
9.673291810559721260e-02
9.463514963898728150e-02
9.256255427835843874e-02
9.051530346739321276e-02
8.849356864977428461e-02
8.649752126918418271e-02
8.452733276930556039e-02
8.258317459382094605e-02
8.066521818641303465e-02
7.877363464731577947e-02
7.690856515380715963e-02
7.507009816381064737e-02
7.325831676886587762e-02
7.147330406051258245e-02
6.971514313029034127e-02
6.798391706973888615e-02
6.627970897039787979e-02
6.460260192380692934e-02
6.295267902150578077e-02
6.133002335503406205e-02
5.973471801593140812e-02
5.816684609573753023e-02
5.662649068599205637e-02
5.511373487823477413e-02
5.362866176400516577e-02
5.217135443484299112e-02
5.074189598228791981e-02
4.934036949787964227e-02
4.796685807315775180e-02
4.662144479966195965e-02
4.530421276893192156e-02
4.401524507250732104e-02
4.275462480192782078e-02
4.152243504873308344e-02
4.031875890446273009e-02
3.914367946065648585e-02
3.799727980885402034e-02
3.687964304059495463e-02
3.579081735695653632e-02
3.473050819511296766e-02
3.369822644301991715e-02
3.269348075564337125e-02
3.171577978794940661e-02
3.076463219490406173e-02
2.983954663147335776e-02
2.894003175262338176e-02
2.806559621332012713e-02
2.721574866852963584e-02
2.638999777321798107e-02
2.558785218235119785e-02
2.480882055089529345e-02
2.405241153381633759e-02
2.331813378608036183e-02
2.260549596265341507e-02
2.191400671850154275e-02
2.124317470859076601e-02
2.059250858788713376e-02
1.996151701135669143e-02
1.934970863396549140e-02
1.875659211067954441e-02
1.818167609646491323e-02
1.762446924628762596e-02
1.708448021511373843e-02
1.656121765790929262e-02
1.605419022964031314e-02
1.556290658527284716e-02
1.508687546367195285e-02
1.462564822440406108e-02
1.417888806442708059e-02
1.374627630288694467e-02
1.332749425892956405e-02
1.292222325170087546e-02
1.253014460034677230e-02
1.215093962401318436e-02
1.178428964184601892e-02
1.142987597299120923e-02
1.108737993659466951e-02
1.075648285180230181e-02
1.043686603776003939e-02
1.012821081361379126e-02
9.830198498509490693e-03
9.542510411593031067e-03
9.264827872010340457e-03
8.996832198907339997e-03
8.738204711429943886e-03
8.488626728724074991e-03
8.247779569935638835e-03
8.015344554210563494e-03
7.791003000694759692e-03
7.574436228534151168e-03
7.365325556874651250e-03
7.163352304862178471e-03
6.968197791642645293e-03
6.779543336361981525e-03
6.597070258166092688e-03
6.420465466808572032e-03
6.249509776781291513e-03
6.084061921670569709e-03
5.923982993600349946e-03
5.769134084694554736e-03
5.619376287077130008e-03
5.474570692872006948e-03
5.334578394203129750e-03
5.199260483194420926e-03
5.068478051969823803e-03
4.942092192653275637e-03
4.819963997368708480e-03
4.701954558240063059e-03
4.587924967391268823e-03
4.477736316946265629e-03
4.371249699028989001e-03
4.268326205763371857e-03
4.168826929273354055e-03
4.072612961682868515e-03
3.979545395115851626e-03
3.889485321696242379e-03
3.802293833547970223e-03
3.717832022794975884e-03
3.635960981561194016e-03
3.556541801970559274e-03
3.479435576147009348e-03
3.404503396214478891e-03
3.331606354296906894e-03
3.260605542518223675e-03
3.191379173738433626e-03
3.123873943761810122e-03
3.058053669128688902e-03
2.993882166379411777e-03
2.931323252054314054e-03
2.870340742693734508e-03
2.810898454838013216e-03
2.752960205027488953e-03
2.696489809802497459e-03
2.641451085703376209e-03
2.587807849270466580e-03
2.535523917044105180e-03
2.484563105564631218e-03
2.434889231372382602e-03
2.386466111007697240e-03
2.339257561010914341e-03
2.293227397922373983e-03
2.248339438282409737e-03
2.204557498631363414e-03
2.161845395509572488e-03
2.120166945457374000e-03
2.079485965015108895e-03
2.039766270723113780e-03
2.000971679121727430e-03
1.963066006751287319e-03
1.926013070152134609e-03
1.889776685864604389e-03
1.854320670429035652e-03
1.819609153054287153e-03
1.785616592590666060e-03
1.752329896727671888e-03
1.719736714294999805e-03
1.687824694122341731e-03
1.656581485039394135e-03
1.625994735875847634e-03
1.596052095461397181e-03
1.566741212625736646e-03
1.538049736198559029e-03
1.509965315009559068e-03
1.482475597888429980e-03
1.455568233664865634e-03
1.429230871168559467e-03
1.403451159229206430e-03
1.378216746676498225e-03
1.353515282340129154e-03
1.329334415049793520e-03
1.305661793635184758e-03
1.282485066925996304e-03
1.259791883751922243e-03
1.237569892942656227e-03
1.215806743327891692e-03
1.194490083737324024e-03
1.173607563000644274e-03
1.153146829947546961e-03
1.133095533407726821e-03
1.113441322210876423e-03
1.094171845186690285e-03
1.075275400846828272e-03
1.056744297082863170e-03
1.038572369742104314e-03
1.020753457679648632e-03
1.003281399750589799e-03
9.861500348100247452e-04
9.693532017130496387e-04
9.528847393147597822e-04
9.367384864702518873e-04
9.209082820346209310e-04
9.053879648629629745e-04
8.901713738103740788e-04
8.752523477319509556e-04
8.606247254827876060e-04
8.462823459179808503e-04
8.322190478926267494e-04
8.184286702618209309e-04
8.049050518806594558e-04
7.916420316042379517e-04
7.786334482876523713e-04
7.658731407859983419e-04
7.533549479543725754e-04
7.410727086478700485e-04
7.290202617215868226e-04
7.171914460306187417e-04
7.055801004300616503e-04
6.941800637750117180e-04
6.829851749205645721e-04
6.719892850476133408e-04
6.611873192221356336e-04
6.505760945199829184e-04
6.401526206075901183e-04
6.299139071513906382e-04
6.198569638178197264e-04
6.099788002733107879e-04
6.002764261842985288e-04
5.907468512172167879e-04
5.813870850384998375e-04
5.721941373145828175e-04
5.631650177118984824e-04
5.542967358968815383e-04
5.455863015359664744e-04
5.370307242955874548e-04
5.286270138421784266e-04
5.203721798421738791e-04
5.122632319620078678e-04
5.042971798681147736e-04
4.964710332269287605e-04
4.887818017048837756e-04
4.812264949684141998e-04
4.738021226839541429e-04
4.665056945179378231e-04
4.593342201367997296e-04
4.522847092069738097e-04
4.453541713948943898e-04
4.385396163669954715e-04
4.318380537897118150e-04
4.252465792778514905e-04
4.187631328030555012e-04
4.123861335851006552e-04
4.061140063444605014e-04
3.999451758016079922e-04
3.938780666770164054e-04
3.879111036911589102e-04
3.820427115645084050e-04
3.762713150175386011e-04
3.705953387707219631e-04
3.650132075445319314e-04
3.595233460594417295e-04
3.541241790359243640e-04
3.488141311944532212e-04
3.435916272555012536e-04
3.384550919395416845e-04
3.334029499670477918e-04
3.284336260584926363e-04
3.235455449343492247e-04
3.187371313150907806e-04
3.140068099211905275e-04
3.093530054731216347e-04
3.047741426913571630e-04
3.002686462963703902e-04
2.958349410086343230e-04
2.914714515486224559e-04
2.871766026368074705e-04
2.829488189936627527e-04
2.787865256944433768e-04
2.746883280437126197e-04
2.706533042705748125e-04
2.666806092370684967e-04
2.627693978052321054e-04
2.589188248371042346e-04
2.551280451947234799e-04
2.513962137401281119e-04
2.477224853353567806e-04
2.441060148424479192e-04
2.405459571234400693e-04
2.370414670403717453e-04
2.335916994552814617e-04
2.301958092302077059e-04
2.268529512271890195e-04
2.235622803082639983e-04
2.203229513354710211e-04
2.171341191708484129e-04
2.139949386764350133e-04
2.109045647142692012e-04
2.078621521463893827e-04
2.048668558348342621e-04
2.019178306416421370e-04
1.990142314288517115e-04
1.961552130585014731e-04
1.933399303926297465e-04
1.905675382932751276e-04
1.878371916224761578e-04
1.851480452422712975e-04
1.824992540146990882e-04
1.798899728017980986e-04
1.773193564656067077e-04
1.747865598681634300e-04
1.722907378715069968e-04
1.698310453376755973e-04
1.674066371287079085e-04
1.650166681066424180e-04
1.626602931335175588e-04
1.603366670713719268e-04
1.580449447822440364e-04
1.557842811281723750e-04
1.535538309711955113e-04
1.513527491733517700e-04
1.491801905966797198e-04
1.470353101032179565e-04
1.449172625550049676e-04
1.428252028140792132e-04
1.407582857424792078e-04
1.387156662022435202e-04
1.366964990554104750e-04
1.346999391640188849e-04
1.327251413901068850e-04
1.307712605957133420e-04
1.288374516428764723e-04
1.269228693936350343e-04
1.250266687100274070e-04
1.231480044540919421e-04
1.212860314878674660e-04
