1.783513496636958406e-01
1.668693985239784461e-01
1.560062368568019553e-01
1.457475239310496162e-01
1.360789190156052597e-01
1.269860813793521892e-01
1.184546702911741384e-01
1.104703450199545633e-01
1.030187648345770451e-01
9.608558900392506763e-02
8.965647679688228122e-02
8.371708748233218367e-02
7.825308032915827272e-02
7.325011460624418491e-02
6.869384958247340411e-02
6.456994452672955298e-02
6.086405870789608069e-02
5.756185139485663071e-02
5.464898185649463835e-02
5.211110936169374708e-02
4.993389317933749627e-02
4.810299257830939063e-02
4.660406682749300422e-02
4.542277519577189032e-02
4.454477695202957443e-02
4.395573136514964452e-02
4.364129770401560526e-02
4.358713523751102381e-02
4.377890323451944649e-02
4.420226096392441961e-02
4.484286769460951033e-02
4.568638269545823027e-02
4.671846523535415352e-02
4.792477458318082639e-02
4.929097000782178828e-02
5.080271077816059244e-02
5.244565616308077827e-02
5.420546543146589902e-02
5.606779785219953571e-02
5.801831269416516529e-02
6.004266922624639652e-02
6.212652671732674103e-02
6.425554443628977985e-02
6.641538165201903154e-02
6.859169763339811876e-02
7.077015164931042823e-02
7.293640296863966588e-02
7.507611086026931557e-02
7.717493459308290282e-02
7.921853343596405028e-02
8.119256665779621407e-02
8.308269352746303071e-02
8.487457331384797021e-02
8.655386528583462746e-02
8.810622871230652797e-02
8.951732286214726664e-02
9.077280700424032733e-02
9.185834040746927720e-02
9.276185608447172493e-02
9.348531899429299297e-02
9.403604160443701510e-02
9.442134690899914307e-02
9.464855790207472863e-02
9.472499757775909579e-02
9.465798893014765181e-02
9.445485495333567905e-02
9.412291864141861253e-02
9.366950298849174850e-02
9.310193098865045258e-02
9.242752563599007654e-02
9.165360992460595824e-02
9.078750684859347719e-02
8.983653940204797128e-02
8.880803057906479225e-02
8.770930337373927799e-02
8.654768078016679411e-02
8.533048579244270626e-02
8.406504140466235231e-02
8.275867061092109789e-02
8.141869640531428087e-02
8.005244178193722526e-02
7.866722973488535220e-02
7.727038325825395793e-02
7.586922534613839419e-02
7.447107899263405439e-02
7.308326719183627640e-02
7.171308246064442282e-02
7.036516199025885654e-02
6.903946472229824383e-02
6.773547339219425367e-02
6.645267073537852731e-02
6.519053948728266434e-02
6.394856238333834764e-02
6.272622215897717679e-02
6.152300154963078610e-02
6.033838329073085149e-02
5.917185011770897951e-02
5.802288476599681138e-02
5.689096997102598141e-02
5.577558846822813082e-02
5.467622299303494249e-02
5.359235628087795356e-02
5.252347106718886771e-02
5.146905008739933313e-02
5.042857607694096328e-02
4.940153177124537859e-02
4.838739990574423416e-02
4.738566321586916430e-02
4.639580443705181023e-02
4.541730630472379932e-02
4.444965155431680054e-02
4.349232292126239963e-02
4.254480314099225863e-02
4.160657494893803265e-02
4.067712108053133518e-02
3.975597471455554616e-02
3.884316458528164900e-02
3.793900069911002038e-02
3.704379629081544500e-02
3.615786459517278395e-02
3.528151884695691215e-02
3.441507228094264903e-02
3.355883813190486259e-02
3.271312963461837919e-02
3.187826002385804602e-02
3.105454253439871720e-02
3.024229040101526420e-02
2.944181685848247867e-02
2.865343514157524599e-02
2.787745848506838556e-02
2.711420012373677232e-02
2.636397329235525694e-02
2.562709122569864495e-02
2.490386715854181129e-02
2.419461432565960662e-02
2.349964596182687465e-02
2.281927530181843827e-02
2.215381558040916896e-02
2.150358003237390001e-02
2.086888189248748554e-02
2.025003439552478315e-02
1.964735077626060880e-02
1.906114426946982701e-02
1.849172778193918301e-02
1.793924760250093994e-02
1.740341281185077416e-02
1.688386164525496752e-02
1.638023233797973946e-02
1.589216312529137184e-02
1.541929224245607195e-02
1.496125792474010605e-02
1.451769840740970395e-02
1.408825192573113193e-02
1.367255671497063542e-02
1.327025101039443385e-02
1.288097304726879520e-02
1.250436106085995799e-02
1.214005328643418674e-02
1.178768795925769219e-02
1.144690331459674235e-02
1.111733758771757744e-02
1.079862901388644464e-02
1.049041582836959634e-02
1.019233626643326063e-02
9.904028563343696828e-03
9.625130954367146913e-03
9.355281674769861527e-03
9.094118959818077441e-03
8.841281044778045300e-03
8.596406164916008813e-03
8.359132555498222095e-03
8.129098451790918445e-03
7.905948906527375183e-03
7.689443484582380098e-03
7.479436769277434185e-03
7.275786220052950920e-03
7.078349296349326428e-03
6.886983457606973315e-03
6.701546163266293779e-03
6.521894872767705631e-03
6.347887045551601527e-03
6.179380141058396676e-03
6.016231618728496745e-03
5.858298938002305667e-03
5.705439558320237782e-03
5.557510939122690084e-03
5.414370539850076047e-03
5.275875819942799604e-03
5.141884238841267288e-03
5.012253255985887369e-03
4.886840330817067250e-03
4.765502922775209128e-03
4.648098491300728212e-03
4.534484495834023229e-03
4.424518395815503317e-03
4.318057650685578480e-03
4.214959719884650916e-03
4.115082062853129760e-03
4.018282139031421549e-03
3.924417407859936285e-03
3.833345328779075301e-03
3.744936488301730572e-03
3.659113981230741053e-03
3.575814029441421165e-03
3.494972854809093137e-03
3.416526679209075726e-03
3.340411724516687258e-03
3.266564212607247792e-03
3.194920365356078689e-03
3.125416404638493937e-03
3.057988552329815764e-03
2.992573030305362928e-03
2.929106060440455055e-03
2.867523864610410037e-03
2.807762664690549668e-03
2.749758682556190971e-03
2.693448140082654006e-03
2.638767259145261002e-03
2.585652261619324210e-03
2.534039369380167162e-03
2.483864804303109481e-03
2.435064788263468626e-03
2.387575543136565091e-03
2.341333290797718500e-03
2.296274253122245444e-03
2.252334651985468585e-03
2.209450709262706248e-03
2.167558646829276323e-03
2.126594686560497570e-03
2.086495707960789661e-03
2.047220316651450055e-03
2.008753301634550077e-03
1.971081010736689711e-03
1.934189791784467856e-03
1.898065992604486447e-03
1.862695961023342001e-03
1.828066044867635367e-03
1.794162591963967181e-03
1.760971950138936776e-03
1.728480467219144136e-03
1.696674491031189246e-03
1.665540369401671220e-03
1.635064450157190478e-03
1.605233081124348305e-03
1.576032610129741648e-03
1.547449384999970709e-03
1.519469753561636773e-03
1.492080063641338522e-03
1.465266663065676375e-03
1.439015899661249664e-03
1.413314121254658808e-03
1.388147675672502706e-03
1.363502910741383077e-03
1.339366174287897520e-03
1.315723814138646235e-03
1.292562178120229641e-03
1.269867614059247505e-03
1.247626469782299160e-03
1.225825742541302148e-03
1.204456437384229762e-03
1.183511086711191984e-03
1.162982225928895505e-03
1.142862390444047884e-03
1.123144115663356679e-03
1.103819936993530098e-03
1.084882389841275484e-03
1.066324009613300611e-03
1.048137331716312822e-03
1.030314891557020107e-03
1.012849224542130243e-03
9.957328660783512208e-04
9.789583515723892983e-04
9.625182164309534433e-04
9.464049960607504551e-04
9.306112258684883258e-04
9.151294412608750473e-04
8.999521776446177445e-04
8.850719704264248429e-04
8.704813550130029252e-04
8.561728668110607423e-04
8.421390412273052021e-04
8.283724136684437545e-04
8.148655195411846084e-04
8.016108942522352137e-04
7.886010732083031287e-04
7.758285918160963456e-04
7.632860009735557187e-04
7.509672012523517601e-04
7.388684711285113671e-04
7.269863311285899290e-04
7.153173017791399080e-04
7.038579036067159345e-04
6.926046571378715547e-04
6.815540828991605319e-04
6.707027014171368460e-04
6.600470332183537179e-04
6.495835988293663203e-04
6.393089187767266816e-04
6.292195135869893237e-04
6.193119037867081183e-04
6.095826099024368285e-04
6.000281524607290005e-04
5.906450519881386143e-04
5.814298290112195414e-04
5.723790040565254365e-04
5.634890976506103880e-04
5.547566303200275085e-04
5.461781225913311033e-04
5.377500949910746101e-04
5.294690680458119005e-04
5.213315622820970628e-04
5.133340982264836434e-04
5.054731964055254054e-04
4.977453773457760034e-04
4.901471615737898512e-04
4.826751695403551259e-04
4.753270033519467561e-04
4.681008222925744661e-04
4.609947920413992616e-04
4.540070782775817689e-04
4.471358466802831562e-04
4.403792629286637787e-04
4.337354927018848049e-04
4.272027016791071861e-04
4.207790555394912775e-04
4.144627199621980849e-04
4.082518606263884514e-04
4.021446432112232199e-04
3.961392333958632878e-04
3.902337968594693355e-04
3.844264992812022603e-04
3.787155063402229053e-04
3.730989837156922220e-04
3.675750970867706739e-04
3.621420121326192126e-04
3.567978945323987353e-04
3.515409099652700309e-04
3.463692241103940510e-04
3.412810026469314758e-04
3.362744112540430401e-04
3.313476156108900749e-04
3.264987813966326643e-04
3.217260742904321392e-04
3.170276604059021636e-04
3.124019265589306205e-04
3.078478386916459536e-04
3.033644565880880078e-04
2.989508400322967363e-04
2.946060488083121465e-04
2.903291427001744086e-04
2.861191814919230962e-04
2.819752249675984337e-04
2.778963329112403200e-04
2.738815651068886542e-04
2.699299813385834979e-04
2.660406413903648585e-04
2.622126050462725809e-04
2.584449320903467267e-04
2.547366823066273575e-04
2.510869154791542097e-04
2.474946913919673450e-04
2.439590698291067166e-04
2.404791105746123861e-04
2.370538734125242526e-04
2.336824181268822151e-04
2.303638045017263622e-04
2.270970923210965931e-04
2.238813413690330777e-04
2.207156114295755255e-04
2.175989622867638082e-04
2.145304537246381772e-04
2.115091455272384775e-04
2.085340974786046892e-04
2.056043693627768469e-04
2.027190209637947684e-04
1.998771120656984881e-04
1.970777024525281762e-04
1.943198519083234605e-04
1.916026202171244842e-04
1.889250671629711731e-04
1.862862525299035620e-04
1.836852361019614957e-04
1.811210776631850899e-04
1.785928369976142707e-04
1.760995738892890728e-04
1.736403481222492326e-04
1.712142194805348387e-04
1.688202477481859256e-04
1.664574927092423383e-04
1.641250141477442197e-04
1.618218718477313603e-04
1.595471255932439303e-04
1.572998351683215575e-04
1.550790603570046289e-04
1.528838609433327183e-04
1.507132967113461854e-04
1.485664274450845769e-04
1.464423129285882797e-04
1.443400129458970573e-04
1.422585872810507002e-04
1.401970957180895413e-04
