1.783513496636958406e-01
1.973421722202271800e-01
2.153244467291037800e-01
2.323188513693852653e-01
2.483460643201314266e-01
2.634267637604014722e-01
2.775816278692554984e-01
2.908313348257528519e-01
3.031965628089534626e-01
3.146979899979164830e-01
3.253562945717020094e-01
3.351921547093694720e-01
3.442262485899785229e-01
3.524792543925888699e-01
3.599718502962599986e-01
3.667247144800518388e-01
3.727585251230235985e-01
3.780939604042352076e-01
3.827516985027462626e-01
3.867524175976163603e-01
3.901167958679052639e-01
3.928655114926723479e-01
3.950192426509774868e-01
3.965986675218801660e-01
3.976244642844401489e-01
3.981173111177169766e-01
3.980978862007703567e-01
3.975868677126597195e-01
3.966049338324449947e-01
3.951727627391856124e-01
3.933110326119413358e-01
3.910404216297717617e-01
3.883816079717364866e-01
3.853552698168951629e-01
3.819820853443074982e-01
3.782827327330329781e-01
3.742778901621313103e-01
3.699882358106622582e-01
3.654344478576853072e-01
3.606372044822600542e-01
3.556171838634462068e-01
3.503950641803035282e-01
3.449915236118914486e-01
3.394272403372696756e-01
3.337228925354980280e-01
3.278991583856356584e-01
3.219767160667427186e-01
3.159762437578786942e-01
3.099184196381030709e-01
3.038239218864756119e-01
2.977134286820559139e-01
2.916076182039035181e-01
2.855271686310783541e-01
2.794927581426397412e-01
2.735250649176473314e-01
2.676447671351611657e-01
2.618725429742403410e-01
2.562290706139448426e-01
2.507323772082831193e-01
2.453841296501844127e-01
2.401797600144021660e-01
2.351146881024260282e-01
2.301843337157450931e-01
2.253841166558490094e-01
2.207094567242270378e-01
2.161557737223685216e-01
2.117184874517631377e-01
2.073930177139000630e-01
2.031747843102687801e-01
1.990592070423586324e-01
1.950417057116591024e-01
1.911177001196594505e-01
1.872826100678492700e-01
1.835318553577178491e-01
1.798608557907545313e-01
1.762650311684488547e-01
1.727398012922901349e-01
1.692805859637678267e-01
1.658828049843712737e-01
1.625418781555899583e-01
1.592532252789131686e-01
1.560122661558304424e-01
1.528144205878310402e-01
1.496551083764044998e-01
1.465297493230401094e-01
1.434337632292273512e-01
1.403625920489134093e-01
1.373136077689353085e-01
1.342875827784092424e-01
1.312856355986052326e-01
1.283088847507933006e-01
1.253584487562433847e-01
1.224354461362256036e-01
1.195409954120099372e-01
1.166762151048664070e-01
1.138422237360650069e-01
1.110401398268758139e-01
1.082710818985687107e-01
1.055361684724138716e-01
1.028365180696811931e-01
1.001732492116408635e-01
9.754748041956268212e-02
9.496033021471679547e-02
9.241291711837318346e-02
8.990635965180193701e-02
8.744177633627293889e-02
8.502028569305630779e-02
8.264300624342200974e-02
8.031105650864010792e-02
7.802555500998059612e-02
7.578762026871349589e-02
7.359837080610878712e-02
7.145892514343653301e-02
6.937040180196678285e-02
6.733391930296946104e-02
6.535046773871454329e-02
6.341977551497497700e-02
6.154085491741931313e-02
5.971271001225984809e-02
5.793434486570906566e-02
5.620476354397945656e-02
5.452297011328341436e-02
5.288796863983342283e-02
5.129876318984184780e-02
4.975435782952115915e-02
4.825375662508382679e-02
4.679596364274227899e-02
4.537998294870891625e-02
4.400481860919620847e-02
4.266947469041657698e-02
4.137295525858249168e-02
4.011426437990638777e-02
3.889240612060066576e-02
3.770638454687778862e-02
3.655520372495020542e-02
3.543786772103035831e-02
3.435338060133064086e-02
3.330074643206353685e-02
3.227896927944145372e-02
3.128705320967686832e-02
3.032400228898221237e-02
2.938882058356988985e-02
2.848051215965236374e-02
2.759808134559679077e-02
2.674066564437173679e-02
2.590775201119688634e-02
2.509888402671305724e-02
2.431360527156102569e-02
2.355145932638161993e-02
2.281198977181558840e-02
2.209474018850373159e-02
2.139925415708683956e-02
2.072507525820571975e-02
2.007174707250115875e-02
1.943881318061391889e-02
1.882581716318482146e-02
1.823230260085464613e-02
1.765781307426420033e-02
1.710189216405423943e-02
1.656408345086557432e-02
1.604393051533899162e-02
1.554097693811528659e-02
1.505476629983526146e-02
1.458484218113967681e-02
1.413074816266933660e-02
1.369202782506503957e-02
1.326822474896757233e-02
1.285888251501772148e-02
1.246354470385627883e-02
1.208175489612402925e-02
1.171305667246178538e-02
1.135699361351030778e-02
1.101311426487664238e-02
1.068105056808510596e-02
1.036050366387697950e-02
1.005117678758867157e-02
9.752773174556576830e-03
9.464996060117110768e-03
9.187548679606680202e-03
8.920134268361700619e-03
8.662456061718563222e-03
8.414217295013678294e-03
8.175121203583463059e-03
7.944871022764317392e-03
7.723169987892656782e-03
7.509721334304873298e-03
7.304228297337385031e-03
7.106394112326597928e-03
6.915922014608920539e-03
6.732515239520751871e-03
6.555877022398508280e-03
6.385710598578591378e-03
6.221719203397415784e-03
6.063606072191377906e-03
5.911074440296892364e-03
5.763827543050364238e-03
5.621568615788199476e-03
5.484000893846808361e-03
5.350827612562595106e-03
5.221752007271975200e-03
5.096477313311344182e-03
4.974743268835302330e-03
4.856435623271209041e-03
4.741476628864609369e-03
4.629788537861052704e-03
4.521293602506085835e-03
4.415914075045254683e-03
4.313572207724106905e-03
4.214190252788191024e-03
4.117690462483051227e-03
4.023995089054234302e-03
3.933026384747288773e-03
3.844706601807762296e-03
3.758957992481199925e-03
3.675702809013151485e-03
3.594863303649162029e-03
3.516361728634778781e-03
3.440120336215553732e-03
3.366061378637024565e-03
3.294107108144742405e-03
3.224179776984257510e-03
3.156201637401112332e-03
3.090094941640856262e-03
3.025781941949036956e-03
2.963184890571199902e-03
2.902226039752893189e-03
2.842827641739665342e-03
2.784911948777059245e-03
2.728401213110624290e-03
2.673218381837233482e-03
2.619309357882744493e-03
2.566647709549874177e-03
2.515208652196335680e-03
2.464967401179840849e-03
2.415899171858103267e-03
2.367979179588830443e-03
2.321182639729738127e-03
2.275484767638537298e-03
2.230860778672938936e-03
2.187285888190657491e-03
2.144735311549403507e-03
2.103184264106888399e-03
2.062607961220825747e-03
2.022981618248928699e-03
1.984280450548905634e-03
1.946479673478469698e-03
1.909554502395334041e-03
1.873480152657210074e-03
1.838231839621810295e-03
1.803784778646846552e-03
1.770114185090030257e-03
1.737195274309074342e-03
1.705003261661691954e-03
1.673513362505592121e-03
1.642700792198488208e-03
1.612540766098093364e-03
1.583008499562117699e-03
1.554079207948274796e-03
1.525729719610610007e-03
1.497946817181473314e-03
1.470721076821630141e-03
1.444043082159422601e-03
1.417903416823188684e-03
1.392292664441271369e-03
1.367201408642011251e-03
1.342620233053748707e-03
1.318539721304825413e-03
1.294950457023581747e-03
1.271843023838358519e-03
1.249208005377497191e-03
1.227035985269339874e-03
1.205317547142224560e-03
1.184043274624493793e-03
1.163203751344488385e-03
1.142789560930549146e-03
1.122791287011017320e-03
1.103199513214233717e-03
1.084004823168538932e-03
1.065197800502274209e-03
1.046769028843780791e-03
1.028709091821398839e-03
1.011008573063469380e-03
9.936580561983334413e-04
9.766481248543318339e-04
9.599693626598060185e-04
9.436123532430964805e-04
9.275676971126678482e-04
9.118274654577638401e-04
8.963863205666148040e-04
8.812391884793871781e-04
8.663809952362442560e-04
8.518066668773530180e-04
8.375111294428769747e-04
8.234893089729819135e-04
8.097361315078327546e-04
7.962465230875939845e-04
7.830154097524319326e-04
7.700377175425097845e-04
7.573083724979933276e-04
7.448223006590479157e-04
7.325744280658378184e-04
7.205596807585286064e-04
7.087729847772850913e-04
6.972092661622723017e-04
6.858634509536554831e-04
6.747304651915992301e-04
6.638052349162683547e-04
6.530826861678284273e-04
6.425577449864439345e-04
6.322253374122800132e-04
6.220803894855019087e-04
6.121178272462743245e-04
6.023325767347625058e-04
5.927195639911311559e-04
5.832737150555459540e-04
5.739901195703581973e-04
5.648654744058095650e-04
5.558973886779377833e-04
5.470834819733203782e-04
5.384213738785354180e-04
5.299086839801608623e-04
5.215430318647742373e-04
5.133220371189533941e-04
5.052433193292764010e-04
4.973044980823206757e-04
4.895031929646639609e-04
4.818370235628842164e-04
4.743036094635592393e-04
4.669005702532669352e-04
4.596255255185848301e-04
4.524760948460908837e-04
4.454498978223630557e-04
4.385445540339790891e-04
4.317576830675165099e-04
4.250869045095531694e-04
4.185298379466669189e-04
4.120841029654356098e-04
4.057473191524370933e-04
3.995171060942490581e-04
3.933910833774493013e-04
3.873668705886159996e-04
3.814420873143261909e-04
3.756143531411582689e-04
3.698812882140435783e-04
3.642407963217979402e-04
3.586915255392527529e-04
3.532322445457256109e-04
3.478617220205338918e-04
3.425787266429952444e-04
3.373820270924275341e-04
3.322703920481477591e-04
3.272425901894736224e-04
3.222973901957227184e-04
3.174335607462124790e-04
3.126498705202604986e-04
3.079450881971843718e-04
3.033179824563015845e-04
2.987673219769295687e-04
2.942918754383862441e-04
2.898904115199886088e-04
2.855616989010544200e-04
2.813045062609012179e-04
2.771176022788465428e-04
2.729997556342078809e-04
2.689497350063028264e-04
2.649663090744488114e-04
2.610482465179635929e-04
2.571943160161646027e-04
2.534032862483692728e-04
2.496739258938950349e-04
2.460050036320595920e-04
2.423952881421804573e-04
2.388435481035751438e-04
2.353485521955612191e-04
2.319090690974561690e-04
2.285238674885775069e-04
2.251917160482429627e-04
2.219113834557697243e-04
2.186816383904755759e-04
2.155012495316779766e-04
2.123689855586943852e-04
2.092836151508423691e-04
2.062439069874395770e-04
2.032486297478034679e-04
2.002965521112516905e-04
1.973864427571014597e-04
1.945170703646705056e-04
1.916872036132763685e-04
1.888956111822365344e-04
1.861410617508685978e-04
1.834223239984900176e-04
1.807381666044184697e-04
1.780873582479711149e-04
1.754686676084660354e-04
1.728808633652202025e-04
1.703227141975516713e-04
1.677929887847774400e-04
1.652904558062155910e-04
1.628138839411833122e-04
1.603620418689980355e-04
1.579336982689776806e-04
