1.783513496636958406e-01
1.985999863588122916e-01
2.176916379584557526e-01
2.356546759009723602e-01
2.525174716247082229e-01
2.683083965680093663e-01
2.830558221692216492e-01
2.967881198666916798e-01
3.095336610987650672e-01
3.213208173037880866e-01
3.321779599201069022e-01
3.421334603860673451e-01
3.512156901400158016e-01
3.594530206202981026e-01
3.668738232652604681e-01
3.735064695132487844e-01
3.793793308026093825e-01
3.845207785716882598e-01
3.889591842588313586e-01
3.927229193023848985e-01
3.958403551406949883e-01
3.983398632121075700e-01
4.002498149549688633e-01
4.015985818076249769e-01
4.024145352084217975e-01
4.027260465957054336e-01
4.025614874078222161e-01
4.019492290831179759e-01
4.009176430599389329e-01
3.994951007766310846e-01
3.977099736715404843e-01
3.955906331830133515e-01
3.931654507493956840e-01
3.904627978090333684e-01
3.875110458002727909e-01
3.843385661614600046e-01
3.809737303309408407e-01
3.774449097470616854e-01
3.737804758481683143e-01
3.700088000726071691e-01
3.661582538587240254e-01
3.622527564145515688e-01
3.582984180268682928e-01
3.542968967521392676e-01
3.502498506468294526e-01
3.461589377674040291e-01
3.420258161703277344e-01
3.378521439120658609e-01
3.336395790490832569e-01
3.293897796378450482e-01
3.251044037348161941e-01
3.207851093964617095e-01
3.164335546792467202e-01
3.120513976396360190e-01
3.076402963340948982e-01
3.032019088190882061e-01
2.987378931510810132e-01
2.942499073865383896e-01
2.897396095819252393e-01
2.852086577937067435e-01
2.806587100783476951e-01
2.760917154517436578e-01
2.715107867675108366e-01
2.669193278386959300e-01
2.623207424783457475e-01
2.577184344995067655e-01
2.531158077152257380e-01
2.485162659385493633e-01
2.439232129825243123e-01
2.393400526601972278e-01
2.347701887846148361e-01
2.302170251688237246e-01
2.256839656258706472e-01
2.211744139688021360e-01
2.166917740106650836e-01
2.122394495645059664e-01
2.078208444433715385e-01
2.034393624603084705e-01
1.990984074283634331e-01
1.948013831605830970e-01
1.905516934700141607e-01
1.863522495570937854e-01
1.822039921718215938e-01
1.781073694515877548e-01
1.740628295337823261e-01
1.700708205557955044e-01
1.661317906550174306e-01
1.622461879688381348e-01
1.584144606346479245e-01
1.546370567898368020e-01
1.509144245717949362e-01
1.472470121179124958e-01
1.436352675655796496e-01
1.400796390521863999e-01
1.365805747151230543e-01
1.331385226917795317e-01
1.297539311195461675e-01
1.264272481358130196e-01
1.231589218779702011e-01
1.199494004834078947e-01
1.167991320895162832e-01
1.137084323984848822e-01
1.106770873717016074e-01
1.077047505353537493e-01
1.047910754156287233e-01
1.019357155387136810e-01
9.913832443079605150e-02
9.639855561806318085e-02
9.371606262670237331e-02
9.109049898290103031e-02
8.852151821284633126e-02
8.600877384272571924e-02
8.355191939872645690e-02
8.115060840703595957e-02
7.880449439384144827e-02
7.651323088533029670e-02
7.427647140768983691e-02
7.209386948710747034e-02
6.996507864977039026e-02
6.788975242186598424e-02
6.586754432958159822e-02
6.389801964882425855e-02
6.198039065438003953e-02
6.011378137075454320e-02
5.829731582245351734e-02
5.653011803398268892e-02
5.481131202984779877e-02
5.314002183455451833e-02
5.151537147260856764e-02
4.993648496851565977e-02
4.840248634678154943e-02
4.691249963191194278e-02
4.546564884841251125e-02
4.406105802078900263e-02
4.269785117354711612e-02
4.137515233119262031e-02
4.009208551823113809e-02
3.884777475916843803e-02
3.764134407851023323e-02
3.647191750076225064e-02
3.533861905043020335e-02
3.424058763633506391e-02
3.317702170455896771e-02
3.214713458549937897e-02
3.115013960955370642e-02
3.018525010711932757e-02
2.925167940859371707e-02
2.834864084437429058e-02
2.747534774485848111e-02
2.663101344044367311e-02
2.581485126152730306e-02
2.502607453850681438e-02
2.426389660177961580e-02
2.352753078174314727e-02
2.281619040879480018e-02
2.212908881333201794e-02
2.146543932575222316e-02
2.082445527645284886e-02
2.020534999583129335e-02
1.960733681428499312e-02
1.902962906221137077e-02
1.847148523555872460e-02
1.793234449247885914e-02
1.741169115667442341e-02
1.690900955184811150e-02
1.642378400170257241e-02
1.595549882994050025e-02
1.550363836026454577e-02
1.506768691637738571e-02
1.464712882198169683e-02
1.424144840078014895e-02
1.385012997647541017e-02
1.347265787277014508e-02
1.310851641336702698e-02
1.275718992196873090e-02
1.241816272227793533e-02
1.209091913799729273e-02
1.177494349282948334e-02
1.146972011047717871e-02
1.117473331464305386e-02
1.088946742902976647e-02
1.061345003501100275e-02
1.034638174464446413e-02
1.008800642765887018e-02
9.838067953782931793e-03
9.596310192745352921e-03
9.362477014274853127e-03
9.136312288100141565e-03
8.917559883949939536e-03
8.705963671552944053e-03
8.501267520637878147e-03
8.303215300933450976e-03
8.111550882168376900e-03
7.926018134071366808e-03
7.746360926371128122e-03
7.572323128796382141e-03
7.403648611075836286e-03
7.240081242938201447e-03
7.081364894112194587e-03
6.927243434326532667e-03
6.777460733309915303e-03
6.631785760214773361e-03
6.490087881888404603e-03
6.352261564601812890e-03
6.218201274626008156e-03
6.087801478231995994e-03
5.960956641690788940e-03
5.837561231273388253e-03
5.717509713250807334e-03
5.600696553894050911e-03
5.487016219474122845e-03
5.376363176262037406e-03
5.268631890528799322e-03
5.163716828545416790e-03
5.061512456582896273e-03
4.961913240912248571e-03
4.864813647804479280e-03
4.770108143530600066e-03
4.677691194361612188e-03
4.587457266568524712e-03
4.499300826422349305e-03
4.413126846598581024e-03
4.328882325390696201e-03
4.246524767496651087e-03
4.166011677614414078e-03
4.087300560441943162e-03
4.010348920677206733e-03
3.935114263018160176e-03
3.861554092162770152e-03
3.789625912808998985e-03
3.719287229654808565e-03
3.650495547398161650e-03
3.583208370737022731e-03
3.517383204369351531e-03
3.452977552993116445e-03
3.389948921306271557e-03
3.328254814006784395e-03
3.267852735792618150e-03
3.208700191361732543e-03
3.150754685412093369e-03
3.093973722641661650e-03
3.038318325302586439e-03
2.983763585863760236e-03
2.930288114348263574e-03
2.877870520779171777e-03
2.826489415179565812e-03
2.776123407572523606e-03
2.726751107981125258e-03
2.678351126428446961e-03
2.630902072937570547e-03
2.584382557531573078e-03
2.538771190233533783e-03
2.494046581066532327e-03
2.450187340053646638e-03
2.407172077217952910e-03
2.364979402582533842e-03
2.323587926170466063e-03
2.282976258004829236e-03
2.243123008108700855e-03
2.204006786505161453e-03
2.165606203217289392e-03
2.127901227364413072e-03
2.090877264450851508e-03
2.054521079077175488e-03
2.018819435843957968e-03
1.983759099351767134e-03
1.949326834201175942e-03
1.915509404992752143e-03
1.882293576327067610e-03
1.849666112804693782e-03
1.817613779026201011e-03
1.786123339592157917e-03
1.755181559103136373e-03
1.724775202159705865e-03
1.694891033362437398e-03
1.665515817311902409e-03
1.636636318608670820e-03
1.608239301853312117e-03
1.580311531646398388e-03
1.552839772588500205e-03
1.525810789280186621e-03
1.499211991083928761e-03
1.473033366409802567e-03
1.447265548429780418e-03
1.421899170315839029e-03
1.396924865239951644e-03
1.372333266374093893e-03
1.348115006890241189e-03
1.324260719960366345e-03
1.300761038756444990e-03
1.277606596450451670e-03
1.254788026214361148e-03
1.232295961220148620e-03
1.210121034639787983e-03
1.188253879645254866e-03
1.166685129408523165e-03
1.145405417101568726e-03
1.124405375896365229e-03
1.103675638964887002e-03
1.083206839479109460e-03
1.062989610611007581e-03
1.043014745965583669e-03
1.023273680879954305e-03
1.003758011124263614e-03
9.844593324686550656e-04
9.653692406832751691e-04
9.464793315382654445e-04
9.277812008037717491e-04
9.092664442499375551e-04
8.909266576469078523e-04
8.727534367648264379e-04
8.547383773738380852e-04
8.368730752440862661e-04
8.191491261457157537e-04
8.015581258488716464e-04
7.840916701236966572e-04
7.667413547403356677e-04
7.494987754689331257e-04
7.323555280796328285e-04
7.153032083425796576e-04
6.983334120279177356e-04
6.814379202087220621e-04
6.646092551697930974e-04
6.478401244988631546e-04
6.311232357836615110e-04
6.144512966119204797e-04
5.978170145713713980e-04
5.812130972497452780e-04
5.646322522347734570e-04
5.480671871141873808e-04
5.315106094757183867e-04
5.149552269070975952e-04
4.983937469960571026e-04
4.818188773303265114e-04
4.652233254976381890e-04
4.485997990857232558e-04
4.319410056823128866e-04
4.152396528751385813e-04
3.984884482519316230e-04
3.816800994004230238e-04
3.648073139083450427e-04
3.478634456420609728e-04
3.308444335824706596e-04
3.137468629891067718e-04
2.965673191215018154e-04
2.793023872391885674e-04
2.619486526016996967e-04
2.445027004685678177e-04
2.269611160993254635e-04
2.093204847535060889e-04
1.915773916906409260e-04
1.737284221702632670e-04
1.557701614519056991e-04
1.376991947951010538e-04
1.195121074593818371e-04
1.012054847042807718e-04
8.277591178933043183e-05
6.421997397406348587e-05
4.553425651801338187e-05
2.671534468071116221e-05
7.759823721690268096e-06
-1.133408992231192339e-05
-3.056165510573914050e-05
-4.991649950583028789e-05
-6.939225079982441931e-05
-8.898253666496043263e-05
-1.086809847784773613e-04
-1.284812228176132425e-04
-1.483768784596088783e-04
-1.683615793817022654e-04
-1.884289532611324168e-04
-2.085726277751383186e-04
-2.287862306009589837e-04
-2.490633894158333439e-04
-2.693977318970001956e-04
-2.897828857216988227e-04
-3.102124785671671542e-04
-3.306801381106458837e-04
-3.511794920293731027e-04
-3.717041680005879326e-04
-3.922477937015292240e-04
-4.128039968094359357e-04
-4.333664050015471891e-04
-4.539286459551016722e-04
-4.744843473473378016e-04
-4.950271368554960000e-04
-5.155506421568145214e-04
-5.360484909285323247e-04
-5.565143108478883688e-04
-5.769417295921217210e-04
-5.973243748384712316e-04
-6.176558742641751008e-04
-6.379298555464748893e-04
-6.581399463626057614e-04
-6.782797743898107959e-04
-6.983429673053249400e-04
-7.183231527863907307e-04
-7.382139585102439824e-04
-7.580090121541251721e-04
-7.777019413952749932e-04
-7.972863739109289352e-04
