1.783513496636958406e-01
2.167575684035062678e-01
2.573504455538997981e-01
3.000520030328041043e-01
3.447842627581472197e-01
3.914692466478561506e-01
4.400289766198594021e-01
4.903854745920838698e-01
5.424607624824580032e-01
5.961768622089086422e-01
6.514557956893644031e-01
7.082195848417525141e-01
7.663902515840004259e-01
8.258898178340364771e-01
8.866403055097876740e-01
9.485637365291825773e-01
1.011582132810147749e+00
1.075617516270611418e+00
1.140591908828501699e+00
1.206427332401745822e+00
1.273045808908271681e+00
1.340369360266006726e+00
1.408320008392878631e+00
1.476819775206815288e+00
1.545790682625744816e+00
1.615154752567594221e+00
1.684834006950291396e+00
1.754750467691764015e+00
1.824826156709940195e+00
1.894983095922746497e+00
1.965143307248112370e+00
2.035228812603963711e+00
2.105161633908229302e+00
2.174863793078836594e+00
2.244257312033713259e+00
2.313264212690786970e+00
2.381806516967985399e+00
2.449806246783235775e+00
2.517185424054467990e+00
2.583866070699606166e+00
2.649770208636580193e+00
2.714819859783318190e+00
2.778937046057746496e+00
2.842043789377793672e+00
2.904062111661387835e+00
2.964914034826454881e+00
3.024521580790923814e+00
3.082806771472722307e+00
3.139691628789778033e+00
3.195098174660019552e+00
3.248948431001370984e+00
3.301164419731764887e+00
3.351668162769125381e+00
3.400381682031382358e+00
3.447226999436461270e+00
3.492126136902292455e+00
3.535001116346801808e+00
3.575773959687917891e+00
3.614376766657538376e+00
3.650803830163588781e+00
3.685073144639446241e+00
3.717202751175030961e+00
3.747210690860264926e+00
3.775115004785068784e+00
3.800933734039364520e+00
3.824684919713071896e+00
3.846386602896113782e+00
3.866056824678413495e+00
3.883713626149889020e+00
3.899375048400462784e+00
3.913059132520055883e+00
3.924783919598590298e+00
3.934567450725987570e+00
3.942427766992168792e+00
3.948382909487052839e+00
3.952450919300565690e+00
3.954649837522625333e+00
3.954997705243154194e+00
3.953512563552073367e+00
3.950212453539305280e+00
3.945115416294769695e+00
3.938239492908389039e+00
3.929602724470083519e+00
3.919223152069775118e+00
3.907118816797385819e+00
3.893307759742836271e+00
3.877808164302325444e+00
3.860650612306463003e+00
3.841887529599426365e+00
3.821573565560977492e+00
3.799763369570874350e+00
3.776511591008878455e+00
3.751872879254751325e+00
3.725901883688254479e+00
3.698653253689146325e+00
3.670181638637189270e+00
3.640541687912143942e+00
3.609788050893768308e+00
3.577975376961825660e+00
3.545158315496076185e+00
3.511391515876281844e+00
3.476729627482200158e+00
3.441227299693592645e+00
3.404939181890220823e+00
3.367919923451847541e+00
3.330224173758228545e+00
3.291906582189128017e+00
3.253021798124304809e+00
3.213624470943520883e+00
3.173769250026535538e+00
3.133510784753112510e+00
3.092903724503007989e+00
3.052002718655984825e+00
3.010862416591804536e+00
2.969537467690226418e+00
2.928080807171038025e+00
2.886528530346443855e+00
2.844907174372640846e+00
2.803243166699580513e+00
2.761562934777218370e+00
2.719892906055511261e+00
2.678259507984411147e+00
2.636689168013875761e+00
2.595208313593857952e+00
2.553843372174312787e+00
2.512620771205196224e+00
2.471566938136463776e+00
2.430708300418067846e+00
2.390071285499965281e+00
2.349682320832108928e+00
2.309567833864456965e+00
2.269754252046962240e+00
2.230268002829578489e+00
2.191135513662263001e+00
2.152383211994969514e+00
2.114037525277653540e+00
2.076124880960269259e+00
2.038671706492770408e+00
2.001704429325114720e+00
1.965249476907254378e+00
1.929333276689147114e+00
1.893982256120745555e+00
1.859222842652004992e+00
1.825081447915793742e+00
1.791576448464933247e+00
1.758705136675653646e+00
1.726461388433463640e+00
1.694839079623866596e+00
1.663832086132369437e+00
1.633434283844475088e+00
1.603639548645689805e+00
1.574441756421518068e+00
1.545834783057465689e+00
1.517812504439038035e+00
1.490368796451738476e+00
1.463497534981074155e+00
1.437192595912548665e+00
1.411447855131669371e+00
1.386257188523938089e+00
1.361614471974862406e+00
1.337513581369945914e+00
1.313948392594694869e+00
1.290912781534614640e+00
1.268400624075208372e+00
1.246405796101982988e+00
1.224922173500442968e+00
1.203943632156093457e+00
1.183464047954439380e+00
1.163477296780986325e+00
1.143977254521238551e+00
1.124957797060702758e+00
1.106412800284882314e+00
1.088336006886478691e+00
1.070718922335313961e+00
1.053551195726502465e+00
1.036822419964446240e+00
1.020522187953545323e+00
1.004640092598201973e+00
9.891657268028165584e-01
9.740886834717908949e-01
9.593985555095251305e-01
9.450849358204207462e-01
9.311374173088795558e-01
9.175455928793017080e-01
9.042990554360894606e-01
8.913873978836429623e-01
8.788002131263635830e-01
8.665270940686529144e-01
8.545576336149113272e-01
8.428814246695404133e-01
8.314880601369415425e-01
8.203671329215151964e-01
8.095082359276631889e-01
7.989009620597858907e-01
7.885349042222850047e-01
7.783996553195615675e-01
7.684848082560166160e-01
7.587799559360511870e-01
7.492746912640666501e-01
7.399586071444641533e-01
7.308212964816447332e-01
7.218535038919559055e-01
7.130505808395336542e-01
7.044090305004593322e-01
6.959253560508154024e-01
6.875960606666837727e-01
6.794176475241466839e-01
6.713866197992859330e-01
6.634994806681838719e-01
6.557527333069220754e-01
6.481428808915828954e-01
6.406664265982483508e-01
6.333198736030005715e-01
6.260997250819211324e-01
6.190024842110928294e-01
6.120246541665969042e-01
6.051627381245162640e-01
5.984132392609324835e-01
5.917726607519274706e-01
5.852375057735832442e-01
5.788042775019823782e-01
5.724694791132062255e-01
5.662296137833373599e-01
5.600811846884576894e-01
5.540206950046490109e-01
5.480446479079938982e-01
5.421495465745739262e-01
5.363318941804712248e-01
5.305881939017679239e-01
5.249149854587950026e-01
5.193100158855903370e-01
5.137724872186969494e-01
5.083016881180630886e-01
5.028969072436368926e-01
4.975574332553668322e-01
4.922825548132006013e-01
4.870715605770863377e-01
4.819237392069725123e-01
4.768383793628070411e-01
4.718147697045382838e-01
4.668521988921143229e-01
4.619499555854831851e-01
4.571073284445930640e-01
4.523236061293924304e-01
4.475980772998291446e-01
4.429300306158510669e-01
4.383187547374070570e-01
4.337635383244446419e-01
4.292636700369122926e-01
4.248184385347580361e-01
4.204271324779301211e-01
4.160890405263766856e-01
4.118034513400460339e-01
4.075696535788860264e-01
4.033869359028448009e-01
3.992545869718708285e-01
3.951718954459119693e-01
3.911381499849165277e-01
3.871526485020697073e-01
3.832147460150247542e-01
3.793238193036778116e-01
3.754792451907640327e-01
3.716804004990181265e-01
3.679266620511757457e-01
3.642174066699717105e-01
3.605520111781411186e-01
3.569298523984192895e-01
3.533503071535411544e-01
3.498127522662419220e-01
3.463165645592566899e-01
3.428611208553207779e-01
3.394457979771689504e-01
3.360699727475364162e-01
3.327330219891586061e-01
3.294343225247702289e-01
3.261732511771067156e-01
3.229491847689030526e-01
3.197615001228943377e-01
3.166095740618157239e-01
3.134927834084024201e-01
3.104105049853894127e-01
3.073621156155117995e-01
3.043469921215048446e-01
3.013645113261035346e-01
2.984140500520430783e-01
2.954949851220586288e-01
2.926066944078976606e-01
2.897486471765228222e-01
2.869204737183157494e-01
2.841218207144794450e-01
2.813523348462160234e-01
2.786116627947285429e-01
2.758994512412191735e-01
2.732153468668905849e-01
2.705589963529455022e-01
2.679300463805861510e-01
2.653281436310156449e-01
2.627529347854359321e-01
2.602040665250497931e-01
2.576811855310598975e-01
2.551839384846686931e-01
2.527119720670787384e-01
2.502649329594926475e-01
2.478424678431130068e-01
2.454442233991423195e-01
2.430698463087831718e-01
2.407189832532380669e-01
2.383912809137096189e-01
2.360863859714002755e-01
2.338039451075126784e-01
2.315436050032494419e-01
2.293050123398130691e-01
2.270878137984061462e-01
2.248916560602311487e-01
2.227161858064908018e-01
2.205610604420307486e-01
2.184260427207679878e-01
2.163109551916543583e-01
2.142156210899547331e-01
2.121398636509338187e-01
2.100835061098567380e-01
2.080463717019883085e-01
2.060282836625934033e-01
2.040290652269369787e-01
2.020485396302838521e-01
2.000865301078988412e-01
1.981428598950470132e-01
1.962173522269931025e-01
1.943098303390021209e-01
1.924201174663388580e-01
1.905480368442683259e-01
1.886934117080553142e-01
1.868560652929648624e-01
1.850358208342616495e-01
1.832325015672106039e-01
1.814459307270767652e-01
1.796759315491248954e-01
1.779223272686199508e-01
1.761849411208268046e-01
1.744635963410103019e-01
1.727581161644355379e-01
1.710683238263671080e-01
1.693940425620700518e-01
1.677350956115557512e-01
1.660913086260915883e-01
1.644625135841178976e-01
1.628485434893335582e-01
1.612492313454372550e-01
1.596644101561278117e-01
1.580939129251041630e-01
1.565375726560648828e-01
1.549952223527088779e-01
1.534666950187349443e-01
1.519518236578418779e-01
1.504504412737284191e-01
1.489623808700934193e-01
1.474874754506357022e-01
1.460255580190539804e-01
1.445764615790471330e-01
1.431400191343139006e-01
1.417160636885530511e-01
1.403044282454634639e-01
1.389049458087438516e-01
1.375174493820930377e-01
1.361417719692098460e-01
1.347777465737929892e-01
1.334252061995413741e-01
1.320839838501538521e-01
1.307539125293290250e-01
1.294348252407657440e-01
1.281265549881628052e-01
1.268289347752190876e-01
1.255417976056332763e-01
1.242649764831042919e-01
1.229983044113308055e-01
1.217416143940116546e-01
1.204947394348457185e-01
1.192575125375316680e-01
1.180297667057683686e-01
1.168113349432545467e-01
1.156020502536890815e-01
1.144017456407706856e-01
1.132102541081982244e-01
1.120274086596705077e-01
1.108530422988863312e-01
1.096869880295443522e-01
1.085290788553434638e-01
1.073791477799824895e-01
1.062370278071601837e-01
1.051025519405753561e-01
1.039755531839268027e-01
1.028558645409133471e-01
1.017433190152336464e-01
1.006377496105867048e-01
9.953898933067113763e-02
9.844687117918587971e-02
9.736122815982958811e-02
9.628189327630121142e-02
9.520869953229946225e-02
9.414147993152303939e-02
9.308006747767094691e-02
