-1.441907482800266915e-09
-1.411915974672086973e-09
-1.382390062937319470e-09
-1.353326037668563173e-09
-1.324720188938413328e-09
-1.296568806819468287e-09
-1.268868181384324746e-09
-1.241614602705581054e-09
-1.214804360855833081e-09
-1.188433745907678557e-09
-1.162499047933714591e-09
-1.136996557006538086e-09
-1.111922563198745946e-09
-1.087273356582935900e-09
-1.063045227231705678e-09
-1.039234465217651356e-09
-1.015837360613370663e-09
-9.928502034914605036e-10
-9.702692839245183999e-10
-9.480908919851408414e-10
-9.263113177459258683e-10
-9.049268512794701767e-10
-8.839337826583704626e-10
-8.633284019552247662e-10
-8.431069992426298870e-10
-8.232658645931832448e-10
-8.038012880794817425e-10
-7.847095597741222829e-10
-7.659869697497025961e-10
-7.476298080788194814e-10
-7.296343648340704621e-10
-7.119969300880523377e-10
-6.947137939133624246e-10
-6.777812463825979358e-10
-6.611955775683559810e-10
-6.449530775432335664e-10
-6.290500363798282153e-10
-6.134827441507370373e-10
-5.982474909285564182e-10
-5.833405667858848119e-10
-5.687582617953185008e-10
-5.544968660294551116e-10
-5.405526695608914436e-10
-5.269219624622250202e-10
-5.136010348060525373e-10
-5.005861766649716217e-10
-4.878736781115794863e-10
-4.754598292184730340e-10
-4.633409200582493744e-10
-4.515132407035058240e-10
-4.399730812268395958e-10
-4.287167317008477478e-10
-4.177404821981275447e-10
-4.070406227912759409e-10
-3.966134435528903565e-10
-3.864552345555678492e-10
-3.765622858719056839e-10
-3.669308875745009185e-10
-3.575573297359508177e-10
-3.484379024288523878e-10
-3.395688957258031002e-10
-3.309465996993997028e-10
-3.225673044222397188e-10
-3.144272999669202061e-10
-3.065228764060382227e-10
-2.988503238121911884e-10
-2.914059322579760577e-10
-2.841859918159900954e-10
-2.771867925588304111e-10
-2.704046245590941662e-10
-2.638357778893785737e-10
-2.574765426222808466e-10
-2.513232088303981463e-10
-2.453720665863274790e-10
-2.396194059626662645e-10
-2.340615170320114575e-10
-2.286946898669603484e-10
-2.235152145401100470e-10
-2.185193811240577404e-10
-2.137034796914006674e-10
-2.090638003147359637e-10
-2.045966330666607388e-10
-2.002982680197721799e-10
-1.961649952466675001e-10
-1.921931048199438090e-10
-1.883788868121982938e-10
-1.847186312960281675e-10
-1.812086283440306173e-10
-1.778451680288027012e-10
-1.746245404229416839e-10
-1.715430355990447267e-10
-1.685969436297089393e-10
-1.657825545875315089e-10
-1.630961585451097001e-10
-1.605340455750405710e-10
-1.580925057499213346e-10
-1.557678291423491781e-10
-1.535563058249212369e-10
-1.514542258702346983e-10
-1.494578793508867236e-10
-1.475635563394744741e-10
-1.457675469085951370e-10
-1.440661411308458737e-10
-1.424556290788238455e-10
-1.409323008251262396e-10
-1.394924464423502432e-10
-1.381323560030929659e-10
-1.368483195799516465e-10
-1.356366272455233949e-10
-1.344935690724054239e-10
-1.334154351331948691e-10
-1.323985155004889177e-10
-1.314391002468847826e-10
-1.305334794449795478e-10
-1.296779431673704262e-10
-1.288689444961020387e-10
-1.281045379180305354e-10
-1.273836868606910681e-10
-1.267053651842233597e-10
-1.260685467487670810e-10
-1.254722054144620582e-10
-1.249153150414479364e-10
-1.243968494898644900e-10
-1.239157826198514417e-10
-1.234710882915484882e-10
-1.230617403650954299e-10
-1.226867127006319118e-10
-1.223449791582977600e-10
-1.220355135982326714e-10
-1.217572898805763169e-10
-1.215092818654684968e-10
-1.212904634130489338e-10
-1.210998083834573505e-10
-1.209362906368334437e-10
-1.207988840333169879e-10
-1.206865624330477057e-10
-1.205982996961652939e-10
-1.205330696828095528e-10
-1.204898462531201275e-10
-1.204676032672368441e-10
-1.204653145852993219e-10
-1.204819540674473869e-10
-1.205164955738207360e-10
-1.205679129645591178e-10
-1.206351800998022031e-10
-1.207172708396897663e-10
-1.208131590443615302e-10
-1.209218185739572692e-10
-1.210422232886166283e-10
-1.211733470484794077e-10
-1.213141637136853561e-10
-1.214636471443741186e-10
-1.216207712006854953e-10
-1.217845097427591831e-10
-1.219538366307349306e-10
-1.221277257247524345e-10
-1.223051508849514693e-10
-1.224850859714717576e-10
-1.226665048444530221e-10
-1.228483813640349855e-10
-1.230296893903573963e-10
-1.232094027835600031e-10
-1.233864954037824509e-10
-1.235599411111645917e-10
-1.237287137658460707e-10
-1.238917872279666364e-10
-1.240481353576660113e-10
-1.241967320150839442e-10
-1.243365510603602093e-10
-1.244665663536344260e-10
-1.245857517550463944e-10
-1.246930811247358889e-10
-1.247875537796177975e-10
-1.248685966308783955e-10
-1.249359913935087679e-10
-1.249895305220769820e-10
-1.250290064711509761e-10
-1.250542116952988954e-10
-1.250649386490887298e-10
-1.250609797870885467e-10
-1.250421275638664138e-10
-1.250081744339903468e-10
-1.249589128520284391e-10
-1.248941352725486806e-10
-1.248136341501191390e-10
-1.247172019393079075e-10
-1.246046310946830019e-10
-1.244757140708124899e-10
-1.243302433222643871e-10
-1.241680113036067354e-10
-1.239888104694076537e-10
-1.237924332742351064e-10
-1.235786721726572127e-10
-1.233473196192419365e-10
-1.230981680685574230e-10
-1.228310099751716623e-10
-1.225456377936526958e-10
-1.222418439785686171e-10
-1.219194209844874418e-10
-1.215781612659772376e-10
-1.212178572776060461e-10
-1.208383014739419090e-10
-1.204392863095528679e-10
-1.200206042390069904e-10
-1.195820477168723439e-10
-1.191234091977169443e-10
-1.186444811361088074e-10
-1.181450559866160783e-10
-1.176249262038067469e-10
-1.170838842422488549e-10
-1.165217225565104699e-10
-1.159382336011596205e-10
-1.153332098307643743e-10
-1.147064436998927729e-10
-1.140577276631128709e-10
-1.133868541749927101e-10
-1.126936156901003062e-10
-1.119778046630037914e-10
-1.112392135482711685e-10
-1.104776348004704792e-10
-1.096928608741697523e-10
-1.088846842239370811e-10
-1.080528973043405073e-10
-1.071972925699480209e-10
-1.063176624753277798e-10
-1.054137994750477353e-10
-1.044854960236759936e-10
-1.035325445757805835e-10
-1.025547375859294949e-10
-1.015518820091784882e-10
-1.005242638537297281e-10
-9.947274646201455987e-11
-9.839822754799069777e-11
-9.730160482561566236e-11
-9.618377600884715513e-11
-9.504563881164281291e-11
-9.388809094796022087e-11
-9.271203013175700294e-11
-9.151835407699082181e-11
-9.030796049761926265e-11
-8.908174710759994937e-11
-8.784061162089054469e-11
-8.658545175144863375e-11
-8.531716521323190512e-11
-8.403664972019789224e-11
-8.274480298630430951e-11
-8.144252272550872916e-11
-8.013070665176876221e-11
-7.881025247904204549e-11
-7.748205792128629342e-11
-7.614702069245896190e-11
-7.480603850651788165e-11
-7.346000907742046981e-11
-7.210983011912453125e-11
-7.075639934558753480e-11
-6.940061447076724656e-11
-6.804337320862117414e-11
-6.668557327310699316e-11
-6.532811237818237926e-11
-6.397188823780485296e-11
-6.261779856593215452e-11
-6.126674107652180445e-11
-5.991961348353151718e-11
-5.857731350091881322e-11
-5.724073884264145867e-11
-5.591078722265692238e-11
-5.458835635492297689e-11
-5.327434395339711044e-11
-5.196964773203709557e-11
-5.067516540480040760e-11
-4.939179468564479968e-11
-4.812043328852777943e-11
-4.686197892740710649e-11
-4.561732931624024322e-11
-4.438738216898490402e-11
-4.317303519959879038e-11
-4.197518612203938405e-11
-4.079473265026445112e-11
-3.963257249823146690e-11
-3.848960337989820394e-11
-3.736672300922214401e-11
-3.626482910016106612e-11
-3.518481936667244558e-11
-3.412759152271402908e-11
-3.309404328224333071e-11
-3.208507235921809718e-11
-3.110157228000885490e-11
-3.014407172747124348e-11
-2.921245658986008216e-11
-2.830654732438391206e-11
-2.742616438825126139e-11
-2.657112823867048711e-11
-2.574125933285018204e-11
-2.493637812799872253e-11
-2.415630508132466908e-11
-2.340086065003641098e-11
-2.266986529134250226e-11
-2.196313946245135159e-11
-2.128050362057149363e-11
-2.062177822291133703e-11
-1.998678372667942939e-11
-1.937534058908416967e-11
-1.878726926733411515e-11
-1.822239021863766155e-11
-1.768052390020332094e-11
-1.716149076923959889e-11
-1.666511128295490405e-11
-1.619120589855778080e-11
-1.573959507325665071e-11
-1.531009926426001935e-11
-1.490253892877633094e-11
-1.451673452401410236e-11
-1.415250650718176004e-11
-1.380967533548783380e-11
-1.348806146614074360e-11
-1.318748535634901118e-11
-1.290776746332107752e-11
-1.264872824426544011e-11
-1.241018815639054962e-11
-1.219196765690490516e-11
-1.199388720301696710e-11
-1.181576725193521355e-11
-1.165742826086813557e-11
-1.151869068702417734e-11
-1.139937498761184445e-11
-1.129930161983958918e-11
-1.121829104091589772e-11
-1.115616370804924174e-11
-1.111274007844809451e-11
-1.108784060932093739e-11
-1.108128575787623719e-11
-1.109289598132247364e-11
-1.112249173686812003e-11
-1.116989348172165609e-11
-1.123492167309154379e-11
-1.131739676818627740e-11
-1.141713922421431404e-11
-1.153396949838413992e-11
-1.166770804790422993e-11
-1.181817532998304765e-11
-1.198519180182908089e-11
-1.216857792065079001e-11
-1.236815414365666928e-11
-1.258374092805517744e-11
-1.281515873105480231e-11
-1.306222800986399938e-11
-1.332476922169127102e-11
-1.360260282374506466e-11
-1.389554927323387779e-11
-1.420342902736616755e-11
-1.452606254335042335e-11
-1.486327027839510395e-11
-1.521487268970871008e-11
-1.558069023449970046e-11
-1.596054336997653224e-11
-1.635425255334771421e-11
-1.676163824182168735e-11
-1.718252089260696371e-11
-1.761672096291197778e-11
-1.806405890994525132e-11
-1.852435519091520912e-11
-1.899743026303037293e-11
-1.948310458349917080e-11
-1.998119860953012769e-11
-2.049153279833167165e-11
-2.101392760711232118e-11
-2.154820349308049464e-11
-2.209418091344473961e-11
-2.265168032541349383e-11
-2.322052218619520149e-11
-2.380052695299839726e-11
-2.439151508303148334e-11
-2.499330703350302346e-11
-2.560572326162141013e-11
-2.622858422459518770e-11
-2.686171037963276161e-11
-2.750492218394268266e-11
-2.815804009473334659e-11
-2.882088456921331069e-11
-2.949327606459095776e-11
-3.017503503807484831e-11
-3.086598194687340070e-11
-3.156593724819514312e-11
-3.227472139924848100e-11
-3.299215485724194900e-11
-3.371805807938401717e-11
-3.445225152288309740e-11
-3.519455564494775020e-11
-3.594479090278636160e-11
-3.670277775360751151e-11
-3.746833665461956658e-11
-3.824128806303109379e-11
-3.902145243605049208e-11
-3.980865023088630261e-11
-4.060270190474694370e-11
-4.140342791484094357e-11
-4.221064871837672702e-11
-4.302418477256281580e-11
-4.384385653460762825e-11
-4.466948446171970551e-11
-4.550088901110744653e-11
