-1.441907482800266915e-09
-1.413001308794322658e-09
-1.384675687075814017e-09
-1.356924483577843600e-09
-1.329741564233510294e-09
-1.303120794975914640e-09
-1.277056041738158625e-09
-1.251541170453342169e-09
-1.226570047054565607e-09
-1.202136537474929479e-09
-1.178234507647534738e-09
-1.154857823505481306e-09
-1.132000350981870136e-09
-1.109655956009802183e-09
-1.087818504522377779e-09
-1.066481862452697053e-09
-1.045639895733861164e-09
-1.025286470298970447e-09
-1.005415452081125029e-09
-9.860207070134262776e-10
-9.670961010289743192e-10
-9.486355000608696947e-10
-9.306327700422129446e-10
-9.130817769061049196e-10
-8.959763865856458501e-10
-8.793104650139365868e-10
-8.630778781240780838e-10
-8.472724918491697443e-10
-8.318881721223130394e-10
-8.169187848766083028e-10
-8.023581960451563854e-10
-7.882002715610576207e-10
-7.744388773574123426e-10
-7.610678793673214017e-10
-7.480811435238854421e-10
-7.354725357602047974e-10
-7.232359220093801116e-10
-7.113651682045120287e-10
-6.998541402787007789e-10
-6.886967041650475231e-10
-6.778867257966525953e-10
-6.674180711066163289e-10
-6.572846060280395749e-10
-6.474801964940227703e-10
-6.379987084376665591e-10
-6.288340077920712749e-10
-6.199799604903379754e-10
-6.114304324655670977e-10
-6.031792896508587687e-10
-5.952203979793139425e-10
-5.875476233840329529e-10
-5.801548317981167540e-10
-5.730358891546654728e-10
-5.661846613867799599e-10
-5.595950144275605492e-10
-5.532608142101081947e-10
-5.471759266675232302e-10
-5.413342177329060928e-10
-5.357295533393576333e-10
-5.303557994199781854e-10
-5.252068219078685998e-10
-5.202764867361291068e-10
-5.155586598378604539e-10
-5.110472071461631814e-10
-5.067359945941379335e-10
-5.026188881148854573e-10
-4.986897536415058799e-10
-4.949424571070999486e-10
-4.913708644447682039e-10
-4.879688415876112897e-10
-4.847302544687299533e-10
-4.816489690212245286e-10
-4.787188511781955561e-10
-4.759337668727437830e-10
-4.732875820379696466e-10
-4.707741626069737906e-10
-4.683873745128567558e-10
-4.661210836887189792e-10
-4.639691560676612599e-10
-4.619254575827841383e-10
-4.599838541671881551e-10
-4.581382117539736956e-10
-4.563823962762415590e-10
-4.547102736670921305e-10
-4.531157098596262611e-10
-4.515925707869441292e-10
-4.501347223821466891e-10
-4.487360305783343778e-10
-4.473903613086075292e-10
-4.460915805060672524e-10
-4.448335541038135192e-10
-4.436101480349473873e-10
-4.424152282325688801e-10
-4.412426606297792103e-10
-4.400863111596785566e-10
-4.389400457553675110e-10
-4.377977303499466660e-10
-4.366532308765167688e-10
-4.355004132681781531e-10
-4.343331434580313079e-10
-4.331452873791772905e-10
-4.319307109647161246e-10
-4.306832801477487644e-10
-4.293968608613754917e-10
-4.280653190386971057e-10
-4.266825206128143537e-10
-4.252423315168271559e-10
-4.237386176838366731e-10
-4.221652450469431875e-10
-4.205160795392473945e-10
-4.187849870938497315e-10
-4.169658336438509974e-10
-4.150524851223516810e-10
-4.130388074624521161e-10
-4.109186665972532051e-10
-4.086864953163197718e-10
-4.063422952071224090e-10
-4.038892286487775882e-10
-4.013304942992147887e-10
-3.986692908163641100e-10
-3.959088168581552899e-10
-3.930522710825180143e-10
-3.901028521473823312e-10
-3.870637587106778749e-10
-3.839381894303344865e-10
-3.807293429642820588e-10
-3.774404179704503295e-10
-3.740746131067692432e-10
-3.706351270311685892e-10
-3.671251584015780019e-10
-3.635479058759275809e-10
-3.599065681121470122e-10
-3.562043437681661886e-10
-3.524444315019146927e-10
-3.486300299713226241e-10
-3.447643378343196172e-10
-3.408505537488356682e-10
-3.368918763728003596e-10
-3.328915043641437394e-10
-3.288526363807955970e-10
-3.247784710806856184e-10
-3.206722071217437482e-10
-3.165370431618997757e-10
-3.123761778590835420e-10
-3.081928098712247332e-10
-3.039901378562533455e-10
-2.997713604720991165e-10
-2.955396763766918875e-10
-2.912982842279614995e-10
-2.870503826838376902e-10
-2.827991704022503525e-10
-2.785478460411292757e-10
-2.742996082584041458e-10
-2.700576557120051660e-10
-2.658251870598618154e-10
-2.616054009599040901e-10
-2.574014960700616763e-10
-2.532166710482645701e-10
-2.490541245524423542e-10
-2.449170552405250764e-10
-2.408086617704423711e-10
-2.367321428001242862e-10
-2.326906969875003525e-10
-2.286875229905006698e-10
-2.247258194670548723e-10
-2.208087850750928787e-10
-2.169396184725444526e-10
-2.131215183173393833e-10
-2.093576832674076929e-10
-2.056513119806787573e-10
-2.020056031150828828e-10
-1.984237553285497555e-10
-1.949088356184594034e-10
-1.914616994963970655e-10
-1.880813674550369460e-10
-1.847668044427590104e-10
-1.815169754079430689e-10
-1.783308452989690354e-10
-1.752073790642167977e-10
-1.721455416520662694e-10
-1.691442980108971576e-10
-1.662026130890895828e-10
-1.633194518350233035e-10
-1.604937791970781819e-10
-1.577245601236340799e-10
-1.550107595630710405e-10
-1.523513424637687965e-10
-1.497452737741073391e-10
-1.471915184424664788e-10
-1.446890414172261033e-10
-1.422368076467660747e-10
-1.398337820794663067e-10
-1.374789296637067131e-10
-1.351712153478670782e-10
-1.329096040803273935e-10
-1.306930608094674950e-10
-1.285205504836672707e-10
-1.263910380513065567e-10
-1.243034884607653185e-10
-1.222568666604233921e-10
-1.202501375986606656e-10
-1.182822662238569750e-10
-1.163522174843922858e-10
-1.144589563286464601e-10
-1.126014477049993339e-10
-1.107786565618308728e-10
-1.089895478475208611e-10
-1.072330865104492903e-10
-1.055082374989959446e-10
-1.038139657615407380e-10
-1.021492362464635453e-10
-1.005130139021442544e-10
-9.890426367696277901e-11
-9.732195051929895532e-11
-9.576503937753271000e-11
-9.423249520004393090e-11
-9.272328293521237665e-11
-9.123636753141811609e-11
-8.977071393704090783e-11
-8.832528710046069145e-11
-8.689905197005732897e-11
-8.549097349421068243e-11
-8.410001662130069140e-11
-8.272514629970714035e-11
-8.136532747781000763e-11
-8.001952510398914234e-11
-7.868670412662443237e-11
-7.736582949409572681e-11
-7.605586615478295230e-11
-7.475579340553363516e-11
-7.346506457405261748e-11
-7.218370426962728413e-11
-7.091177111272761674e-11
-6.964932372382353234e-11
-6.839642072338511595e-11
-6.715312073188229753e-11
-6.591948236978499409e-11
-6.469556425756322604e-11
-6.348142501568696210e-11
-6.227712326462614515e-11
-6.108271762485078266e-11
-5.989826671683083043e-11
-5.872382916103625718e-11
-5.755946357793707685e-11
-5.640522858800320648e-11
-5.526118281170464061e-11
-5.412738486951135444e-11
-5.300389338189329729e-11
-5.189076696932046372e-11
-5.078806425226285476e-11
-4.969584385119036159e-11
-4.861416438657306923e-11
-4.754308447888084302e-11
-4.648266274858374213e-11
-4.543295781615163835e-11
-4.439402830205461672e-11
-4.336593282676256840e-11
-4.234873001074546858e-11
-4.134247847447337643e-11
-4.034723683841613791e-11
-3.936306372304385742e-11
-3.839001774882638090e-11
-3.742815753623379340e-11
-3.647754170573595376e-11
-3.553822887780295995e-11
-3.461027767290465790e-11
-3.369374671151113265e-11
-3.278869461409226244e-11
-3.189518000111810647e-11
-3.101326149305854943e-11
-3.014299771038365052e-11
-2.928444727356329444e-11
-2.843766880306754361e-11
-2.760272091936627628e-11
-2.677966224292951286e-11
-2.596855139422727700e-11
-2.516944699372944048e-11
-2.438240766190607540e-11
-2.360749201922706326e-11
-2.284475868616245676e-11
-2.209426628318214709e-11
-2.135607343075619020e-11
-2.063023874935448371e-11
-1.991682085944707067e-11
-1.921587838150384224e-11
-1.852746993599485761e-11
-1.785165310505611842e-11
-1.718839500598355807e-11
-1.653750337182074029e-11
-1.589876971164429776e-11
-1.527198553453087284e-11
-1.465694234955697863e-11
-1.405343166579929144e-11
-1.346124499233434213e-11
-1.288017383823878925e-11
-1.231000971258916850e-11
-1.175054412446214003e-11
-1.120156858293424443e-11
-1.066287459708212888e-11
-1.013425367598234045e-11
-9.615497328711531180e-12
-9.106397064346248116e-12
-8.606744391963138466e-12
-8.116330820638744426e-12
-7.634947859449695432e-12
-7.162387017472608804e-12
-6.698439803784038855e-12
-6.242897727460627138e-12
-5.795552297578929582e-12
-5.356195023215581277e-12
-4.924617413447140576e-12
-4.500610977350249031e-12
-4.083967224001460147e-12
-3.674477662477413863e-12
-3.271933801854666914e-12
-2.876127151209856815e-12
-2.486849219619541917e-12
-2.103891516160360543e-12
-1.727045549908865793e-12
-1.356102829941700433e-12
-9.908548653354201884e-13
-6.310931651666455099e-13
-2.766092385119892240e-13
7.280540555198791991e-14
4.173592579486488362e-13
7.572608096014347444e-13
1.092718551433712194e-12
1.423940974368915160e-12
1.751136569330416426e-12
2.074513827241650978e-12
2.394281239025983925e-12
2.710647295606855099e-12
3.023820487907633447e-12
3.334009306851750521e-12
3.641422243362578500e-12
3.946267788363554185e-12
4.248754432778042889e-12
4.549090667529483837e-12
4.847484983541261325e-12
5.144145871736762072e-12
5.439281823039417225e-12
5.733101328372601386e-12
6.025812878659747319e-12
6.317624964824225587e-12
6.608746077789468951e-12
6.899384708478849593e-12
7.189749347815801081e-12
7.480048486723696402e-12
7.770490616125965090e-12
8.061284226945979321e-12
8.352637810107174283e-12
8.644759856532920538e-12
8.937858857146653274e-12
9.232143302871754362e-12
9.527821684631613752e-12
9.825102493349666631e-12
1.012419421994928195e-11
1.042530535535389327e-11
1.072864439048686955e-11
1.103441981627164758e-11
1.134284012363159955e-11
1.165411380349015579e-11
1.196844934677069011e-11
1.228605524439663445e-11
1.260713998729136099e-11
1.293191206637829846e-11
1.326057997258082226e-11
1.359335219682236759e-11
1.393043723002631955e-11
1.427204356311606647e-11
1.461837968701504030e-11
1.496965409264660516e-11
1.532607527093420752e-11
1.568785171280120504e-11
1.605519190917104905e-11
1.642830435096709073e-11
1.680739752911277819e-11
1.719267993453147231e-11
1.758436005814662118e-11
1.798264639088156953e-11
1.838774742365977839e-11
1.879987164740460863e-11
1.921922755303949544e-11
1.964602363148779969e-11
2.008046837367296948e-11
2.052277027051839154e-11
2.097313781294743320e-11
2.143177949188354904e-11
2.189890379825009345e-11
2.237471922297052101e-11
2.285943425696817644e-11
2.335325739116652078e-11
2.385639711648890196e-11
2.436906192385876810e-11
2.489146030419948007e-11
2.542380074843448274e-11
2.596629174748714023e-11
2.651914179228088771e-11
2.708255937373908928e-11
2.765675298278519630e-11
2.824193111034255023e-11
