-1.441907482800266915e-09
-1.353524884121039578e-09
-1.268533644655082400e-09
-1.186871003478238192e-09
-1.108474199666348525e-09
-1.033280472295254558e-09
-9.612270604407974474e-10
-8.922512031788196959e-10
-8.262901395851620474e-10
-7.632811087356665902e-10
-7.031613497061745853e-10
-6.458681015725271906e-10
-5.913386034105667010e-10
-5.395100942961340674e-10
-4.903198133050710681e-10
-4.437049995132195843e-10
-3.996028919964206706e-10
-3.579507298305160532e-10
-3.186857520913469933e-10
-2.817451978547553207e-10
-2.470663061965826582e-10
-2.145863161926703448e-10
-1.842424669188599515e-10
-1.559719974509931531e-10
-1.297121468649114175e-10
-1.054001542364561479e-10
-8.297325864146913552e-11
-6.236869915579166714e-11
-4.352371485526546273e-11
-2.637554481573200636e-11
-1.086142811303268838e-11
3.081396176990554396e-12
1.551568897849653639e-11
2.650421121564359138e-11
3.610972381259025187e-11
4.439498769349487872e-11
5.142276378251600079e-11
5.725581300381200155e-11
6.195689628154147126e-11
6.558877453986272876e-11
6.821420870293428676e-11
6.989595969491463860e-11
7.069678843996218712e-11
7.067945586223542565e-11
6.990672288589283459e-11
6.844135043509277803e-11
6.634609943399378805e-11
6.368373080675434507e-11
6.051700547753287778e-11
5.690868437048791182e-11
5.292152840977774665e-11
4.861829851956093376e-11
4.406175562399599232e-11
3.931466064724128641e-11
3.443977451345530935e-11
2.949985814679656094e-11
2.455767247142343433e-11
1.967597841149443901e-11
1.491753689116801660e-11
1.034510883460258772e-11
6.021455165956665103e-12
2.009336809388689551e-12
-1.629789269009222821e-12
-4.870656976328086576e-12
-7.728012414397608552e-12
-1.021867232216209988e-11
-1.235945343856582199e-11
-1.416717250255305816e-11
-1.565864625306808356e-11
-1.685069142905519760e-11
-1.776012476945862376e-11
-1.840376301322269539e-11
-1.879842289929165859e-11
-1.896092116660980791e-11
-1.890807455412140562e-11
-1.865669980077075921e-11
-1.822361364550210830e-11
-1.762563282725975071e-11
-1.687957408498796807e-11
-1.600225415763102910e-11
-1.501048978413322513e-11
-1.392109770343882165e-11
-1.275089465449209546e-11
-1.151669737623734273e-11
-1.023532260761881927e-11
-8.923587087580792161e-12
-7.598307555067583448e-12
-6.276300749023445688e-12
-4.974383408392652445e-12
-3.709372272119495055e-12
-2.498084079148236580e-12
-1.357335568423167346e-12
-3.039434788885442043e-13
6.464546569853310499e-13
1.490728336161718199e-12
2.233280065959770545e-12
2.878615877998140514e-12
3.431241803895479521e-12
3.895663875270442216e-12
4.276388123741680821e-12
4.577920580927847157e-12
4.804767278447601123e-12
4.961434247919584036e-12
5.052427520962459027e-12
5.082253129194870645e-12
5.055417104235477981e-12
4.976425477702936086e-12
4.849784281215887895e-12
4.679999546392995730e-12
4.471577304852911409e-12
4.229023588214286755e-12
3.956844428095770355e-12
3.659545856116024532e-12
3.341633903893694643e-12
3.007614603047438970e-12
2.661993985195903680e-12
2.309278081957748671e-12
1.953972924951618492e-12
1.600584545796177485e-12
1.253618976110072018e-12
9.175822475119563331e-13
5.969803916204833623e-13
2.963194400543067432e-13
2.010542443207845996e-14
-2.279045834431681548e-13
-4.477299509312712488e-13
-6.405776321367491566e-13
-8.076550145899361002e-13
-9.501694858211667560e-13
-1.069328433360775649e-12
-1.166339244739096395e-12
-1.242409307486462307e-12
-1.298746009133207507e-12
-1.336556737209667932e-12
-1.357048879246175685e-12
-1.361429822773064886e-12
-1.350906955320670666e-12
-1.326687664419325934e-12
-1.289979337599366428e-12
-1.241989362391125257e-12
-1.183925126324936544e-12
-1.116994016931134409e-12
-1.042403421740052771e-12
-9.613607282820265587e-13
-8.750733240873889848e-13
-7.847485966864744729e-13
-6.915939336096172450e-13
-5.968167223871508164e-13
-5.016243505494101156e-13
-4.072242056267285570e-13
-3.148236751494404634e-13
-2.256301466478800568e-13
-1.408510076523791105e-13
-6.169364569327596119e-14
1.063548078787430431e-14
7.531815632238622714e-14
1.325233222675972397e-13
1.825744971261903207e-13
2.257951994008494019e-13
2.625089475942574807e-13
2.930392602090981103e-13
3.177096557480543136e-13
3.368436527138098958e-13
3.507647696090478043e-13
3.597965249364514405e-13
3.642624371987045089e-13
3.644860248984900577e-13
3.607908065384915892e-13
3.535003006213923032e-13
3.429380256498749448e-13
3.294275001266241272e-13
3.132922425543223937e-13
2.948557714356533983e-13
2.744416052733003910e-13
2.523732625699467230e-13
2.289742618282757956e-13
2.045681215509707328e-13
1.794783602407150876e-13
1.540284964001922363e-13
1.285420485320853532e-13
1.033425351390779534e-13
7.875347472385333750e-14
5.509838578909478084e-14
3.270078683748572279e-14
1.188419637170891015e-14
-7.031756926737990993e-15
-2.389336858890631440e-14
-3.877139238761384590e-14
-5.175251480326001701e-14
-6.292342231624405099e-14
-7.237080140696530046e-14
-8.018133855582300445e-14
-8.644172024321655977e-14
-9.123863294954512340e-14
-9.465876315520820575e-14
-9.678879734060495117e-14
-9.771542198613468074e-14
-9.752532357219676603e-14
-9.630518857919049023e-14
-9.414170348751509869e-14
-9.112155477756996296e-14
-8.733142892975425267e-14
-8.285801242446746557e-14
-7.778799174210883441e-14
-7.220805336307764237e-14
-6.620488376777322316e-14
-5.986516943659484736e-14
-5.327559684994181079e-14
-4.652285248821350396e-14
-3.969362283180912802e-14
-3.287459436112804191e-14
-2.615245355656954777e-14
-1.961388689853290988e-14
-1.334558086741749191e-14
-7.434221943622547077e-15
-1.966496607547411058e-15
2.975177808978661351e-15
7.368527272240495473e-15
1.123573692855207775e-14
1.460003419682724162e-14
1.748464649597985249e-14
1.991280124492381835e-14
2.190772586257295570e-14
2.349264776784116622e-14
2.469079437964230741e-14
2.552539311689025573e-14
2.601967139849885920e-14
2.619685664338201006e-14
2.608017627045357844e-14
2.569285769862739659e-14
2.505812834681736305e-14
2.419921563393733218e-14
2.313934697890119619e-14
2.190174980062276210e-14
2.050965151801597263e-14
1.898627954999466949e-14
1.735486131547271968e-14
1.563862423336398385e-14
1.386079572258234003e-14
1.204460320204164572e-14
1.021327409065578210e-14
8.390035807338606671e-15
6.598115771003995885e-15
4.860741400565812772e-15
3.201140114937919571e-15
1.642539333034192136e-15
2.081664737685019508e-16
-1.081724702529749222e-15
-2.225870742043484500e-15
-3.230476966799133511e-15
-4.101766572052971276e-15
-4.845962753061069684e-15
-5.469288705079680089e-15
-5.977967623364901990e-15
-6.378222703172963473e-15
-6.676277139759982178e-15
-6.878354128382164891e-15
-6.990676864295663965e-15
-7.019468542756634908e-15
-6.970952359021267939e-15
-6.851351508345723298e-15
-6.666889185986164383e-15
-6.423788587198775100e-15
-6.128272907239699127e-15
-5.786565341365136147e-15
-5.404889084831219580e-15
-4.989467332894157788e-15
-4.546523280810072360e-15
-4.082280123835181911e-15
-3.602961057225606452e-15
-3.114789276237563022e-15
-2.623987976127167687e-15
-2.136780352150644191e-15
-1.659389599564106825e-15
-1.198038913623750934e-15
-7.589514895857681176e-16
-3.483505227062814913e-16
2.754139019252670772e-17
3.641413615273300052e-16
6.620806594072200197e-16
9.230246459430334254e-16
1.148638683245547023e-15
1.340588133425593474e-15
1.500538358593955644e-15
1.630154720861457024e-15
1.731102582338888369e-15
1.805047305137067054e-15
1.853654251366791133e-15
1.878588783138870684e-15
1.881516262564108098e-15
1.864102051753311681e-15
1.828011512817285005e-15
1.774910007866836178e-15
1.706462899012766210e-15
1.624335548365889323e-15
1.530193318037000018e-15
1.425701570136914883e-15
1.312525666776429012e-15
1.192330970066359387e-15
1.066782842117499720e-15
9.375466450406681781e-16
8.062877409466566982e-16
6.746714919462845315e-16
5.443632601503446998e-16
4.170284076696490094e-16
2.943322966150099571e-16
1.779402890972197509e-16
6.951774722709653288e-17
-2.928018015865573892e-17
-1.175415194958148912e-16
-1.955881883962559556e-16
-2.638584400470238969e-16
-3.227905276351812448e-16
-3.728227043477748007e-16
-4.143932233718643332e-16
-4.479403378944999472e-16
-4.739023011027384529e-16
-4.927173661836319767e-16
-5.048237863242364413e-16
-5.106598147116046142e-16
-5.106637045327913333e-16
-5.052737089748500563e-16
-4.949280812248359171e-16
-4.800650744698013872e-16
-4.611229418968028824e-16
-4.385399366928920853e-16
-4.127543120451255104e-16
-3.842043211405548897e-16
-3.533282171662368854e-16
-3.205642533092226871e-16
-2.863506827565697461e-16
-2.511257586953283151e-16
-2.153277343125567576e-16
-1.793948627953049565e-16
-1.437653973306311027e-16
-1.088775911055852393e-16
-7.516969730722575436e-17
-4.307996912260255561e-17
-1.304665973877187858e-17
1.450566184866800990e-17
3.941685469362701548e-17
6.176595198349897243e-17
8.164060435569746948e-17
9.912846244763087841e-17
1.143171768967121316e-16
1.272943983403502664e-16
1.381477774159575373e-16
1.469649647609436595e-16
1.538336110127202713e-16
1.588413668086975563e-16
1.620758827862868568e-16
1.636248095828988742e-16
1.635757978359441620e-16
1.620164981828338160e-16
1.590345612609785622e-16
1.547176377077890034e-16
1.491533781606767531e-16
1.424294332570514773e-16
1.346334536343250113e-16
1.258530899299074156e-16
1.161759927812102544e-16
1.056898128256434648e-16
9.448220070061898080e-17
8.264080704354629586e-17
7.025328249183762743e-17
5.740727768290245662e-17
4.419044325415294543e-17
3.069042984299859964e-17
1.699488808685082626e-17
3.191468623121269236e-18
-1.063217791078080180e-17
-2.438840087744306884e-17
-3.798954963945609353e-17
-5.134797355940769230e-17
-6.437602199988841486e-17
-7.698604432348595745e-17
-8.909038989279105468e-17
-1.006014080703914521e-16
-1.114314482188775330e-16
-1.214928597008374743e-16
-1.306979918788614006e-16
-1.389591941155375011e-16
-1.461888157734559125e-16
-1.522992062152049228e-16
-1.572027148033744470e-16
-1.608116909005533152e-16
-1.630384838693305055e-16
-1.637954430722955878e-16
-1.629949178720375157e-16
-1.605492576311454150e-16
-1.563708117122088310e-16
-1.503719294778163968e-16
-1.424649602905579038e-16
-1.325622535130217388e-16
-1.205761585077981370e-16
-1.064190246374749549e-16
-9.000320126464295800e-17
-7.124103775188948504e-17
-5.004488346180579447e-17
-2.632708775697869201e-17
0.000000000000000000e+00
