-1.441907482800266915e-09
-1.437825834382854134e-09
-1.433922297778325902e-09
-1.430189811344730339e-09
-1.426621313440114740e-09
-1.423209742422524538e-09
-1.419948036650009094e-09
-1.416829134480614876e-09
-1.413845974272388764e-09
-1.410991494383378053e-09
-1.408258633171629622e-09
-1.405640328995191387e-09
-1.403129520212108987e-09
-1.400719145180431164e-09
-1.398402142258204798e-09
-1.396171449803476357e-09
-1.394020006174293961e-09
-1.391940749728703665e-09
-1.389926618824753175e-09
-1.387970551820489993e-09
-1.386065487073960792e-09
-1.384204362943212659e-09
-1.382380117786292270e-09
-1.380585689961248364e-09
-1.378814017826127203e-09
-1.377058039738975666e-09
-1.375310694057841669e-09
-1.373564919140771265e-09
-1.371813653345812781e-09
-1.370049835031012685e-09
-1.368266402554418064e-09
-1.366456294274076833e-09
-1.364612448548035458e-09
-1.362727803734341027e-09
-1.360795298191041041e-09
-1.358807870276182380e-09
-1.356758458347812752e-09
-1.354640000763978831e-09
-1.352445435882727911e-09
-1.350167702062106872e-09
-1.347799737660162802e-09
-1.345334481034944029e-09
-1.342764870544496813e-09
-1.340083844546867828e-09
-1.337284341400104988e-09
-1.334359299462255173e-09
-1.331301657091365886e-09
-1.328104352645483799e-09
-1.324760324482656620e-09
-1.321262510960930816e-09
-1.317603850438354095e-09
-1.313777281272973544e-09
-1.309775741822835837e-09
-1.305592170445988681e-09
-1.301219505500478751e-09
-1.296650685344353754e-09
-1.291878648335660984e-09
-1.286896332832446909e-09
-1.281696677192759028e-09
-1.276272619774644016e-09
-1.270617098936149995e-09
-1.264723053035323844e-09
-1.258583420430212444e-09
-1.252191139478862469e-09
-1.245539148539322040e-09
-1.238620385969637625e-09
-1.231427790127856930e-09
-1.223954299372026630e-09
-1.216192852060194018e-09
-1.208136386550406597e-09
-1.199777841200710832e-09
-1.191110154369154845e-09
-1.182126264413785102e-09
-1.172819109692648899e-09
-1.163181628563793115e-09
-1.153206759385265666e-09
-1.142887440515113017e-09
-1.132216610311382463e-09
-1.121187207132121505e-09
-1.109792169335376404e-09
-1.098024435279195694e-09
-1.085876943321625428e-09
-1.073342631820713727e-09
-1.060414439134506646e-09
-1.047085303621051892e-09
-1.033348163638396965e-09
-1.019195957544588540e-09
-1.004621623697673910e-09
-9.896181004556999569e-10
-9.741783325906379086e-10
-9.583016531424597656e-10
-9.420057710425254144e-10
-9.253116791511273210e-10
-9.082403703285586754e-10
-8.908128374351116335e-10
-8.730500733310789716e-10
-8.549730708767531559e-10
-8.366028229324263422e-10
-8.179603223583919272e-10
-7.990665620149416533e-10
-7.799425347623684002e-10
-7.606092334609646339e-10
-7.410876509710232342e-10
-7.213987801528365638e-10
-7.015636138666970889e-10
-6.816031449728976890e-10
-6.615383663317305202e-10
-6.413902708034883588e-10
-6.211798512484634640e-10
-6.009281005269489223e-10
-5.806560114992369932e-10
-5.603845770256203494e-10
-5.401347899663916639e-10
-5.199276431818430927e-10
-4.997841295322674120e-10
-4.797252418779572947e-10
-4.597719730792051552e-10
-4.399453159963034597e-10
-4.202662634895448811e-10
-4.007558084192224024e-10
-3.814349436456280246e-10
-3.623246620290544721e-10
-3.434459564297942629e-10
-3.248198197081401214e-10
-3.064672447243842038e-10
-2.884092243388195963e-10
-2.706667514117386618e-10
-2.532608188034340215e-10
-2.362124193741980381e-10
-2.195425459843234103e-10
-2.032721914941027076e-10
-1.874223487638283445e-10
-1.720140106537931748e-10
-1.570681700242895096e-10
-1.426046361885313071e-10
-1.286294597249424884e-10
-1.151398146088566670e-10
-1.021327268722225587e-10
-8.960522254698965509e-11
-7.755432766510637487e-11
-6.597706825852169252e-11
-5.487047035918436926e-11
-4.423155999904337309e-11
-3.405736321004747818e-11
-2.434490602414561052e-11
-1.509121447328658950e-11
-6.293314589419295091e-12
2.051767595507434750e-12
9.947006049544674820e-12
1.739537474074361624e-11
2.439984763715537661e-11
3.096339870683110587e-11
3.708900191782209771e-11
4.277963123817913533e-11
4.803826063595356089e-11
5.286786407919650979e-11
5.727141553595908508e-11
6.125188897429243508e-11
6.481225836224768871e-11
6.795549766787605243e-11
7.068458085922860346e-11
7.300248190435644488e-11
7.491217477131082192e-11
7.641663342814276011e-11
7.751883184290347883e-11
7.822174398364402947e-11
7.852834381841564432e-11
7.844160531526938771e-11
7.796450244225645315e-11
7.710000916742791788e-11
7.585109945883493666e-11
7.422074728452869011e-11
7.221192661256025546e-11
6.982761141098083916e-11
6.707077564784153137e-11
6.394439329119349977e-11
6.045143830908779574e-11
5.659488466957566452e-11
5.237772744393580580e-11
4.780638834002754131e-11
4.289447471470613531e-11
3.765649872570991142e-11
3.210697253077719328e-11
2.626040828764634655e-11
2.013131815405554299e-11
1.373421428774338088e-11
7.083608846448090981e-12
1.940139879079653902e-13
-6.920058130138645518e-12
-1.424409534995339314e-11
-2.176358551379792797e-11
-2.946401646393394574e-11
-3.733087604262312121e-11
-4.534965209212707581e-11
-5.350583245470754406e-11
-6.178490497262611185e-11
-7.017235748814450724e-11
-7.865367784352438721e-11
-8.721435388102740872e-11
-9.583987344291521584e-11
-1.045157243714494914e-10
-1.132273945088921896e-10
-1.219603716975043600e-10
-1.307001437795480473e-10
-1.394321985972849084e-10
-1.481420239929765100e-10
-1.568151078088845735e-10
-1.654369378872708205e-10
-1.739930020703967918e-10
-1.824687882005242865e-10
-1.908497841199148969e-10
-1.991214776708302412e-10
-2.072693566955320927e-10
-2.152789090362821214e-10
-2.231356225353418678e-10
-2.308249850349731053e-10
-2.383324843774376071e-10
-2.456436084049968364e-10
-2.527438449599124631e-10
-2.596186818844461054e-10
-2.662536070208596916e-10
-2.726341082114145815e-10
-2.787456732983727034e-10
-2.845754080773184329e-10
-2.901232676291166943e-10
-2.953953345021730687e-10
-3.003977289814132957e-10
-3.051365713517634770e-10
-3.096179818981496625e-10
-3.138480809054975403e-10
-3.178329886587333155e-10
-3.215788254427828830e-10
-3.250917115425721891e-10
-3.283777672430272841e-10
-3.314431128290740109e-10
-3.342938685856385229e-10
-3.369361547976466633e-10
-3.393760917500242236e-10
-3.416197997276975122e-10
-3.436733990155922172e-10
-3.455430098986344918e-10
-3.472347526617502310e-10
-3.487547475898655365e-10
-3.501091149679060445e-10
-3.513039750807980119e-10
-3.523454482134673335e-10
-3.532396546508399558e-10
-3.539927146778418254e-10
-3.546107485793990957e-10
-3.550998766404373513e-10
-3.554662191458829523e-10
-3.557158963806616386e-10
-3.558550286296994600e-10
-3.558897361779224149e-10
-3.558261393102563464e-10
-3.556703583116273044e-10
-3.554285134669613389e-10
-3.551067250611842414e-10
-3.547111133792220618e-10
-3.542477987060007466e-10
-3.537229013264464493e-10
-3.531425415254848062e-10
-3.525128395880421256e-10
-3.518399157990441475e-10
-3.511298904434167666e-10
-3.503888838060862397e-10
-3.496230161719783066e-10
-3.488383876090278950e-10
-3.480398851656991909e-10
-3.472305157102771082e-10
-3.464131243751171177e-10
-3.455905562925747941e-10
-3.447656565950059187e-10
-3.439412704147655488e-10
-3.431202428842094143e-10
-3.423054191356931411e-10
-3.414996443015721488e-10
-3.407057635142019084e-10
-3.399266219059380462e-10
-3.391650646091359297e-10
-3.384239367561512888e-10
-3.377060834793394392e-10
-3.370143499110560073e-10
-3.363515811836566192e-10
-3.357206224294965909e-10
-3.351243187809315486e-10
-3.345655153703169635e-10
-3.340470573300085134e-10
-3.335717897923613592e-10
-3.331425578897314373e-10
-3.327622067544740638e-10
-3.324335815189447614e-10
-3.321595273154990528e-10
-3.319428892764923576e-10
-3.317865125342805088e-10
-3.316932422212187705e-10
-3.316659234696626656e-10
-3.317074014119679755e-10
-3.318205211804898092e-10
-3.320081279075838965e-10
-3.322730667256059151e-10
-3.326181827669112329e-10
-3.330463211638551141e-10
-3.335603270487934951e-10
-3.341630455540816918e-10
-3.348573218120753306e-10
-3.356460009551298825e-10
-3.365319281156008186e-10
-3.375179484258436616e-10
-3.386069070182138828e-10
-3.398016490250673151e-10
-3.411050195787591193e-10
-3.425190072744817647e-10
-3.440408077797470154e-10
-3.456659505296163541e-10
-3.473899632862271747e-10
-3.492083738117169230e-10
-3.511167098682228896e-10
-3.531104992178826237e-10
-3.551852696228331574e-10
-3.573365488452122983e-10
-3.595598646471571302e-10
-3.618507447908049955e-10
-3.642047170382935467e-10
-3.666173091517598160e-10
-3.690840488933414041e-10
-3.716004640251756535e-10
-3.741620823093999063e-10
-3.767644315081516601e-10
-3.794030393835681538e-10
-3.820734336977867298e-10
-3.847711422129448853e-10
-3.874916926911799112e-10
-3.902306128946293048e-10
-3.929834305854303567e-10
-3.957456735257205126e-10
-3.985128694776368565e-10
-4.012805462033171959e-10
-4.040442314648987180e-10
-4.067994530245188687e-10
-4.095417386443146800e-10
-4.122666160864238561e-10
-4.149696131129839462e-10
-4.176462574861318273e-10
-4.202920769680053587e-10
-4.229025993207415209e-10
-4.254733523064779148e-10
-4.279998636873519859e-10
-4.304776612255008699e-10
-4.329022726830620125e-10
-4.352692258221732213e-10
-4.375740484049711666e-10
-4.398122681935937593e-10
-4.419794129501780834e-10
-4.440710104368616362e-10
-4.460825884157817601e-10
-4.480096746490758491e-10
-4.498477968988813489e-10
-4.515924829273353950e-10
-4.532392604965756918e-10
-4.547836573687394264e-10
-4.562212013059640962e-10
-4.575474200703867334e-10
-4.587578414241451973e-10
-4.598479931293764684e-10
-4.608134029482183025e-10
-4.616495986428076801e-10
-4.623521079752823055e-10
-4.629164587077793658e-10
-4.633381786024363586e-10
-4.636127954213904709e-10
-4.637358369267793037e-10
-4.637028308807400442e-10
-4.635093050454101381e-10
-4.631507871829271345e-10
-4.626228050554282207e-10
-4.619208864250507390e-10
-4.610405590539322903e-10
-4.599773507042098032e-10
-4.587267891380212405e-10
-4.572844021175035309e-10
-4.556457174047943787e-10
-4.538062627620307125e-10
-4.517615659513504952e-10
-4.495071547348905520e-10
-4.470385568747885872e-10
-4.443513001331820465e-10
-4.414409122722081171e-10
-4.383029210540040897e-10
-4.349328542407075651e-10
-4.313262395944557822e-10
-4.274786048773861350e-10
-4.233854778516361728e-10
-4.190423862793429275e-10
-4.144448579226442069e-10
-4.095884205436768363e-10
-4.044686019045789335e-10
-3.990809297674869619e-10
-3.934209318945392979e-10
-3.874841360478724566e-10
-3.812660699896244007e-10
