-1.441907482800266915e-09
-1.412587974176890517e-09
-1.383923663827748178e-09
-1.355907126627424128e-09
-1.328530937450499083e-09
-1.301787671171555827e-09
-1.275669902665177143e-09
-1.250170206805946228e-09
-1.225281158468444004e-09
-1.200995332527253668e-09
-1.177305303856957796e-09
-1.154203647332138139e-09
-1.131682937827377273e-09
-1.109735750217258394e-09
-1.088354659376363252e-09
-1.067532240179274424e-09
-1.047261067500574073e-09
-1.027533716214845189e-09
-1.008342761196669728e-09
-9.896807773206302666e-10
-9.715403394613087612e-10
-9.539140224932888224e-10
-9.367944012911513723e-10
-9.201740507294798149e-10
-9.040455456828565197e-10
-8.884014610258635466e-10
-8.732343716330837822e-10
-8.585368523790987691e-10
-8.443014781384916011e-10
-8.305208237858448546e-10
-8.171874641957407962e-10
-8.042939742427616921e-10
-7.918329288014898088e-10
-7.797969027465079296e-10
-7.681784709523983211e-10
-7.569702082937435598e-10
-7.461646896451256019e-10
-7.357544898811274376e-10
-7.257321838763307129e-10
-7.160903465053186248e-10
-7.068215526426735431e-10
-6.979183771629775274e-10
-6.893733949408130510e-10
-6.811791808507626904e-10
-6.733283097674088154e-10
-6.658133565653336924e-10
-6.586268961191202083e-10
-6.517615033033503192e-10
-6.452097529926064984e-10
-6.389642200614713224e-10
-6.330174793845269542e-10
-6.273621058363561773e-10
-6.219906742915411547e-10
-6.168957596246643595e-10
-6.120699367103082649e-10
-6.075057804230551375e-10
-6.031958656374876571e-10
-5.991327672281878833e-10
-5.953090600697388065e-10
-5.917173190367221759e-10
-5.883501190037211886e-10
-5.852000348453172837e-10
-5.822596414360937618e-10
-5.795215136506323721e-10
-5.769782263635161050e-10
-5.746223544493270199e-10
-5.724464727826476935e-10
-5.704431562380604956e-10
-5.686049796901478995e-10
-5.669245180134920680e-10
-5.653943460826757847e-10
-5.640070387722811090e-10
-5.627551709568909279e-10
-5.616313175110871975e-10
-5.606280533094528046e-10
-5.597379532265697055e-10
-5.589535921370204767e-10
-5.582675449153874880e-10
-5.576723864362534194e-10
-5.571606915742005374e-10
-5.567250352038112117e-10
-5.563579921996677088e-10
-5.560521374363528120e-10
-5.558000457884487878e-10
-5.555942921305379026e-10
-5.554274513372029396e-10
-5.552920982830257519e-10
-5.551808078425893295e-10
-5.550861548904756287e-10
-5.550007143012675363e-10
-5.549170609495470084e-10
-5.548277697098969319e-10
-5.547254154568992630e-10
-5.546025730651367851e-10
-5.544518174091917645e-10
-5.542657233636466746e-10
-5.540368658030837816e-10
-5.537578196020856623e-10
-5.534211596352346863e-10
-5.530194607771132235e-10
-5.525452979023037472e-10
-5.519912458853886271e-10
-5.513498796009506465e-10
-5.506137739235714516e-10
-5.497755037278341359e-10
-5.488276438883210693e-10
-5.477627692796143112e-10
-5.465734547762965418e-10
-5.452522752529501308e-10
-5.437918055841574481e-10
-5.421846206445009668e-10
-5.404232953085629533e-10
-5.385004044509262945e-10
-5.364085229461727397e-10
-5.341402256688852792e-10
-5.316888230045894053e-10
-5.290548509983170883e-10
-5.262429469041204726e-10
-5.232577950487516582e-10
-5.201040797589628481e-10
-5.167864853615062456e-10
-5.133096961831339505e-10
-5.096783965505982694e-10
-5.058972707906515089e-10
-5.019710032300454587e-10
-4.979042781955328389e-10
-4.937017800138654392e-10
-4.893681930117956695e-10
-4.849082015160758365e-10
-4.803264898534576264e-10
-4.756277423506937594e-10
-4.708166433345363352e-10
-4.658978771317375572e-10
-4.608761280690493184e-10
-4.557560804732239769e-10
-4.505424186710139946e-10
-4.452398269891712645e-10
-4.398529897544479898e-10
-4.343865912935964253e-10
-4.288453159333691362e-10
-4.232338480005177053e-10
-4.175568718217948011e-10
-4.118190717239522132e-10
-4.060251320337425068e-10
-4.001797370779176265e-10
-3.942875711832299824e-10
-3.883533186764316225e-10
-3.823816638842747501e-10
-3.763772911335116201e-10
-3.703448847508943840e-10
-3.642891290631752967e-10
-3.582147083971064580e-10
-3.521263070794399160e-10
-3.460286094369284426e-10
-3.399262997963237758e-10
-3.338240624843781705e-10
-3.277265818278437781e-10
-3.216385421534730087e-10
-3.155646277880179104e-10
-3.095095230582306347e-10
-3.034779122908634882e-10
-2.974744798126686742e-10
-2.915039099503982406e-10
-2.855708870308045459e-10
-2.796800953806396898e-10
-2.738362193266559274e-10
-2.680439431956054099e-10
-2.623079513142403408e-10
-2.566329280093130266e-10
-2.510235576075753085e-10
-2.454845244357798035e-10
-2.400205128206786630e-10
-2.346360555908072717e-10
-2.293331408780948471e-10
-2.241116453080766483e-10
-2.189713815929781321e-10
-2.139121624450244963e-10
-2.089338005764411975e-10
-2.040361086994534080e-10
-1.992188995262864809e-10
-1.944819857691656659e-10
-1.898251801403164196e-10
-1.852482953519639658e-10
-1.807511441163335802e-10
-1.763335391456505125e-10
-1.719952931521402968e-10
-1.677362188480281570e-10
-1.635561289455393428e-10
-1.594548361568992075e-10
-1.554321531943330265e-10
-1.514878927700661530e-10
-1.476218675963238627e-10
-1.438338903853315086e-10
-1.401237738493143147e-10
-1.364913307004977375e-10
-1.329363736511069234e-10
-1.294587154133673030e-10
-1.260581686995041261e-10
-1.227345462217427717e-10
-1.194876606923084378e-10
-1.163173248234265681e-10
-1.132233513273223089e-10
-1.102055529162211426e-10
-1.072637423023482931e-10
-1.043977321979290877e-10
-1.016073353151888924e-10
-9.889236436635287945e-11
-9.625263206364650542e-11
-9.368795111929500711e-11
-9.119813424552369889e-11
-8.878299415455790805e-11
-8.644234355862291019e-11
-8.417599516994407139e-11
-8.198376170074664137e-11
-7.986545586325602500e-11
-7.782089036969745908e-11
-7.584987793229616752e-11
-7.395223126327764564e-11
-7.212776307486714318e-11
-7.037628607928994866e-11
-6.869761298877135060e-11
-6.709155651553668922e-11
-6.555792937181129182e-11
-6.409654426982040814e-11
-6.270721392178941718e-11
-6.138975103994360746e-11
-6.014396833650828042e-11
-5.896967852370873751e-11
-5.786669431377031894e-11
-5.683481168247040261e-11
-5.587327368293642354e-11
-5.498065700972112187e-11
-5.415549868579695313e-11
-5.339633573413633407e-11
-5.270170517771178487e-11
-5.207014403949569643e-11
-5.150018934246053722e-11
-5.099037810957875632e-11
-5.053924736382282865e-11
-5.014533412816517098e-11
-4.980717542557823884e-11
-4.952330827903450715e-11
-4.929226971150642500e-11
-4.911259674596643500e-11
-4.898282640538698622e-11
-4.890149571274053420e-11
-4.886714169099951510e-11
-4.887830136313642322e-11
-4.893351175212364948e-11
-4.903130988093369465e-11
-4.917023277253900135e-11
-4.934881744991199926e-11
-4.956560093602516332e-11
-4.981912025385092966e-11
-5.010791242636177323e-11
-5.043051447653010431e-11
-5.078546342732843661e-11
-5.117129630172916105e-11
-5.158655012270473315e-11
-5.202976191322766017e-11
-5.249946869627032654e-11
-5.299420749480525890e-11
-5.351251533180482230e-11
-5.405292923024154985e-11
-5.461398621308780659e-11
-5.519422330331614501e-11
-5.579217752389891078e-11
-5.640638589780864345e-11
-5.703538544801774686e-11
-5.767771319749872179e-11
-5.833190616922392037e-11
-5.899650138616591447e-11
-5.967003587129707561e-11
-6.035104664758989164e-11
-6.103807073801679872e-11
-6.172964516555023300e-11
-6.242430695316268232e-11
-6.312059312382658283e-11
-6.381704070051435777e-11
-6.451218670619850791e-11
-6.520456816385148232e-11
-6.589272209644566545e-11
-6.657518552695359686e-11
-6.725049547834764807e-11
-6.791718897360037156e-11
-6.857380303568410008e-11
-6.921888002140764832e-11
-6.985142699806483645e-11
-7.047126977681733877e-11
-7.107831751001838806e-11
-7.167247935002135927e-11
-7.225366444917961441e-11
-7.282178195984641211e-11
-7.337674103437517903e-11
-7.391845082511912209e-11
-7.444682048443169379e-11
-7.496175916466612690e-11
-7.546317601817583516e-11
-7.595098019731407717e-11
-7.642508085443421498e-11
-7.688538714188958475e-11
-7.733180821203352266e-11
-7.776425321721930026e-11
-7.818263130980037005e-11
-7.858685164212995188e-11
-7.897682336656138193e-11
-7.935245563544803513e-11
-7.971365760114322183e-11
-8.006033841600030405e-11
-8.039240723237256625e-11
-8.070977320261335754e-11
-8.101234547907598825e-11
-8.130003321411380747e-11
-8.157274556008019016e-11
-8.183039166932838201e-11
-8.207288069421175798e-11
-8.230012178708365424e-11
-8.251202410029738111e-11
-8.270849678620628769e-11
-8.288944899716368432e-11
-8.305478988552293301e-11
-8.320442860363731825e-11
-8.333827430386021497e-11
-8.345623613854489473e-11
-8.355822326004477126e-11
-8.364414482071310318e-11
-8.371390997290326544e-11
-8.376742786896854251e-11
-8.380460766126233520e-11
-8.382535850213791506e-11
-8.382958954394861825e-11
-8.381720993904778096e-11
-8.378812883978872644e-11
-8.374225539852484255e-11
-8.367949876760936209e-11
-8.359976809939569876e-11
-8.350297254623713705e-11
-8.338902126048702605e-11
-8.325782339449870195e-11
-8.310928810062547506e-11
-8.294332453122066863e-11
-8.275984183863764470e-11
-8.255874917522970066e-11
-8.233995569335022438e-11
-8.210337054535246157e-11
-8.184890288358981302e-11
-8.157646186041558907e-11
-8.128595662818311296e-11
-8.097729633924569501e-11
-8.065039014595669725e-11
-8.030514720066943001e-11
-7.994147665573724239e-11
-7.955928766351345763e-11
-7.915848937635137314e-11
-7.873899094660438971e-11
-7.830070152662575305e-11
-7.784353026876887688e-11
-7.736738632538703276e-11
-7.687217884883358270e-11
-7.635781699146182410e-11
-7.582420990562514485e-11
-7.527126674367679064e-11
-7.469889665797018812e-11
-7.410700880085858299e-11
-7.349551232469536312e-11
-7.286431638183381300e-11
-7.221333012462730757e-11
-7.154246270542914424e-11
-7.085162327659264624e-11
-7.014072099047122731e-11
-6.940966499941808145e-11
-6.865836445578666115e-11
-6.788672851193021212e-11
-6.709466632020212223e-11
-6.628208703295567596e-11
-6.544889980254427410e-11
-6.459501378132114944e-11
-6.372033812163971569e-11
-6.282478197585323149e-11
-6.190825449631511055e-11
-6.097066483537858566e-11
-6.001192214539709638e-11
-5.903193557872386257e-11
-5.803061428771233672e-11
-5.700786742471568700e-11
-5.596360414208737235e-11
-5.489773359218072249e-11
-5.381016492734898313e-11
-5.270080729994558737e-11
-5.156956986232376153e-11
-5.041636176683693872e-11
-4.924109216583833878e-11
-4.804367021168140777e-11
-4.682400505671935906e-11
-4.558200585330565808e-11
-4.431758175379347298e-11
-4.303064191053630796e-11
-4.172109547588732470e-11
-4.038885160220000803e-11
-3.903381944182754548e-11
-3.765590814712340246e-11
