-1.441907482800266915e-09
-1.415363905664460625e-09
-1.389366735309084271e-09
-1.363909564319626497e-09
-1.338985985281572640e-09
-1.314589590780410311e-09
-1.290713973401627123e-09
-1.267352725730710066e-09
-1.244499440353144891e-09
-1.222147709854419828e-09
-1.200291126820021457e-09
-1.178923283835436560e-09
-1.158037773486151716e-09
-1.137628188357654950e-09
-1.117688121035433046e-09
-1.098211164104972373e-09
-1.079190910151760339e-09
-1.060620951761283932e-09
-1.042494881519029938e-09
-1.024806292010485760e-09
-1.007548775821137771e-09
-9.907159255364733742e-10
-9.743013337419791473e-10
-9.582985930231424949e-10
-9.427012959654502014e-10
-9.275030351543897748e-10
-9.126974031754475858e-10
-8.982779926141103152e-10
-8.842383960558659881e-10
-8.705722060862006649e-10
-8.572730152906019572e-10
-8.443344162545566492e-10
-8.317500015635518352e-10
-8.195133638030738862e-10
-8.076180955586105167e-10
-7.960577894156484078e-10
-7.848260379596745506e-10
-7.739164337761759359e-10
-7.633225694506392448e-10
-7.530380375685521921e-10
-7.430564307154012518e-10
-7.333713414766734150e-10
-7.239763624378559830e-10
-7.148650861844355332e-10
-7.060311053018992635e-10
-6.974680123757341650e-10
-6.891693999914274355e-10
-6.811288607344656525e-10
-6.733399871903360138e-10
-6.657963719445256139e-10
-6.584916075825210303e-10
-6.514192866898096677e-10
-6.445730018518782068e-10
-6.379463456542138456e-10
-6.315329106823035751e-10
-6.253262895216341796e-10
-6.193200747576929603e-10
-6.135078589759665981e-10
-6.078832347619422909e-10
-6.024397947011068230e-10
-5.971711313789477023e-10
-5.920708373809508860e-10
-5.871325052926042957e-10
-5.823497276993947157e-10
-5.777160971868088268e-10
-5.732252063403339304e-10
-5.688706477454570174e-10
-5.646460139876646653e-10
-5.605448976524443823e-10
-5.565608913252826423e-10
-5.526875875916669534e-10
-5.489185790370838931e-10
-5.452474582470206592e-10
-5.416678178069642428e-10
-5.381732503024016350e-10
-5.347573483188195167e-10
-5.314137044417054992e-10
-5.281359112565458499e-10
-5.249175613488279734e-10
-5.217522473040388608e-10
-5.186335617076653998e-10
-5.155550971451945813e-10
-5.125104462021133965e-10
-5.094932014639088365e-10
-5.064969555160678922e-10
-5.035153009440774514e-10
-5.005418303334247119e-10
-4.975701362695964580e-10
-4.945938113380796807e-10
-4.916064481243617848e-10
-4.886016392139291408e-10
-4.855729771922690500e-10
-4.825140546448684002e-10
-4.794184641572144924e-10
-4.762797983147936976e-10
-4.730916497030936269e-10
-4.698476109076009615e-10
-4.665412745138026922e-10
-4.631662331071859136e-10
-4.597160792732373582e-10
-4.561844055974442757e-10
-4.525648046652935536e-10
-4.488508690622723381e-10
-4.450361913738671032e-10
-4.411143641855654606e-10
-4.370789800828543494e-10
-4.329236316512202955e-10
-4.286419114761506001e-10
-4.242274121431319958e-10
-4.196737262376518873e-10
-4.149744463451969037e-10
-4.101231650512541912e-10
-4.051134749413107925e-10
-3.999389686008534402e-10
-3.945932386153694356e-10
-3.890707033944610105e-10
-3.833738942438403098e-10
-3.775099472644874066e-10
-3.714860514101250428e-10
-3.653093956344769427e-10
-3.589871688912659000e-10
-3.525265601342152254e-10
-3.459347583170481778e-10
-3.392189523934878611e-10
-3.323863313172572241e-10
-3.254440840420798360e-10
-3.183993995216786456e-10
-3.112594667097769635e-10
-3.040314745600979453e-10
-2.967226120263646432e-10
-2.893400680623004713e-10
-2.818910316216284300e-10
-2.743826916580717267e-10
-2.668222371253535686e-10
-2.592168569771971113e-10
-2.515737401673256138e-10
-2.439000756494620765e-10
-2.362030523773298102e-10
-2.284898593046519963e-10
-2.207676853851519454e-10
-2.130437195725526580e-10
-2.053251508205773672e-10
-1.976191680829492029e-10
-1.899329603133914756e-10
-1.822737164656272893e-10
-1.746486254933797737e-10
-1.670648763503721877e-10
-1.595296579903277128e-10
-1.520501593669694787e-10
-1.446335694340206410e-10
-1.372870771452045103e-10
-1.300178714542441390e-10
-1.228331413148625790e-10
-1.157400756807834643e-10
-1.087458635057296403e-10
-1.018576937434243141e-10
-9.508275534759079647e-11
-8.842823727195217840e-11
-8.190132847023158960e-11
-7.550921789615228904e-11
-6.925909450343740645e-11
-6.315814724581018788e-11
-5.721356507699378247e-11
-5.143253695071137809e-11
-4.582225182068615617e-11
-4.038989864064126584e-11
-3.514266636429988207e-11
-3.008774394538525736e-11
-2.523232033762056991e-11
-2.058358449472878145e-11
-1.614872537043341912e-11
-1.193493191845748181e-11
-7.949026822003774401e-12
-4.191680564126872908e-12
-6.584587325028368082e-13
2.655227605568207505e-12
5.753967382786051245e-12
8.642349531850542169e-12
1.132496298546152198e-11
1.380639667631877017e-11
1.609123953712212845e-11
1.818408050057144174e-11
2.008950849936655982e-11
2.181211246620723716e-11
2.335648133379339299e-11
2.472720403482475593e-11
2.592886950200118707e-11
2.696606666802252809e-11
2.784338446558859810e-11
2.856541182739923231e-11
2.913673768615423367e-11
2.956195097455344386e-11
2.984564062529669167e-11
2.999239557108380587e-11
3.000680474461460876e-11
2.989345707858890329e-11
2.965694150570655053e-11
2.930184695866735987e-11
2.883276237017116008e-11
2.825427667291778964e-11
2.757097879960704178e-11
2.678745768293874851e-11
2.590830225561276767e-11
2.493810145032893128e-11
2.388144419978700349e-11
2.274291943668688738e-11
2.152711609372835358e-11
2.023862310361124056e-11
1.888202939903540616e-11
1.746192391270063069e-11
1.598289557730675586e-11
1.444953332555361852e-11
1.286642609014105067e-11
1.123816280376885040e-11
9.569332399136864245e-12
7.864523808944916139e-12
6.128325965892775887e-12
4.365327802680385356e-12
2.580118252007500619e-12
7.772862465739565091e-13
-1.038579280920430112e-12
-2.862889397775806439e-12
-4.691055171292377422e-12
-6.518487668770294291e-12
-8.340597957509739987e-12
-1.015279710481088977e-11
-1.195049617797391568e-11
-1.372910624429898732e-11
-1.548403837108629530e-11
-1.721076471074135379e-11
-1.890677548655827846e-11
-2.057199301398939806e-11
-2.220648440281091141e-11
-2.381031676279905610e-11
-2.538355720372994695e-11
-2.692627283537980538e-11
-2.843853076752483993e-11
-2.992039810994123001e-11
-3.137194197240519060e-11
-3.279322946469289145e-11
-3.418432769658053783e-11
-3.554530377784432210e-11
-3.687622481826043662e-11
-3.817715792760508021e-11
-3.944817021565444523e-11
-4.068932879218472403e-11
-4.190070076697209605e-11
-4.308235324979278595e-11
-4.423435335042297318e-11
-4.535676817863879838e-11
-4.644966484421656377e-11
-4.751311045693233247e-11
-4.854717212656244546e-11
-4.955191696288295294e-11
-5.052741207567016358e-11
-5.147372457470016634e-11
-5.239092156974928929e-11
-5.327907017059362138e-11
-5.413823748700932914e-11
-5.496849062877272122e-11
-5.576989670565988014e-11
-5.654252282744708873e-11
-5.728643610391046179e-11
-5.800170364482626276e-11
-5.868839255997061292e-11
-5.934656995911979510e-11
-5.997630295204993057e-11
-6.057765864853723753e-11
-6.115070415835789542e-11
-6.169550659128814830e-11
-6.221213305710412390e-11
-6.270065066558205335e-11
-6.316112652649812900e-11
-6.359362774962851737e-11
-6.399822144474943667e-11
-6.437497472163706631e-11
-6.472395469006762453e-11
-6.504522845981730366e-11
-6.533886314066224437e-11
-6.560492584237870363e-11
-6.584348367474286089e-11
-6.605460374753086973e-11
-6.623835317051896127e-11
-6.639479905348331495e-11
-6.652400850620014898e-11
-6.662604863844561693e-11
-6.670098838470470830e-11
-6.674905565721367879e-11
-6.677075846100449668e-11
-6.676663331218357970e-11
-6.673721672685738436e-11
-6.668304522113232838e-11
-6.660465531111488119e-11
-6.650258351291148637e-11
-6.637736634262856163e-11
-6.622954031637252471e-11
-6.605964195024984503e-11
-6.586820776036699203e-11
-6.565577426283034464e-11
-6.542287797374637230e-11
-6.517005540922153151e-11
-6.489784308536221414e-11
-6.460677751827491547e-11
-6.429739522406604031e-11
-6.397023271884201930e-11
-6.362582651870932186e-11
-6.326471313977437866e-11
-6.288742909814362034e-11
-6.249451090992349048e-11
-6.208649509122045851e-11
-6.166391815814090337e-11
-6.122731662679129449e-11
-6.077722701327806253e-11
-6.031418583370771568e-11
-5.983872960418656828e-11
-5.935139484082118021e-11
-5.885271805971790459e-11
-5.834323577698324962e-11
-5.782348450872358132e-11
-5.729400077104540789e-11
-5.675532108005511474e-11
-5.620798195185917778e-11
-5.565251990256403410e-11
-5.508947144827608205e-11
-5.451937310510184921e-11
-5.394276138914766931e-11
-5.336017281652006347e-11
-5.277214390332540417e-11
-5.217921116567021254e-11
-5.158191111966084815e-11
-5.098078028140380627e-11
-5.037635516700547878e-11
-4.976917229257234803e-11
-4.915976817421083821e-11
-4.854867932802739935e-11
-4.793644227012842980e-11
-4.732359351662042484e-11
-4.671066958360977633e-11
-4.609820698720293432e-11
-4.548674224350640055e-11
-4.487681186862651519e-11
-4.426895237866980583e-11
-4.366370028974263204e-11
-4.306159211795151494e-11
-4.246316437940282056e-11
-4.186895359020305063e-11
-4.127949626645858411e-11
-4.069532892427593567e-11
-4.011698807976145193e-11
-3.954501024902165403e-11
-3.897993194816292092e-11
-3.842228969329175434e-11
-3.787262000051453970e-11
-3.733145938593772057e-11
-3.679934436566778578e-11
-3.627681145581111427e-11
-3.576439717247420132e-11
-3.526263803176343234e-11
-3.477207054978530907e-11
-3.429323124264619754e-11
-3.382665662645260594e-11
-3.337288321731091324e-11
-3.293244753132761471e-11
-3.250588608460910221e-11
-3.209373539326186458e-11
-3.169653197339228721e-11
-3.131481234110685247e-11
-3.094911301251197161e-11
-3.059997050371409467e-11
-3.026792133081969109e-11
-2.995350200993514627e-11
-2.965724905716694257e-11
-2.937969898862148478e-11
-2.912138832040524880e-11
-2.888285356862464589e-11
-2.866463124938614224e-11
-2.846725787879614266e-11
-2.829126997296111981e-11
-2.813720404798748817e-11
-2.800559661998170102e-11
-2.789698420505019224e-11
-2.781190331929941187e-11
-2.775089047883578733e-11
-2.771448219976576543e-11
-2.770321499819577682e-11
-2.771762539023227800e-11
-2.775824989198169639e-11
-2.782562501955046587e-11
-2.792028728904503648e-11
-2.804277321657184857e-11
-2.819361931823733279e-11
-2.837336211014794241e-11
-2.858253810841010161e-11
-2.882168382913026044e-11
-2.909133578841484955e-11
-2.939203050237031897e-11
-2.972430448710309936e-11
-3.008869425871965044e-11
-3.048573633332637057e-11
-3.091596722702974209e-11
-3.137992345593616333e-11
