-1.441907482800266915e-09
-1.398755487309387235e-09
-1.356660682799178031e-09
-1.315611269797849715e-09
-1.275595448833608352e-09
-1.236601420434663320e-09
-1.198617385129223165e-09
-1.161631543445496645e-09
-1.125632095911690859e-09
-1.090607243056014771e-09
-1.056545185406677136e-09
-1.023434123491885468e-09
-9.912622578398481094e-10
-9.600177889787740224e-10
-9.296889174368717556e-10
-9.002638437423485135e-10
-8.717307684234137754e-10
-8.440778920082752628e-10
-8.172934150251414209e-10
-7.913655380022202814e-10
-7.662824614677207031e-10
-7.420323859498507179e-10
-7.186035119768182538e-10
-6.959840400768322732e-10
-6.741621707781012214e-10
-6.531261046088331300e-10
-6.328640420972363409e-10
-6.133641837715184722e-10
-5.946147301598893134e-10
-5.766038817905561722e-10
-5.593198391917279077e-10
-5.427508028916122412e-10
-5.268849734184180317e-10
-5.117105513003535175e-10
-4.972157370656267305e-10
-4.833887312424464259e-10
-4.702177343590205323e-10
-4.576909469435576498e-10
-4.457965695242657584e-10
-4.345228026293537171e-10
-4.238578467870295058e-10
-4.137899025255014147e-10
-4.043071703729782510e-10
-3.953978508576676844e-10
-3.870501445077784186e-10
-3.792522518515187957e-10
-3.719923734170970539e-10
-3.652587097327215870e-10
-3.590394613266006334e-10
-3.533228287269424832e-10
-3.480970124619556335e-10
-3.433502130598483743e-10
-3.390706310488288925e-10
-3.352464669571055817e-10
-3.318659213128867836e-10
-3.289171946443809954e-10
-3.263884874797963520e-10
-3.242680003473411954e-10
-3.225439337752239190e-10
-3.212044882916528648e-10
-3.202378644248363747e-10
-3.196322627029826870e-10
-3.193758836543001438e-10
-3.194569278069970868e-10
-3.198635956892819097e-10
-3.205840878293629542e-10
-3.216066047554484072e-10
-3.229193469957467657e-10
-3.245105150784662164e-10
-3.263683095318152563e-10
-3.284809308840020204e-10
-3.308365796632349541e-10
-3.334234563977223992e-10
-3.362297616156726458e-10
-3.392436958452940359e-10
-3.424534596147949631e-10
-3.458472534523835623e-10
-3.494132778862683823e-10
-3.531397334446576098e-10
-3.570148206557596901e-10
-3.610267400477829134e-10
-3.651636921489355182e-10
-3.694138774874258979e-10
-3.737654965914623946e-10
-3.782067499892534017e-10
-3.827258382090072095e-10
-3.873109617789320047e-10
-3.919503212272363876e-10
-3.966321170821283384e-10
-4.013445498718166123e-10
-4.060758201245090343e-10
-4.108141283684145150e-10
-4.155476751317408276e-10
-4.202646609426967791e-10
-4.249532863294903497e-10
-4.296017518203300879e-10
-4.341982579434240771e-10
-4.387310052269808143e-10
-4.431881941992087965e-10
-4.475580253883159519e-10
-4.518286993225109327e-10
-4.559884165300020806e-10
-4.600253775389976859e-10
-4.639277828777056251e-10
-4.676838330743349122e-10
-4.712817286570936823e-10
-4.747096701541898637e-10
-4.779558580938322117e-10
-4.810084930042289650e-10
-4.838557754135884652e-10
-4.864859058501188477e-10
-4.888870848420285575e-10
-4.910475129175261434e-10
-4.929553906048196371e-10
-4.945989184321176906e-10
-4.959673793587450910e-10
-4.970606901473203611e-10
-4.978848031963699415e-10
-4.984457401800111658e-10
-4.987495227723622986e-10
-4.988021726475406737e-10
-4.986097114796643486e-10
-4.981781609428509675e-10
-4.975135427112184845e-10
-4.966218784588842334e-10
-4.955091898599666855e-10
-4.941814985885828644e-10
-4.926448263188510345e-10
-4.909051947248890466e-10
-4.889686254808143379e-10
-4.868411402607447594e-10
-4.845287607387983685e-10
-4.820375085890927059e-10
-4.793734054857454156e-10
-4.765424731028744519e-10
-4.735507331145976656e-10
-4.704042071950325972e-10
-4.671089170182973045e-10
-4.636708842585092763e-10
-4.600961305897867770e-10
-4.563906776862469338e-10
-4.525605472220080109e-10
-4.486117608711874973e-10
-4.445503403079033472e-10
-4.403823072062731530e-10
-4.361136832404149723e-10
-4.317504900844462423e-10
-4.272987494124851239e-10
-4.227644828986490546e-10
-4.181537122170559883e-10
-4.134724590418235693e-10
-4.087267450470698033e-10
-4.039225919069120760e-10
-3.990660212954686516e-10
-3.941630548868569676e-10
-3.892197143551948746e-10
-3.842420213746002752e-10
-3.792359976191907101e-10
-3.742076647630841850e-10
-3.691630444803983958e-10
-3.641081584452510899e-10
-3.590490283317600664e-10
-3.539916758140430728e-10
-3.489421225662179597e-10
-3.439063902624024230e-10
-3.388905005767142618e-10
-3.339004751832712752e-10
-3.289423357561911589e-10
-3.240221039695918155e-10
-3.191458014975907855e-10
-3.143194500143060749e-10
-3.095490711938555862e-10
-3.048404750685381180e-10
-3.001959167494797660e-10
-2.956147015899588293e-10
-2.910960456568611967e-10
-2.866391650170727569e-10
-2.822432757374797087e-10
-2.779075938849675792e-10
-2.736313355264225154e-10
-2.694137167287305096e-10
-2.652539535587774505e-10
-2.611512620834493819e-10
-2.571048583696321408e-10
-2.531139584842115127e-10
-2.491777784940737482e-10
-2.452955344661047876e-10
-2.414664424671903647e-10
-2.376897185642165749e-10
-2.339645788240693071e-10
-2.302902393136344241e-10
-2.266659160997979956e-10
-2.230908252494459879e-10
-2.195641828294641863e-10
-2.160852049067387640e-10
-2.126531075481554028e-10
-2.092671068206002759e-10
-2.059264187909591686e-10
-2.026302595261180730e-10
-1.993778450929630330e-10
-1.961683915583798857e-10
-1.930011149892545197e-10
-1.898752314524730565e-10
-1.867899570149213331e-10
-1.837445077434853158e-10
-1.807380997050509709e-10
-1.777699489665041613e-10
-1.748392715947309308e-10
-1.719452836566171681e-10
-1.690872012190488396e-10
-1.662642403489118857e-10
-1.634756171130922210e-10
-1.607205475784758634e-10
-1.579982478119486501e-10
-1.553079338803966507e-10
-1.526488218507057540e-10
-1.500201277897617194e-10
-1.474210677644508493e-10
-1.448508578416588773e-10
-1.423087140882717956e-10
-1.397938525711755446e-10
-1.373054893572560130e-10
-1.348428405133992448e-10
-1.324051221064910769e-10
-1.299915502034175531e-10
-1.276013408710645623e-10
-1.252337101763180707e-10
-1.228878741860640188e-10
-1.205630489671883469e-10
-1.182584574290589150e-10
-1.159735485363724800e-10
-1.137080436859763862e-10
-1.114616804939346267e-10
-1.092341965763109621e-10
-1.070253295491694376e-10
-1.048348170285738525e-10
-1.026623966305880838e-10
-1.005078059712759696e-10
-9.837078266670149038e-11
-9.625106433292844550e-11
-9.414838858602073778e-11
-9.206249304204224420e-11
-8.999311531705688050e-11
-8.793999302712851072e-11
-8.590286378832098597e-11
-8.388146521669820908e-11
-8.187553492832405701e-11
-7.988481053926240672e-11
-7.790902966557710934e-11
-7.594792992333218401e-11
-7.400124892859128796e-11
-7.206872429741855667e-11
-7.015009364587763446e-11
-6.824509459003261801e-11
-6.635346474594715164e-11
-6.447494172968534497e-11
-6.260926315731091986e-11
-6.075616664488777914e-11
-5.891538980847994194e-11
-5.708667026415107198e-11
-5.526974562796527239e-11
-5.346435351598623275e-11
-5.167023154427801742e-11
-4.988711732890429012e-11
-4.811474848592915400e-11
-4.635286263141630507e-11
-4.460119738142979478e-11
-4.285949035203331917e-11
-4.112747915929096198e-11
-3.940490141926639340e-11
-3.769149474802368426e-11
-3.598699676162653058e-11
-3.429114507613903551e-11
-3.260367730762484984e-11
-3.092433107214794746e-11
-2.925284398577233460e-11
-2.758895366456168789e-11
-2.593239772458006523e-11
-2.428291378189118527e-11
-2.264023945255909300e-11
-2.100411235264749090e-11
-1.937427009822045305e-11
-1.775045030534167222e-11
-1.613239059007520633e-11
-1.451982856848475787e-11
-1.291250185663438637e-11
-1.131015013787163745e-11
-9.712693207648335011e-12
-8.120368189484322103e-12
-6.533444508209586079e-12
-4.952191588654136909e-12
-3.376878855647680028e-12
-1.807775734020305982e-12
-2.451516486017455488e-13
1.310723975777926173e-12
2.859581714288976386e-12
4.401152142101334838e-12
5.935165834385252275e-12
7.461353366310673893e-12
8.979445313047853870e-12
1.048917224976672973e-11
1.199026475163754434e-11
1.348245339383024006e-11
1.496546875151509532e-11
1.643904139986208641e-11
1.790290191404126071e-11
1.935678086922284978e-11
2.080040884057680730e-11
2.223351640327337129e-11
2.365583413248251804e-11
2.506709260337445328e-11
2.646702239111913390e-11
2.785535407088681086e-11
2.923181821784744429e-11
3.059614540717124314e-11
3.194806621402819986e-11
3.328731121358852985e-11
3.461361098102217064e-11
3.592669609149940225e-11
3.722629712019014929e-11
3.851214464226464653e-11
3.978396923289292198e-11
4.104150146724501656e-11
4.228447192049114568e-11
4.351261116780129854e-11
4.472564978434566472e-11
4.592331834529424634e-11
4.710534742581722006e-11
4.827146760108460738e-11
4.942140944626660434e-11
5.055490353653318724e-11
5.167168044705455207e-11
5.277147075300072039e-11
5.385400502954185590e-11
5.491901385184797366e-11
5.596622779508927615e-11
5.699537743443572675e-11
5.800619334505756025e-11
5.899840610212480465e-11
5.997174628080752670e-11
6.092594445627586428e-11
6.186073120369987768e-11
6.277583709824970477e-11
6.367099271509540584e-11
6.454592862940713168e-11
6.540037541635489091e-11
6.623406365110886013e-11
6.704672390883909968e-11
6.783808676471570862e-11
6.860788279390876019e-11
6.935584257158839224e-11
7.008169667292467801e-11
7.078517567308774242e-11
7.146601014724763287e-11
7.212393067057443550e-11
7.275866781823831403e-11
7.336995216540932875e-11
7.395751428725756583e-11
7.452108475895311142e-11
7.506039415566611630e-11
7.557517305256660201e-11
7.606515202482473225e-11
7.653006164761055440e-11
7.696963249609419340e-11
7.738359514544570954e-11
7.777168017083526655e-11
7.813361814743287302e-11
7.846913965040870558e-11
7.877797525493281163e-11
7.905985553617530315e-11
7.931451106930626632e-11
7.954167242949577436e-11
7.974107019191397805e-11
7.991243493173093770e-11
8.005549722411676532e-11
8.016998764424154706e-11
8.025563676727536908e-11
8.031217516838834338e-11
8.033933342275056905e-11
8.033684210553210640e-11
8.030443179190309328e-11
8.024183305703362877e-11
8.014877647609376025e-11
8.002499262425366436e-11
7.987021207668331093e-11
7.968416540855292828e-11
7.946658319503252503e-11
7.921719601129223903e-11
7.893573443250214351e-11
7.862192903383235049e-11
7.827551039045295903e-11
7.789620907753404237e-11
7.748375567024572545e-11
7.703788074375805565e-11
7.655831487324119666e-11
7.604478863386518296e-11
7.549703260080019117e-11
7.491477734921616526e-11
7.429775345428337236e-11
7.364569149117179521e-11
7.295832203505159752e-11
