-1.441907482800266915e-09
-1.395134550991262767e-09
-1.349237895997841846e-09
-1.304209753806311407e-09
-1.260042360402976433e-09
-1.216727951774143351e-09
-1.174258763906119003e-09
-1.132627032785209405e-09
-1.091824994397719745e-09
-1.051844884729956865e-09
-1.012678939768227193e-09
-9.743193954988355030e-10
-9.367584879080890518e-10
-8.999884529822936472e-10
-8.640015267077558211e-10
-8.287899450707808649e-10
-7.943459440576757241e-10
-7.606617596547461035e-10
-7.277296278482978114e-10
-6.955417846246373798e-10
-6.640904659700709270e-10
-6.333679078709044682e-10
-6.033663463134435013e-10
-5.740780172839951787e-10
-5.454951567688653087e-10
-5.176100007543598028e-10
-4.904147852267849863e-10
-4.639017461724461504e-10
-4.380631195776505509e-10
-4.128911414287040994e-10
-3.883780477119124491e-10
-3.645160744135819251e-10
-3.412974575200185942e-10
-3.187144330175287815e-10
-2.967592368924182954e-10
-2.754241051309934610e-10
-2.547012737195601382e-10
-2.345829786444248590e-10
-2.150614558918931215e-10
-1.961289414482716386e-10
-1.777776712998662961e-10
-1.599998814329832383e-10
-1.427878078339286093e-10
-1.261336864890082692e-10
-1.100297533845286466e-10
-9.446824450679579515e-11
-7.944139584211571706e-11
-6.494144337679472458e-11
-5.096062309713865178e-11
-3.749117098945372048e-11
-2.452532304004613633e-11
-1.205531523522189981e-11
-7.338356128721184349e-14
1.142823599545187897e-11
2.245730744868929748e-11
3.302159481211873477e-11
4.312886209943420489e-11
5.278687332432962497e-11
6.200339250049888951e-11
7.078618364163578964e-11
7.914301076143431034e-11
8.708163787358821686e-11
9.460982899179154589e-11
1.017353481297380885e-10
1.084659593011217264e-10
1.148094265196364444e-10
1.207735137989759433e-10
1.263659851528342339e-10
1.315946045949052752e-10
1.364671361388828197e-10
1.409913437984608264e-10
1.451749915873330736e-10
1.490258435191936237e-10
1.525516636077361775e-10
1.557602158666547975e-10
1.586592643096432101e-10
1.612565729503954778e-10
1.635599058026053273e-10
1.655770268799666658e-10
1.673157001961734525e-10
1.687836897649195174e-10
1.699887595998987678e-10
1.709386737148050854e-10
1.716411961233323775e-10
1.721040908391744741e-10
1.723351218760253343e-10
1.723420532475787621e-10
1.721326489675287684e-10
1.717146730495690797e-10
1.710958895073937067e-10
1.702840623546964535e-10
1.692869556051713051e-10
1.681123332725120139e-10
1.667679593704125906e-10
1.652615979125668394e-10
1.636010129126686676e-10
1.617939683844119568e-10
1.598482283414906662e-10
1.577715567975986257e-10
1.555717177664296392e-10
1.532564752616777176e-10
1.508335932970366650e-10
1.483108358862004405e-10
1.456959670428628481e-10
1.429967507807178211e-10
1.402209511134593704e-10
1.373763320547810932e-10
1.344706576183771553e-10
1.315116918179411800e-10
1.285071986671672814e-10
1.254649421797492377e-10
1.223926863693810081e-10
1.192981952497563965e-10
1.161892328345692847e-10
1.130735631375136445e-10
1.099585063921672116e-10
1.068470231362471338e-10
1.037395993895432641e-10
1.006366927699179661e-10
9.753876089523356438e-11
9.444626138335243551e-11
9.135965185213698177e-11
8.827938991944955376e-11
8.520593320315250209e-11
8.213973932110809982e-11
7.908126589117890434e-11
7.603097053122713703e-11
7.298931085911527772e-11
6.995674449270559947e-11
6.693372904986047875e-11
6.392072214844231784e-11
6.091818140631344152e-11
5.792656444133625855e-11
5.494632887137310013e-11
5.197793231428634274e-11
4.902183238793836928e-11
4.607848671019149159e-11
4.314835289890805381e-11
4.023188857195056164e-11
3.732955134718128814e-11
3.444179884246262268e-11
3.156908867565689649e-11
2.871187846462650864e-11
2.587062582723382913e-11
2.304578838134116331e-11
2.023782374481095550e-11
1.744718953550550137e-11
1.467434337128722909e-11
1.191974287001847147e-11
9.183845649561595288e-12
6.467109327778964876e-12
3.769991522532953458e-12
1.092949851685847622e-12
-1.563558066899838651e-12
-4.199074615361830083e-12
-6.813142175837731841e-12
-9.405303130465179184e-12
-1.197509986138182635e-11
-1.452207475072530578e-11
-1.704577018063323939e-11
-1.954572853324327982e-11
-2.202149219069304576e-11
-2.447260353512016399e-11
-2.689860494866229359e-11
-2.929903881345705165e-11
-3.167344751164208434e-11
-3.402137342535501843e-11
-3.634235893673348392e-11
-3.863594642791512375e-11
-4.090167828103763902e-11
-4.313909687823851756e-11
-4.534774460165550569e-11
-4.752718381748266825e-11
-4.967731256161353618e-11
-5.179830739772922459e-11
-5.389035332028478332e-11
-5.595363532373514592e-11
-5.798833840253537518e-11
-5.999464755114040462e-11
-6.197274776400528411e-11
-6.392282403558498596e-11
-6.584506136033451479e-11
-6.773964473270887522e-11
-6.960675914716307188e-11
-7.144658959815212231e-11
-7.325932108013095359e-11
-7.504513858755460911e-11
-7.680422711487806765e-11
-7.853677165655637261e-11
-8.024295720704450275e-11
-8.192296876079743686e-11
-8.357699131227016662e-11
-8.520520985591774836e-11
-8.680780938619513501e-11
-8.838497489755731826e-11
-8.993689138445932858e-11
-9.146374384135614475e-11
-9.296571726270273261e-11
-9.444299664295418726e-11
-9.589576697656544871e-11
-9.732421325799149571e-11
-9.872852048168741046e-11
-1.001088736421080295e-10
-1.014654577337084739e-10
-1.027984577509437481e-10
-1.041080586882688182e-10
-1.053944455401386627e-10
-1.066578033010083381e-10
-1.078983169653327843e-10
-1.091161715275670318e-10
-1.103115519821660982e-10
-1.114846433235849106e-10
-1.126356305462785640e-10
-1.137646986447019725e-10
-1.148720326133101797e-10
-1.159578174465582030e-10
-1.170222381389009824e-10
-1.180654796847935613e-10
-1.190877270786909185e-10
-1.200891653150480716e-10
-1.210699793883199863e-10
-1.220303542929617062e-10
-1.229704750234281969e-10
-1.238905265741744245e-10
-1.247906939396554581e-10
-1.256711621143263153e-10
-1.265321160926419102e-10
-1.273737408690572604e-10
-1.281962214380274092e-10
-1.289997446055785400e-10
-1.297845570266830924e-10
-1.305509774836867476e-10
-1.312993290530300276e-10
-1.320299348111535836e-10
-1.327431178344979119e-10
-1.334392011995035602e-10
-1.341185079826110506e-10
-1.347813612602609568e-10
-1.354280841088938526e-10
-1.360589996049502082e-10
-1.366744308248706748e-10
-1.372747008450956970e-10
-1.378601327420659002e-10
-1.384310495922218580e-10
-1.389877744720039891e-10
-1.395306304578529965e-10
-1.400599406262092728e-10
-1.405760280535135212e-10
-1.410792158162061601e-10
-1.415698269907277891e-10
-1.420481846535190078e-10
-1.425146118810202865e-10
-1.429694317496721990e-10
-1.434129673359152930e-10
-1.438455417161901165e-10
-1.442674779669372173e-10
-1.446790991645972208e-10
-1.450807283856105456e-10
-1.454726887064177913e-10
-1.458553032034595316e-10
-1.462288949531762627e-10
-1.465937870320086099e-10
-1.469503025163970694e-10
-1.472987644827821633e-10
-1.476394960076044653e-10
-1.479728201673045748e-10
-1.482990600383229882e-10
-1.486185386971002532e-10
-1.489315792200769435e-10
-1.492385046836936070e-10
-1.495396381643906882e-10
-1.498353027386088642e-10
-1.501258214827886828e-10
-1.504115174733706144e-10
-1.506927137867952584e-10
-1.509697334995031370e-10
-1.512428996879347980e-10
-1.515125354285308410e-10
-1.517789637977317362e-10
-1.520425078719781090e-10
-1.523034907277104557e-10
-1.525622354413692983e-10
-1.528190650893952621e-10
-1.530743027482288433e-10
-1.533282714943106156e-10
-1.535812944040811010e-10
-1.538336927527319911e-10
-1.540856308816448519e-10
-1.543369966404958532e-10
-1.545876497344470349e-10
-1.548374498686605660e-10
-1.550862567482985381e-10
-1.553339300785231201e-10
-1.555803295644964294e-10
-1.558253149113804799e-10
-1.560687458243374923e-10
-1.563104820085295583e-10
-1.565503831691187949e-10
-1.567883090112673198e-10
-1.570241192401372242e-10
-1.572576735608906773e-10
-1.574888316786897446e-10
-1.577174532986965694e-10
-1.579433981260733208e-10
-1.581665258659820384e-10
-1.583866962235848396e-10
-1.586037689040439452e-10
-1.588176036125213175e-10
-1.590280600541792287e-10
-1.592349979341796929e-10
-1.594382769576848275e-10
-1.596377568298568272e-10
-1.598332972558577320e-10
-1.600247579408497366e-10
-1.602119985899948550e-10
-1.603948789084553597e-10
-1.605732586013932128e-10
-1.607469973739706093e-10
-1.609159549313496924e-10
-1.610799909786924760e-10
-1.612389652211612066e-10
-1.613927373639179242e-10
-1.615411671121247459e-10
-1.616841141709437633e-10
-1.618214382455372489e-10
-1.619529990410671390e-10
-1.620786562626956284e-10
-1.621982696155848088e-10
-1.623116988048968491e-10
-1.624188035357938408e-10
-1.625194435134379013e-10
-1.626134784429910961e-10
-1.627007680296156203e-10
-1.627811719784735910e-10
-1.628545499947270481e-10
-1.629207617835382382e-10
-1.629796670500691236e-10
-1.630311254994819507e-10
-1.630749968369387853e-10
-1.631111407676017706e-10
-1.631394169966329204e-10
-1.631596852291945072e-10
-1.631718051704485450e-10
-1.631756365255572027e-10
-1.631710389996825719e-10
-1.631578722979868216e-10
-1.631359961256319657e-10
-1.631052701877802509e-10
-1.630655541895936394e-10
-1.630167078362344035e-10
-1.629585908328645315e-10
-1.628910628846462698e-10
-1.628139836967417099e-10
-1.627272129743128659e-10
-1.626306104225219326e-10
-1.625240357465309497e-10
-1.624073486515022156e-10
-1.622804088425976925e-10
-1.621430760249795494e-10
-1.619952099038098520e-10
-1.618366701842508469e-10
-1.616673165714644962e-10
-1.614870087706130208e-10
-1.612956064868585380e-10
-1.610929694253631133e-10
-1.608789572912888642e-10
-1.606534297897979339e-10
-1.604162466260524654e-10
-1.601672675052145245e-10
-1.599063521324463577e-10
-1.596333602129098757e-10
-1.593481514517673248e-10
-1.590505855541808226e-10
-1.587405222253123829e-10
-1.584178211703243041e-10
-1.580823420943786000e-10
-1.577339447026373621e-10
-1.573724887002627337e-10
-1.569978337924168579e-10
-1.566098396842618521e-10
-1.562083660809597819e-10
-1.557932726876728421e-10
-1.553644192095630727e-10
-1.549216653517926683e-10
-1.544648708195236431e-10
-1.539938953179182436e-10
-1.535085985521385095e-10
-1.530088402273465582e-10
-1.524944800487045329e-10
-1.519653777213745509e-10
-1.514213929505187297e-10
-1.508623854412991605e-10
-1.502882148988780126e-10
-1.496987410284172997e-10
-1.490938235350792945e-10
-1.484733221240259590e-10
-1.478370965004195658e-10
-1.471850063694221029e-10
-1.465169114361957393e-10
-1.458326714059025925e-10
-1.451321459837047796e-10
