-1.441907482800266915e-09
-1.440404481874092253e-09
-1.439884506386355435e-09
-1.440325697048269473e-09
-1.441706194571048210e-09
-1.444004139665902178e-09
-1.447197673044046045e-09
-1.451264935416691792e-09
-1.456184067495052224e-09
-1.461933209990340357e-09
-1.468490503613768583e-09
-1.475834089076549503e-09
-1.483942107089895304e-09
-1.492792698365019827e-09
-1.502364003613135259e-09
-1.512634163545454407e-09
-1.523581318873190284e-09
-1.535183610307554871e-09
-1.547419178559761389e-09
-1.560266164341022851e-09
-1.573702708362550617e-09
-1.587706951335558941e-09
-1.602257033971259184e-09
-1.617331096980865393e-09
-1.632907281075589962e-09
-1.648963726966644663e-09
-1.665478575365243753e-09
-1.682429966982598382e-09
-1.699796042529922600e-09
-1.717554942718427766e-09
-1.735684808259327927e-09
-1.754163779863835271e-09
-1.772969998243161778e-09
-1.792081604108521495e-09
-1.811476738171125988e-09
-1.831133541142188686e-09
-1.851030153732921775e-09
-1.871144716654538476e-09
-1.891455370618251596e-09
-1.911940256335272907e-09
-1.932577514516815839e-09
-1.953345285874093404e-09
-1.974221711118317789e-09
-1.995184930960702009e-09
-2.016213086112458663e-09
-2.037284317284799525e-09
-2.058376765188939262e-09
-2.079468570536089236e-09
-2.100537874037462873e-09
-2.121562816404271532e-09
-2.142521538347728642e-09
-2.163392180579048456e-09
-2.184152883809441922e-09
-2.204781788750121639e-09
-2.225257036112301035e-09
-2.245556766607193123e-09
-2.265659120946010091e-09
-2.285542239839964539e-09
-2.305184264000269894e-09
-2.324563334138137517e-09
-2.343657590964781660e-09
-2.362445175191414513e-09
-2.380904227529248260e-09
-2.399012888689495917e-09
-2.416749299383370083e-09
-2.434091600322083773e-09
-2.451017932216849999e-09
-2.467506435778880123e-09
-2.483535251719388399e-09
-2.499082520749587012e-09
-2.514126383580688151e-09
-2.528644980923905656e-09
-2.542616453490451714e-09
-2.556018941991538099e-09
-2.568830587138378237e-09
-2.581029529642185970e-09
-2.592593910214172243e-09
-2.603501869565550072e-09
-2.613731548407533296e-09
-2.623261087451333276e-09
-2.632068627408163852e-09
-2.640132308989237625e-09
-2.647430272905766368e-09
-2.653940659868963922e-09
-2.659641610590042061e-09
-2.664511265780214625e-09
-2.668527766150692147e-09
-2.671669252412689709e-09
-2.673913865277419084e-09
-2.675239754051569808e-09
-2.675633629136265482e-09
-2.675106826972351476e-09
-2.673675084884557163e-09
-2.671354140197613158e-09
-2.668159730236250490e-09
-2.664107592325198118e-09
-2.659213463789188312e-09
-2.653493081952950032e-09
-2.646962184141213479e-09
-2.639636507678709682e-09
-2.631531789890169256e-09
-2.622663768100321987e-09
-2.613048179633898078e-09
-2.602700761815628969e-09
-2.591637251970244449e-09
-2.579873387422474719e-09
-2.567424905497049980e-09
-2.554307543518701260e-09
-2.540537038812157933e-09
-2.526129128702151855e-09
-2.511099550513411986e-09
-2.495464041570670182e-09
-2.479238339198654989e-09
-2.462438180722098676e-09
-2.445079303465728963e-09
-2.427177444754279361e-09
-2.408748341912478829e-09
-2.389807732265057155e-09
-2.370371353136745367e-09
-2.350454941852274493e-09
-2.330074235736373909e-09
-2.309244972113774227e-09
-2.287982888309205236e-09
-2.266303721647399619e-09
-2.244223209453084268e-09
-2.221757089050991866e-09
-2.198921097765853027e-09
-2.175730972922396711e-09
-2.152202451845354775e-09
-2.128351271859456179e-09
-2.104193170289432778e-09
-2.079743884460013119e-09
-2.055019151695929885e-09
-2.030034709321911208e-09
-2.004806324040943114e-09
-1.979350104078211997e-09
-1.953682377995813829e-09
-1.927819478028122423e-09
-1.901777736409514900e-09
-1.875573485374367140e-09
-1.849223057157052544e-09
-1.822742783991948647e-09
-1.796148998113430915e-09
-1.769458031755873989e-09
-1.742686217153653957e-09
-1.715849886541147319e-09
-1.688965372152727890e-09
-1.662049006222772789e-09
-1.635117120985657279e-09
-1.608186048675755999e-09
-1.581272121527446070e-09
-1.554391671775102133e-09
-1.527561031653099448e-09
-1.500796533395814723e-09
-1.474114509237623633e-09
-1.447531291412900817e-09
-1.421063212156022156e-09
-1.394726603701363945e-09
-1.368537798283300824e-09
-1.342513128136209294e-09
-1.316668925494464615e-09
-1.291021522592441842e-09
-1.265587251664517475e-09
-1.240382444945066155e-09
-1.215423434668464796e-09
-1.190726553069088039e-09
-1.166308132381311764e-09
-1.142184504839511439e-09
-1.118372002678063152e-09
-1.094886958131341335e-09
-1.071745703433722903e-09
-1.048964570819583324e-09
-1.026559892523297652e-09
-1.004548000779241767e-09
-9.829452278217911366e-10
-9.617679058853222621e-10
-9.410323672042093699e-10
-9.207549440128286512e-10
-9.009519291628290009e-10
-8.816332207355692816e-10
-8.627953069938812619e-10
-8.444329876661766248e-10
-8.265410624808686040e-10
-8.091143311663705367e-10
-7.921475934510937957e-10
-7.756356490634522350e-10
-7.595732977318587782e-10
-7.439553391847253151e-10
-7.287765731504652862e-10
-7.140317993574909946e-10
-6.997158175342156743e-10
-6.858234274090516284e-10
-6.723494287104117805e-10
-6.592886211667091576e-10
-6.466358045063560630e-10
-6.343857784577653168e-10
-6.225333427493497393e-10
-6.110732971095222541e-10
-6.000004412666955779e-10
-5.893095749492824276e-10
-5.789954978856954167e-10
-5.690530098043473652e-10
-5.594769104336509900e-10
-5.502619995020192148e-10
-5.414030767378649630e-10
-5.328949418696006415e-10
-5.247323946256389668e-10
-5.169102347343929661e-10
-5.094232619242752528e-10
-5.022662759236986470e-10
-4.954340764610757622e-10
-4.889214632648192118e-10
-4.827232360633422296e-10
-4.768341945850573256e-10
-4.712491385583773200e-10
-4.659628677117148262e-10
-4.609701817734824577e-10
-4.562658804720934998e-10
-4.518447635359602043e-10
-4.477016306934956496e-10
-4.438312816731124494e-10
-4.402285162032233203e-10
-4.368881340122411343e-10
-4.338049362656783121e-10
-4.309737355420492873e-10
-4.283893498624126767e-10
-4.260465972813448172e-10
-4.239402958534229248e-10
-4.220652636332234917e-10
-4.204163186753231135e-10
-4.189882790342989542e-10
-4.177759627647274028e-10
-4.167741879211854684e-10
-4.159777725582496431e-10
-4.153815347304968326e-10
-4.149802924925038393e-10
-4.147688638988474656e-10
-4.147420670041041002e-10
-4.148947198628508556e-10
-4.152216405296643274e-10
-4.157176470591214213e-10
-4.163775575057986295e-10
-4.171961899242729095e-10
-4.181683623691207016e-10
-4.192888928949192219e-10
-4.205525995562449108e-10
-4.219543004076746739e-10
-4.234888135037851070e-10
-4.251509568991532190e-10
-4.269355486483552438e-10
-4.288374068059685522e-10
-4.308513494265694297e-10
-4.329721945647349888e-10
-4.351947602750416700e-10
-4.375138646120663273e-10
-4.399243256303857113e-10
-4.424209613845767795e-10
-4.449985899292160241e-10
-4.476520293188801439e-10
-4.503760976081460448e-10
-4.531656128515904774e-10
-4.560153931037901923e-10
-4.589202564193217852e-10
-4.618750208527622133e-10
-4.648745044586880723e-10
-4.679135252916763713e-10
-4.709869014063033958e-10
-4.740894744354689827e-10
-4.772175007114384629e-10
-4.803694293504938652e-10
-4.835438980954993261e-10
-4.867395446893193952e-10
-4.899550068748182087e-10
-4.931889223948601098e-10
-4.964399289923092346e-10
-4.997066644100297193e-10
-5.029877663908862172e-10
-5.062818726777426576e-10
-5.095876210134636938e-10
-5.129036491409130484e-10
-5.162285948029554780e-10
-5.195610957424548086e-10
-5.228997897022759002e-10
-5.262433144252825789e-10
-5.295903076543390842e-10
-5.329394071323099660e-10
-5.362892506020593605e-10
-5.396384758064516107e-10
-5.429857204883506461e-10
-5.463296223906212231e-10
-5.496688192561270645e-10
-5.530019488277330303e-10
-5.563276488483029465e-10
-5.596445570607012594e-10
-5.629513112077923122e-10
-5.662465490324402410e-10
-5.695289082775091820e-10
-5.727970266858638919e-10
-5.760495420003679898e-10
-5.792850919638862325e-10
-5.825023143192826526e-10
-5.856998468094219034e-10
-5.888763271771675008e-10
-5.920303931653844081e-10
-5.951606825169365548e-10
-5.982658329746883872e-10
-6.013444822815041451e-10
-6.043952681802478611e-10
-6.074168284137840852e-10
-6.104078007249767467e-10
-6.133668228566906022e-10
-6.162925325517896846e-10
-6.191835342242314087e-10
-6.220382457893062803e-10
-6.248550203271659545e-10
-6.276322108528662810e-10
-6.303681703814633160e-10
-6.330612519280131159e-10
-6.357098085075721507e-10
-6.383121931351956497e-10
-6.408667588259404963e-10
-6.433718585948622299e-10
-6.458258454570169070e-10
-6.482270724274605839e-10
-6.505738925212495237e-10
-6.528646587534394727e-10
-6.550977241390865906e-10
-6.572714416932469338e-10
-6.593841644309768689e-10
-6.614342453673320386e-10
-6.634200375173682926e-10
-6.653398938961422042e-10
-6.671921675187096229e-10
-6.689752114001261916e-10
-6.706873785554486905e-10
-6.723270219997328656e-10
-6.738924947480343598e-10
-6.753821498154095397e-10
-6.767943402169145651e-10
-6.781274189676052854e-10
-6.793797390825377571e-10
-6.805496535767682434e-10
-6.816355154653523871e-10
-6.826356777633463478e-10
-6.835484934858064923e-10
-6.843723156477886700e-10
-6.851054972643487306e-10
-6.857463913505431440e-10
-6.862933509214274496e-10
-6.867447289920578071e-10
-6.870988785774906866e-10
-6.873541526927817309e-10
-6.875089043529870996e-10
-6.875614865731628492e-10
-6.875102523683649327e-10
-6.873535547536493030e-10
-6.870897467440724301e-10
-6.867171813546898534e-10
-6.862342116005578361e-10
-6.856391904967324345e-10
-6.849304710582698084e-10
-6.841064063002258074e-10
-6.831653492376563844e-10
-6.821056528856179061e-10
-6.809256702591660153e-10
-6.796237543733572852e-10
-6.781982582432472552e-10
-6.766475348838920852e-10
-6.749699373103481418e-10
-6.731638185376710676e-10
-6.712275315809171259e-10
-6.691594294551423731e-10
-6.669578651754023485e-10
-6.646211917567538322e-10
-6.621477622142526740e-10
-6.595359295629546199e-10
-6.567840468179159331e-10
-6.538904669941926701e-10
-6.508535431068406803e-10
-6.476716281709162270e-10
-6.443430752014750563e-10
-6.408662372135737416e-10
-6.372394672222676156e-10
-6.334611182426135616e-10
-6.295295432896666022e-10
-6.254430953784837244e-10
-6.212001275241206742e-10
-6.167989927416331979e-10
-6.122380440460776620e-10
-6.075156344525099161e-10
-6.026301169759860167e-10
-5.975798446315622268e-10
-5.923631704342942927e-10
-5.869784473992384774e-10
-5.814240285414510443e-10
-5.756982668759871191e-10
-5.697995154179038955e-10
-5.637261271822563959e-10
-5.574764551841016073e-10
-5.510488524384947590e-10
-5.444416719604925275e-10
