-1.441907482800266915e-09
-1.392680463046789893e-09
-1.344130169913590772e-09
-1.296252984260563921e-09
-1.249045286947601643e-09
-1.202503458834597685e-09
-1.156623880781445589e-09
-1.111402933648038898e-09
-1.066836998294270325e-09
-1.022922455580033414e-09
-9.796556863652219128e-10
-9.370330715097283290e-10
-8.950509918734463082e-10
-8.537058283162693925e-10
-8.129939616980911236e-10
-7.729117728788042163e-10
-7.334556427183023160e-10
-6.946219520764789646e-10
-6.564070818132267734e-10
-6.188074127884395946e-10
-5.818193258620106598e-10
-5.454392018938336145e-10
-5.096634217438007598e-10
-4.744883662718062580e-10
-4.399104163377435476e-10
-4.059259528015056535e-10
-3.725313565229861178e-10
-3.397230083620773449e-10
-3.074972891786737557e-10
-2.758505798326685302e-10
-2.447792611839545382e-10
-2.142797140924253992e-10
-1.843483194179743450e-10
-1.549814580204947624e-10
-1.261755107598798055e-10
-9.792685849602296465e-11
-7.023188208881732937e-11
-4.308696239815653852e-11
-1.648848028393352335e-11
9.567183393957885042e-12
3.508364777562485719e-11
6.006453200117360397e-11
8.451345521071111500e-11
1.084340365443442167e-10
1.318298951421792637e-10
1.547046501443229080e-10
1.770619206908820859e-10
1.989053259219632296e-10
2.202384849776732624e-10
2.410650169981188751e-10
2.613885411234064223e-10
2.812126764936429567e-10
3.005410422489348329e-10
3.193772575293889226e-10
3.377249414751119423e-10
3.555877132262104018e-10
3.729691919227910177e-10
3.898729967049605066e-10
4.063027467128256367e-10
4.222620610864929694e-10
4.377545589660693765e-10
4.527838594916611609e-10
4.673535818033755045e-10
4.814673450413184517e-10
4.951287683455972361e-10
5.083414708563184192e-10
5.211090717135883557e-10
5.334351900575140205e-10
5.453234450282021821e-10
5.567774557657594017e-10
5.678008414102922410e-10
5.783972211019073647e-10
5.885702139807116446e-10
5.983234391868116421e-10
6.076605158603142288e-10
6.165850631413255527e-10
6.251007001699531057e-10
6.332110460863029325e-10
6.409197200304816978e-10
6.482303411425965834e-10
6.551465285627538408e-10
6.616719014310601346e-10
6.678100788876224401e-10
6.735646800725473186e-10
6.789393241259413317e-10
6.839376301879112475e-10
6.885632173985638344e-10
6.928197048980055505e-10
6.967107118263430605e-10
7.002398573236835464e-10
7.034107605301330526e-10
7.062270405857985542e-10
7.086923166307867160e-10
7.108102078052043064e-10
7.125843332491577834e-10
7.140183121027539152e-10
7.151157635060994702e-10
7.158803065993010097e-10
7.163155605224654055e-10
7.164251444156989088e-10
7.162126774191087015e-10
7.156817786728011382e-10
7.148360673168834008e-10
7.136791624914610169e-10
7.122146833366419954e-10
7.104462489925323808e-10
7.083774785992387346e-10
7.060119912968680318e-10
7.033534062255267305e-10
7.004053425253218058e-10
6.971714193363596124e-10
6.936552557987469185e-10
6.898604710525905957e-10
6.857906842379969988e-10
6.814495144950729994e-10
6.768407390981186705e-10
6.719696888317445636e-10
6.668425762368234462e-10
6.614656239748149340e-10
6.558450547071791593e-10
6.499870910953763579e-10
6.438979558008662489e-10
6.375838714851094815e-10
6.310510608095656714e-10
6.243057464356949509e-10
6.173541510249577627e-10
6.102024972388137222e-10
6.028570077387232722e-10
5.953239051861465451e-10
5.876094122425432597e-10
5.797197515693738588e-10
5.716611458280983713e-10
5.634398176801768264e-10
5.550619897870689428e-10
5.465338848102353701e-10
5.378617254111360340e-10
5.290517342512306532e-10
5.201101339919797739e-10
5.110431472948433217e-10
5.018569968212815324e-10
4.925579052327543318e-10
4.831520951907218523e-10
4.736457893566441229e-10
4.640452103919813279e-10
4.543565809581933411e-10
4.445861237167405535e-10
4.347400613290828909e-10
4.248246164566804339e-10
4.148460117609933151e-10
4.048104699034816151e-10
3.947242135456054148e-10
3.845934653488246914e-10
3.744244479745994225e-10
3.642233840843902574e-10
3.539964963396568633e-10
3.437500074018593726e-10
3.334901399324579179e-10
3.232231165929125798e-10
3.129551600446834908e-10
3.026924929492306284e-10
2.924413379680141766e-10
2.822079177624941646e-10
2.719984549941307247e-10
2.618191723243838344e-10
2.516762924147137295e-10
2.415760379265804391e-10
2.315246315214440180e-10
2.215282958607645213e-10
2.115932536060022105e-10
2.017257274186166754e-10
1.919319399600686946e-10
1.822181138918181421e-10
1.725903002091264201e-10
1.630516664515775554e-10
1.536029875611141076e-10
1.442449660580011759e-10
1.349783044625037307e-10
1.258037052948868972e-10
1.167218710754156974e-10
1.077335043243551661e-10
9.883930756197036393e-11
9.003998330852639044e-11
8.133623408428831920e-11
7.272876240952113335e-11
6.421827080448969970e-11
5.580546178945953777e-11
4.749103788469550790e-11
3.927570161046258031e-11
3.116015548702590616e-11
2.314510203465046534e-11
1.523124377360136702e-11
7.419283224143658960e-12
-2.900770934576188664e-13
-7.896134658937388906e-12
-1.539818695203061703e-11
-2.279553145247222832e-11
-3.008746563999713623e-11
-3.727328699434032856e-11
-4.435229299523673814e-11
-5.132378112242133662e-11
-5.818704885562899222e-11
-6.494139367459491568e-11
-7.158611305905359393e-11
-7.812050448874018603e-11
-8.454386544338967005e-11
-9.085549340273697240e-11
-9.705468584651701945e-11
-1.031407402544647893e-10
-1.091129541063151566e-10
-1.149706248818031254e-10
-1.207130500606636220e-10
-1.263395271226316116e-10
-1.318493535474419559e-10
-1.372418268148296331e-10
-1.425162444045296470e-10
-1.476719037962769241e-10
-1.527081024698064425e-10
-1.576241379048529476e-10
-1.624193075811515725e-10
-1.670929089784372179e-10
-1.716442395764447584e-10
-1.760725968549091721e-10
-1.803772782935655147e-10
-1.845575813721485316e-10
-1.886128035703932784e-10
-1.925422423680346815e-10
-1.963451952448077707e-10
-2.000209596804473173e-10
-2.035688331546884028e-10
-2.069881538268581551e-10
-2.102796037894803376e-10
-2.134454847855117778e-10
-2.164881949836092533e-10
-2.194101325524299292e-10
-2.222136956606306087e-10
-2.249012824768682501e-10
-2.274752911697998378e-10
-2.299381199080822784e-10
-2.322921668603725819e-10
-2.345398301953277066e-10
-2.366835080816045077e-10
-2.387255986878599950e-10
-2.406685001827511270e-10
-2.425146107349349137e-10
-2.442663285130682618e-10
-2.459260516858080780e-10
-2.474961784218113205e-10
-2.489791068897349995e-10
-2.503772352582359700e-10
-2.516929616959712419e-10
-2.529286843715978254e-10
-2.540868014537724721e-10
-2.551697111111524503e-10
-2.561798115123944084e-10
-2.571195008261554598e-10
-2.579911772210924595e-10
-2.587972388658626242e-10
-2.595400839291224989e-10
-2.602221105795292485e-10
-2.608457169857398316e-10
-2.614133013164111030e-10
-2.619272617402002279e-10
-2.623899964257639062e-10
-2.628039035417592514e-10
-2.631713812568430666e-10
-2.634948277396724654e-10
-2.637766411589043027e-10
-2.640192196831955885e-10
-2.642249614812032296e-10
-2.643962647215841843e-10
-2.645355275729953593e-10
-2.646451482040938163e-10
-2.647275247835364619e-10
-2.647850554799801512e-10
-2.648201384620818942e-10
-2.648351718984986492e-10
-2.648325539578874781e-10
-2.648146828089051840e-10
-2.647839566202087254e-10
-2.647427735604551122e-10
-2.646935317983013030e-10
-2.646386295024041525e-10
-2.645804648414208260e-10
-2.645214359840080234e-10
-2.644639410988227547e-10
-2.644103783545220816e-10
-2.643631357724302119e-10
-2.643237172875185378e-10
-2.642920692192032741e-10
-2.642679793348289201e-10
-2.642512354017399754e-10
-2.642416251872808877e-10
-2.642389364587963114e-10
-2.642429569836305394e-10
-2.642534745291280193e-10
-2.642702768626333539e-10
-2.642931517514908359e-10
-2.643218869630451199e-10
-2.643562702646406018e-10
-2.643960894236216778e-10
-2.644411322073330540e-10
-2.644911863831188681e-10
-2.645460397183237745e-10
-2.646054799802923245e-10
-2.646692949363689140e-10
-2.647372723538979390e-10
-2.648092000002239508e-10
-2.648848656426913971e-10
-2.649640570486447773e-10
-2.650465619854285909e-10
-2.651321682203871822e-10
-2.652206635208651024e-10
-2.653118356542068508e-10
-2.654054723877569787e-10
-2.655013614888596236e-10
-2.655992907248596468e-10
-2.656990478631013410e-10
-2.658004206709291538e-10
-2.659031969156877400e-10
-2.660071643647212370e-10
-2.661121107853744544e-10
-2.662178239449916332e-10
-2.663240916109173245e-10
-2.664307015504960278e-10
-2.665374415310722426e-10
-2.666440993199903648e-10
-2.667504626845948939e-10
-2.668563193922302260e-10
-2.669614572102410155e-10
-2.670656639059715552e-10
-2.671687272467664479e-10
-2.672704349999700380e-10
-2.673705749329269282e-10
-2.674689348129815146e-10
-2.675653024074782450e-10
-2.676594654837616704e-10
-2.677512118091761354e-10
-2.678403291510662943e-10
-2.679266052767764915e-10
-2.680098279536512783e-10
-2.680897849490349988e-10
-2.681662640302722561e-10
-2.682390529647073943e-10
-2.683079395196850164e-10
-2.683727114625495701e-10
-2.684331565606454514e-10
-2.684890625813171598e-10
-2.685402172919091948e-10
-2.685864084597659523e-10
-2.686274238522320869e-10
-2.686630512366518913e-10
-2.686930783803699166e-10
-2.687172930507306623e-10
-2.687354830150784209e-10
-2.687474360407578988e-10
-2.687529398951133886e-10
-2.687517823454895447e-10
-2.687437511592306600e-10
-2.687286341036812337e-10
-2.687062189461858171e-10
-2.686762934540889096e-10
-2.686386453947348556e-10
-2.685930625354682578e-10
-2.685393326436334607e-10
-2.684772434865750153e-10
-2.684065828316373178e-10
-2.683271384461649192e-10
-2.682386980975023190e-10
-2.681410495529939650e-10
-2.680339805799843565e-10
-2.679172789458178380e-10
-2.677907324178388572e-10
-2.676541287633921203e-10
-2.675072557498218682e-10
-2.673499011444727039e-10
-2.671818527146891267e-10
-2.670028982278154811e-10
-2.668128254511962663e-10
-2.666114221521760337e-10
-2.663984760980992308e-10
-2.661737750563102539e-10
-2.659371067941537057e-10
-2.656882590789739305e-10
-2.654270196781155312e-10
-2.651531763589228005e-10
-2.648665168887402895e-10
-2.645668290349126010e-10
-2.642539005647840276e-10
-2.639275192456991724e-10
-2.635874728450024311e-10
-2.632335491300382517e-10
-2.628655358681511852e-10
-2.624832208266856278e-10
-2.620863917729860270e-10
-2.616748364743970376e-10
-2.612483426982629004e-10
-2.608066982119283217e-10
-2.603496907827375423e-10
-2.598771081780351653e-10
-2.593887381651655865e-10
-2.588843685114733572e-10
