-1.441907482800266915e-09
-1.380355406569486581e-09
-1.320438030264786464e-09
-1.262134528800831076e-09
-1.205424077092285754e-09
-1.150285850053813564e-09
-1.096699022600079637e-09
-1.044642769645749312e-09
-9.940962661054856521e-10
-9.450386868939533765e-10
-8.974492069258170998e-10
-8.513070011157413336e-10
-8.065912443783896588e-10
-7.632811116284276209e-10
-7.213557777805191111e-10
-6.807944177493285375e-10
-6.415762064495204116e-10
-6.036803187957588313e-10
-5.670859297027084116e-10
-5.317722140850338708e-10
-4.977183468573989967e-10
-4.649035029344687142e-10
-4.333068572309065528e-10
-4.029075846613780062e-10
-3.736848601405473273e-10
-3.456178585830785109e-10
-3.186857549036359649e-10
-2.928677240168843044e-10
-2.681429408374878857e-10
-2.444905802801111686e-10
-2.218898172594183287e-10
-2.003198266900739292e-10
-1.797597834867425332e-10
-1.601888625640883164e-10
-1.415862388367757126e-10
-1.239310872194690782e-10
-1.072025826268331317e-10
-9.137989997353193213e-11
-7.644221417422993934e-11
-6.236870014359178119e-11
-4.913853279628175594e-11
-3.673088704696408431e-11
-2.512493781030337152e-11
-1.429986000096398047e-11
-4.234828533610239315e-12
5.090981677093260451e-12
1.369839571648243947e-11
2.160823866989255924e-11
2.884133562265925847e-11
3.541851166011829060e-11
4.136059186760515379e-11
4.668840133045553040e-11
5.142276513400488305e-11
5.558450836358884239e-11
5.919445610454305844e-11
6.227343344220303262e-11
6.484226546190453127e-11
6.692177724898297826e-11
6.853279388877404299e-11
6.969614046661326565e-11
7.043264206783628980e-11
7.076312377777872025e-11
7.070841068177612302e-11
7.028932786516407706e-11
6.952670041327821300e-11
6.844135341145409689e-11
6.705411194502735936e-11
6.538580109933354059e-11
6.345724595970827122e-11
6.128927161148713021e-11
5.890270314000568358e-11
5.631836563059964598e-11
5.355708416860448004e-11
5.063968383935584226e-11
4.758698972818929220e-11
4.441982692044044759e-11
4.115902050144483566e-11
3.782539555653818401e-11
3.443977717105600049e-11
3.102299043033388345e-11
2.759586041970747645e-11
2.417921222451229059e-11
2.079387093008396944e-11
1.746066162175809840e-11
1.420040938487028875e-11
1.103393930475606450e-11
7.982076466751103139e-12
5.065645956190997361e-12
2.305472858411301068e-12
-2.776237780945217896e-13
-2.668837599596595964e-12
-4.870657805073609334e-12
-6.888664456675936017e-12
-8.728437616553861276e-12
-1.039555734685775277e-11
-1.189560370973792483e-11
-1.323415676734476693e-11
-1.441679658182856838e-11
-1.544910321533971055e-11
-1.633665673002850214e-11
-1.708503718804529546e-11
-1.769982465154043473e-11
-1.818659918266424156e-11
-1.855094084356705697e-11
-1.879842969639924133e-11
-1.893464580331112594e-11
-1.896516922645302919e-11
-1.889558002797532763e-11
-1.873145827002831378e-11
-1.847838401476237064e-11
-1.814193732432781661e-11
-1.772769826087498944e-11
-1.724124688655423336e-11
-1.668816326351589908e-11
-1.607402745391029527e-11
-1.540441951988779848e-11
-1.468491952359872386e-11
-1.392110752719341240e-11
-1.311856359282220188e-11
-1.228286778263544783e-11
-1.141960015878348157e-11
-1.053434078341663924e-11
-9.632669718685261837e-12
-8.720167026739682290e-12
-7.802412769730235132e-12
-6.884987009807285597e-12
-5.973469809121156912e-12
-5.073441229822192501e-12
-4.190481334060726091e-12
-3.330170183987093835e-12
-2.498087841751647234e-12
-1.699814369504714766e-12
-9.409298293966388437e-13
-2.270142835777631927e-13
4.367015996492861355e-13
1.049048855461492105e-12
1.611478972893656393e-12
2.125487115211551779e-12
2.592568445680915652e-12
3.014218127567527204e-12
3.391931324137143614e-12
3.727203198655539024e-12
4.021528914388469806e-12
4.276403634601697987e-12
4.493322522560991650e-12
4.673780741532108380e-12
4.819273454780814644e-12
4.931295825572879335e-12
5.011343017174055998e-12
5.060910192850113525e-12
5.081492515866812729e-12
5.074585149489917658e-12
5.041683256985192355e-12
4.984282001618398443e-12
4.903876546655303200e-12
4.801962055361665823e-12
4.680033691003251167e-12
4.539586616845821660e-12
4.382115996155142965e-12
4.209116992196977511e-12
4.022084768237086112e-12
3.822514487541235238e-12
3.611901313375186510e-12
3.391740409004703975e-12
3.163526937695550465e-12
2.928756062713490835e-12
2.688922947324286302e-12
2.445522754793700104e-12
2.200050648387497095e-12
1.954001791371433242e-12
1.708871347011284304e-12
1.466154478572809884e-12
1.227346349321769987e-12
9.939421225239286600e-13
7.674369614450504529e-13
5.493260293508986034e-13
3.411044895072358444e-13
1.442675051798245302e-13
-3.969322768002683263e-14
-2.098490183057009906e-13
-3.664517965026383625e-13
-5.099021531835531279e-13
-6.406006792611591320e-13
-7.589479656481700936e-13
-8.653446032573034171e-13
-9.601911830012664097e-13
-1.043888295792776375e-12
-1.116836532544546880e-12
-1.179436484169291896e-12
-1.232088741579726202e-12
-1.275193895688562760e-12
-1.309152537408516754e-12
-1.334365257652300941e-12
-1.351232647332630305e-12
-1.360155297362217402e-12
-1.361533798653776809e-12
-1.355768742120023104e-12
-1.343260718673669652e-12
-1.324410319227430222e-12
-1.299618134694019392e-12
-1.269284755986150326e-12
-1.233810774016536589e-12
-1.193596779697893973e-12
-1.149043363942934831e-12
-1.100551117664374348e-12
-1.048520631774924879e-12
-9.933524971873018086e-13
-9.354473048142187047e-13
-8.752056455683895384e-13
-8.130281103625272713e-13
-7.493152901093471875e-13
-6.844677757215624504e-13
-6.188861581118871324e-13
-5.529710281930352048e-13
-4.871229768777209418e-13
-4.217425950786579614e-13
-3.572304737085584678e-13
-2.939872036801401683e-13
-2.324133759061148634e-13
-1.729095812991967769e-13
-1.158764107720994761e-13
-6.171445523753768966e-14
-1.082430560822439023e-14
3.643326714257430971e-14
8.001372969482218078e-14
1.200233536886687781e-13
1.565693395092058343e-13
1.897588875415263754e-13
2.196991981707228975e-13
2.464974717818872153e-13
2.702609087601126072e-13
2.910967094904910140e-13
3.091120743581151843e-13
3.244142037480776647e-13
3.371102980454702948e-13
3.473075576353861261e-13
3.551131829029174023e-13
3.606343742331564680e-13
3.639783320111961728e-13
3.652522566221286087e-13
3.645633484510465243e-13
3.620188078830422138e-13
3.577258353032083247e-13
3.517916310966369492e-13
3.443233956484208357e-13
3.354283293436523796e-13
3.252136325674240262e-13
3.137865057048283223e-13
3.012541491409574609e-13
2.877237632609046954e-13
2.733025484497611589e-13
2.580977050926209629e-13
2.422164335745748366e-13
2.257659342807170430e-13
2.088534075961378820e-13
1.915860539059322984e-13
1.740710735951904658e-13
1.564156670490058900e-13
1.387270346524718498e-13
1.211123767906789732e-13
1.036788938487219145e-13
8.653378621169092316e-14
6.978425426468042646e-14
5.353749839278103981e-14
3.790071898108705789e-14
2.298111641468912771e-14
8.885891078681474530e-15
-4.278592512294081186e-15
-1.645612207053665822e-14
-2.766822126011084318e-14
-3.794310070867141217e-14
-4.730897104387534377e-14
-5.579404289337757185e-14
-6.342652688483489199e-14
-7.023463364590274923e-14
-7.624657380423674638e-14
-8.149055798749346446e-14
-8.599479682332824754e-14
-8.978750093939747467e-14
-9.289688096335664138e-14
-9.535114752286202576e-14
-9.717851124556923693e-14
-9.840718275913446464e-14
-9.906537269121340635e-14
-9.918129166946204984e-14
-9.878315032153639554e-14
-9.789915927509211566e-14
-9.655752915778541257e-14
-9.478647059727188276e-14
-9.261419422120765287e-14
-9.006891065724871067e-14
-8.717883053305072840e-14
-8.397216447626985792e-14
-8.047712311456170837e-14
-7.672191707558259570e-14
-7.273475698698801542e-14
-6.854385347643424564e-14
-6.417741717157688285e-14
-5.966365870007215465e-14
-5.503078868957555657e-14
-5.030701776774353709e-14
-4.552055656223141504e-14
-4.069961570069570201e-14
-3.587240581079168526e-14
-3.106713752017566181e-14
-2.631202145650372357e-14
-2.163526824743131244e-14
-1.706508852061480432e-14
-1.262969290370959849e-14
-8.357292024372156052e-15
-4.276096510257888927e-15
-4.143169890231527473e-16
3.203798556768457707e-15
6.576175930076206569e-15
9.708449516890492047e-15
1.260626144274218029e-14
1.527525383316268218e-14
1.772106881368295260e-14
1.994934850983445764e-14
2.196573504714812539e-14
2.377587055115534461e-14
2.538539714738711913e-14
2.679995696137470519e-14
2.802519211864932117e-14
2.906674474474203084e-14
2.993025696518418196e-14
3.062137090550680041e-14
3.114572869124117717e-14
3.150897244791847065e-14
3.171674430106985192e-14
3.177468637622645416e-14
3.168844079891954938e-14
3.146364969468028971e-14
3.110595518903982096e-14
3.062099940752937728e-14
3.001442447568008556e-14
2.929187251902321150e-14
2.845898566308979362e-14
2.752140603341114497e-14
2.648477575551844292e-14
2.535473695494277332e-14
2.413693175721542711e-14
2.283700228786750279e-14
2.146059067243027553e-14
2.001333903643479647e-14
1.850088950541241337e-14
1.692888420489410480e-14
1.530296526041126585e-14
1.362877479749489716e-14
1.191195494167634651e-14
1.015814781848660191e-14
8.372995553457074241e-15
6.562140272118732601e-15
4.731224100002837182e-15
2.885889162640710101e-15
1.031777585563268790e-15
-8.254685056980029174e-16
-2.680206985612231765e-15
-4.526795728647976122e-15
-6.359592609274245589e-15
-8.172955501959682942e-15
-9.961242281173308825e-15
-1.171881082138371001e-14
-1.344001899705993947e-14
-1.511922468267060687e-14
-1.675078575268472732e-14
-1.832906008157090099e-14
-1.984840554379814933e-14
-2.130318001383520978e-14
-2.268774136615080083e-14
-2.399644747521389029e-14
-2.522365621549319350e-14
-2.636372546145762146e-14
-2.741101308757586427e-14
-2.835987696831689919e-14
-2.920467497814939425e-14
-2.993976499154227620e-14
-3.055950488296429197e-14
-3.105825252688428942e-14
-3.143036579777108489e-14
-3.167020257009351995e-14
-3.177212071832035413e-14
-3.173047811692044162e-14
-3.153963264036261768e-14
-3.119394216311564815e-14
-3.068776455964838723e-14
-3.001545770442967648e-14
-2.917137947192826282e-14
-2.814988773661304461e-14
-2.694534037295275299e-14
-2.555209525541631156e-14
-2.396451025847240412e-14
-2.217694325659000794e-14
-2.018375212423776262e-14
-1.797929473588469593e-14
-1.555792896599937174e-14
-1.291401268905088564e-14
-1.004190377950776524e-14
-6.935960111839143195e-15
-3.590539560513491892e-15
0.000000000000000000e+00
