-1.441907482800266915e-09
-1.443213774223721794e-09
-1.445674303343673476e-09
-1.449264577174411153e-09
-1.453960102730223393e-09
-1.459736387025397113e-09
-1.466568937074222330e-09
-1.474433259890986580e-09
-1.483304862489978226e-09
-1.493159251885485632e-09
-1.503971935091796952e-09
-1.515718419123200759e-09
-1.528374210993983966e-09
-1.541914817718436592e-09
-1.556315746310846172e-09
-1.571552503785501070e-09
-1.587600597156689649e-09
-1.604435533438700272e-09
-1.622032819645820681e-09
-1.640367962792340274e-09
-1.659416469892545553e-09
-1.679153847960726121e-09
-1.699555604011169516e-09
-1.720597245058164926e-09
-1.742254278116000301e-09
-1.764502210198963798e-09
-1.787316548321343574e-09
-1.810672799497427784e-09
-1.834546470741506032e-09
-1.858913069067864407e-09
-1.883748101490792099e-09
-1.909027075024578712e-09
-1.934725496683510955e-09
-1.960818873481877397e-09
-1.987282712433966609e-09
-2.014092520554066334e-09
-2.041223804856465554e-09
-2.068652072355452427e-09
-2.096352830065315108e-09
-2.124301585000340927e-09
-2.152473844174819280e-09
-2.180845114603039152e-09
-2.209390903299287045e-09
-2.238086717277852768e-09
-2.266908063553024065e-09
-2.295830449139088265e-09
-2.324829381050335179e-09
-2.353880366301052135e-09
-2.382958911905527291e-09
-2.412040524878050043e-09
-2.441100712232907306e-09
-2.470114980984388892e-09
-2.499058838146781303e-09
-2.527907790734373521e-09
-2.556637345761454532e-09
-2.585223010242311249e-09
-2.613640291191233484e-09
-2.641864695622508979e-09
-2.669871730550425478e-09
-2.697636902989271550e-09
-2.725135719953336179e-09
-2.752343688456907107e-09
-2.779236315514272077e-09
-2.805789108139720073e-09
-2.831977573347538424e-09
-2.857777218152016527e-09
-2.883163549567442952e-09
-2.908112074608103374e-09
-2.932598300288289671e-09
-2.956597733622287519e-09
-2.980085881624386727e-09
-3.003038251308875039e-09
-3.025430349690041024e-09
-3.047237683782171598e-09
-3.068435760599555746e-09
-3.089000087156483276e-09
-3.108906170467241106e-09
-3.128129517546116149e-09
-3.146645635407400286e-09
-3.164430031065377537e-09
-3.181458211534339780e-09
-3.197705683828573517e-09
-3.213147954962367732e-09
-3.227760531950010167e-09
-3.241518921805788979e-09
-3.254398631543993565e-09
-3.266375168178910013e-09
-3.277424038724828548e-09
-3.287520750196037326e-09
-3.296640817855790104e-09
-3.304767972937021199e-09
-3.311909579958953419e-09
-3.318077226911165781e-09
-3.323282501783238959e-09
-3.327536992564752796e-09
-3.330852287245285070e-09
-3.333239973814417281e-09
-3.334711640261728447e-09
-3.335278874576799239e-09
-3.334953264749207434e-09
-3.333746398768534533e-09
-3.331669864624359554e-09
-3.328735250306262754e-09
-3.324954143803822738e-09
-3.320338133106620592e-09
-3.314898806204236161e-09
-3.308647751086247223e-09
-3.301596555742236517e-09
-3.293756808161779752e-09
-3.285140096334460497e-09
-3.275758008249856527e-09
-3.265622131897548516e-09
-3.254744055267115895e-09
-3.243135366348138096e-09
-3.230807653130193722e-09
-3.217772503602865927e-09
-3.204041505755730835e-09
-3.189626247578369531e-09
-3.174538317060361446e-09
-3.158789302191288081e-09
-3.142390790960728039e-09
-3.125354371358259925e-09
-3.107691631373464824e-09
-3.089414158995922582e-09
-3.070533542215211803e-09
-3.051061369020911918e-09
-3.031009227402605255e-09
-3.010388705349868762e-09
-2.989211390852283526e-09
-2.967488871899429806e-09
-2.945232736480886206e-09
-2.922454572586232157e-09
-2.899165968205049985e-09
-2.875378511326915815e-09
-2.851104169010934324e-09
-2.826359314999405771e-09
-2.801163166056050537e-09
-2.775534986328279603e-09
-2.749494039963503954e-09
-2.723059591109134158e-09
-2.696250903912578719e-09
-2.669087242521251100e-09
-2.641587871082559390e-09
-2.613772053743915812e-09
-2.585659054652730524e-09
-2.557268137956413680e-09
-2.528618567802375438e-09
-2.499729608338027607e-09
-2.470620523710779517e-09
-2.441310578068042150e-09
-2.411819035557226491e-09
-2.382165160325742281e-09
-2.352368216521000504e-09
-2.322447468290411729e-09
-2.292422179781387354e-09
-2.262311615141336293e-09
-2.232135038517670358e-09
-2.201911714057798877e-09
-2.171660905909133247e-09
-2.141401878219084864e-09
-2.111153895135063059e-09
-2.080936220804477986e-09
-2.050768119374742284e-09
-2.020668854993263213e-09
-1.990657691807454652e-09
-1.960753893964724689e-09
-1.930976725612485549e-09
-1.901345450898146559e-09
-1.871879333969119945e-09
-1.842597638972813793e-09
-1.813519630056640122e-09
-1.784664571368010329e-09
-1.756051727054333742e-09
-1.727700361263020517e-09
-1.699629738141482672e-09
-1.671859121837129535e-09
-1.644407776497371883e-09
-1.617294966269620907e-09
-1.590539917288534238e-09
-1.564155683368104187e-09
-1.538142374980141831e-09
-1.512498472799700220e-09
-1.487222457501831788e-09
-1.462312809761589999e-09
-1.437768010254028113e-09
-1.413586539654198561e-09
-1.389766878637155635e-09
-1.366307507877950735e-09
-1.343206908051638152e-09
-1.320463559833270317e-09
-1.298075943897900078e-09
-1.276042540920580898e-09
-1.254361831576365830e-09
-1.233032296540307513e-09
-1.212052416487459826e-09
-1.191420672092874580e-09
-1.171135544031605240e-09
-1.151195512978705480e-09
-1.131599059609227317e-09
-1.112344664598224630e-09
-1.093430808620750265e-09
-1.074855972351856653e-09
-1.056618636466597674e-09
-1.038717281640025553e-09
-1.021150388547194375e-09
-1.003916437863156365e-09
-9.870139102629645756e-10
-9.704412864216722656e-10
-9.541970470143322801e-10
-9.382796727159980848e-10
-9.226876442017221114e-10
-9.074194421465576187e-10
-8.924735472255579688e-10
-8.778484401137758004e-10
-8.635426014862641655e-10
-8.495545120180763229e-10
-8.358826523842646008e-10
-8.225255032598833955e-10
-8.094815453199846217e-10
-7.967492592396212280e-10
-7.843271256938473005e-10
-7.722136253577150640e-10
-7.604072389062776740e-10
-7.489060786462067032e-10
-7.377053314163280195e-10
-7.267987889810436625e-10
-7.161802345130722893e-10
-7.058434511851337978e-10
-6.957822221699474656e-10
-6.859903306402320532e-10
-6.764615597687075619e-10
-6.671896927280930624e-10
-6.581685126911078323e-10
-6.493918028304708390e-10
-6.408533463189020836e-10
-6.325469263291208439e-10
-6.244663260338459836e-10
-6.166053286057970905e-10
-6.089577172176934421e-10
-6.015172750422544195e-10
-5.942777852521991966e-10
-5.872330310202472579e-10
-5.803767955191178808e-10
-5.737028619215301360e-10
-5.672050134002038182e-10
-5.608770331278577913e-10
-5.547127042772116429e-10
-5.487058100209847539e-10
-5.428501335318960918e-10
-5.371394579826656579e-10
-5.315675665460119024e-10
-5.261282423946548267e-10
-5.208152687013131913e-10
-5.156224286387072044e-10
-5.105435053795550061e-10
-5.055722820965770113e-10
-5.007025419624918771e-10
-4.959280681500190879e-10
-4.912426438318780246e-10
-4.866400521807878614e-10
-4.821140763694683926e-10
-4.776584995706382755e-10
-4.732671049570174081e-10
-4.689336757013245508e-10
-4.646519949762795498e-10
-4.604158459546014242e-10
-4.562190118090097100e-10
-4.520552962639264625e-10
-4.479197361459651105e-10
-4.438092795901332357e-10
-4.397210391450641051e-10
-4.356521273593909859e-10
-4.315996567817477138e-10
-4.275607399607667286e-10
-4.235324894450816593e-10
-4.195120177833261349e-10
-4.154964375241329055e-10
-4.114828612161357033e-10
-4.074684014079673818e-10
-4.034501706482618286e-10
-3.994252814856515352e-10
-3.953908464687705440e-10
-3.913439781462515536e-10
-3.872817890667284513e-10
-3.832013917788337287e-10
-3.790998988312015835e-10
-3.749744227724644555e-10
-3.708220761512563873e-10
-3.666399715162098704e-10
-3.624252214159587924e-10
-3.581749383991364719e-10
-3.538862350143757625e-10
-3.495562238103103964e-10
-3.451820173355730721e-10
-3.407607281387978838e-10
-3.362894687686172714e-10
-3.317653517736652257e-10
-3.271854897025746002e-10
-3.225469951039790239e-10
-3.178469805265111950e-10
-3.130825585188052080e-10
-3.082508416294936059e-10
-3.033489424072102247e-10
-2.983739734005877626e-10
-2.933230471582599520e-10
-2.881932762288603185e-10
-2.829817731610214570e-10
-2.776856505033774101e-10
-2.723020208045606177e-10
-2.668279966132052774e-10
-2.612606904779438807e-10
-2.555972149474103669e-10
-2.498351986174443352e-10
-2.439751577308560341e-10
-2.380186124035364648e-10
-2.319670837592831246e-10
-2.258220929218916758e-10
-2.195851610151594090e-10
-2.132578091628823226e-10
-2.068415584888576297e-10
-2.003379301168811218e-10
-1.937484451707497276e-10
-1.870746247742604795e-10
-1.803179900512090913e-10
-1.734800621253929312e-10
-1.665623621206077909e-10
-1.595664111606510901e-10
-1.524937303693184394e-10
-1.453458408704074140e-10
-1.381242637877136242e-10
-1.308305202450344383e-10
-1.234661313661657255e-10
-1.160326182749048539e-10
-1.085315020950474210e-10
-1.009643039503910021e-10
-9.333254496473122044e-11
-8.563774626186552193e-11
-7.788142896558960752e-11
-7.006511419970048359e-11
-6.219032308799514360e-11
-5.425857675426930145e-11
-4.627139632232037064e-11
-3.823030291594407154e-11
-3.013681765893780473e-11
-2.199246167509731321e-11
-1.379875608822005570e-11
-5.557222022101619295e-12
2.730619399460465375e-12
1.106324705267054337e-11
1.943913981373112445e-11
2.785677655884657387e-11
3.631463616421942642e-11
4.481119750605396821e-11
5.334493946055328009e-11
6.191434090392020705e-11
7.051788071235919030e-11
7.915403776207275169e-11
8.782129092926517732e-11
9.651811909013900845e-11
1.052430011208986346e-10
1.139944158977465194e-10
1.227708422968870783e-10
1.315707591945226844e-10
1.403926454668578825e-10
1.492349799900949939e-10
1.580962416404385892e-10
1.669749092940909382e-10
1.758694618272566371e-10
1.847783781161384470e-10
1.937001370369394908e-10
2.026332174658640027e-10
2.115760982791146146e-10
2.205272583528955350e-10
2.294851765634094215e-10
2.384483317868606119e-10
2.474152028994515569e-10
2.563842687773865685e-10
2.653540082968682526e-10
2.743229003341008694e-10
2.832894237652870765e-10
2.922520574666311342e-10
3.012092803143354933e-10
3.101595711846045690e-10
3.191014089536410190e-10
3.280332724976488966e-10
3.369536406928314283e-10
3.458609924153915300e-10
3.547538065415334621e-10
3.636305619474597786e-10
3.724897375093749466e-10
3.813298121034812102e-10
3.901492646059832431e-10
3.989465738930832894e-10
4.077202188409858677e-10
4.164686783258935840e-10
4.251904312240104917e-10
4.338839564115392484e-10
4.425477327646842695e-10
4.511802391596480573e-10
4.597799544726349240e-10
4.683453575798473201e-10
