-1.441907482800266915e-09
-1.395989306051941674e-09
-1.351049908545856824e-09
-1.307079747597731556e-09
-1.264069280523282993e-09
-1.222008964638229501e-09
-1.180889257258289237e-09
-1.140700615699181185e-09
-1.101433497276622056e-09
-1.063078359306330214e-09
-1.025625659104024436e-09
-9.890658539854218470e-10
-9.533894012662406039e-10
-9.185867582621998984e-10
-8.846483822890167506e-10
-8.515647306624096283e-10
-8.193262606980965857e-10
-7.879234297117958837e-10
-7.573466950192248528e-10
-7.275865139361020640e-10
-6.986333437781457784e-10
-6.704776418610740502e-10
-6.431098655006041062e-10
-6.165204720124548280e-10
-5.906999187123444763e-10
-5.656386629159905885e-10
-5.413271619391117357e-10
-5.177558730974251448e-10
-4.949152537066496973e-10
-4.727957610825032405e-10
-4.513878525407038285e-10
-4.306819853969695156e-10
-4.106686169670182008e-10
-3.913382045665684036e-10
-3.726812055113376611e-10
-3.546880771170444929e-10
-3.373492766994065394e-10
-3.206552615741424236e-10
-3.045964890569694242e-10
-2.891634164636064225e-10
-2.743465011097711107e-10
-2.601362003111815948e-10
-2.465229713835560841e-10
-2.334972716426123741e-10
-2.210495584040687259e-10
-2.091702889836432711e-10
-1.978499206970538831e-10
-1.870789108600189520e-10
-1.768477167882561184e-10
-1.671467957974837467e-10
-1.579666052034198393e-10
-1.492976023217824763e-10
-1.411302444682897118e-10
-1.334549889586596000e-10
-1.262622931086101950e-10
-1.195426142338597063e-10
-1.132864096501261749e-10
-1.074841366731274870e-10
-1.021262526185818907e-10
-9.720321480220738853e-11
-9.270548053972212501e-11
-8.862350714684412850e-11
-8.494775193929140150e-11
-8.166867223278206277e-11
-7.877672534303428283e-11
-7.626236858576598659e-11
-7.411605927669537040e-11
-7.232825473154044966e-11
-7.088941226601922683e-11
-6.978998919584985949e-11
-6.902044283675040181e-11
-6.857123050443899843e-11
-6.843280951463357427e-11
-6.859563718305231277e-11
-6.905017082541321637e-11
-6.978686775743445559e-11
-7.079618529483395535e-11
-7.206858075332995075e-11
-7.359451144864036673e-11
-7.536443469648341256e-11
-7.736880781257703901e-11
-7.959808811263937779e-11
-8.204273291238849601e-11
-8.469319952754247368e-11
-8.753994527381937790e-11
-9.057342746693728869e-11
-9.378410342261424730e-11
-9.716243045656834667e-11
-1.006988658845176281e-10
-1.043838670221802749e-10
-1.082078911852741991e-10
-1.121613956895175842e-10
-1.162348378506285101e-10
-1.204186749843249536e-10
-1.247033644063250721e-10
-1.290793634323469198e-10
-1.335371293781084993e-10
-1.380671195593279938e-10
-1.426597912917234060e-10
-1.473056018910128157e-10
-1.519950086729142773e-10
-1.567184689531459740e-10
-1.614664400474259084e-10
-1.662293792714720055e-10
-1.709977439410025261e-10
-1.757619913717355761e-10
-1.805125788793890547e-10
-1.852399637796811193e-10
-1.899346033883299017e-10
-1.945869550210533786e-10
-1.991874759935696299e-10
-2.037266236215968132e-10
-2.081948552208529568e-10
-2.125826281070559857e-10
-2.168803995959242384e-10
-2.210792455300058682e-10
-2.251763181594295234e-10
-2.291722186399296656e-10
-2.330675877129571408e-10
-2.368630661199636221e-10
-2.405592946024002915e-10
-2.441569139017184085e-10
-2.476565647593692843e-10
-2.510588879168042302e-10
-2.543645241154747126e-10
-2.575741140968317323e-10
-2.606882986023267042e-10
-2.637077183734110428e-10
-2.666330141515359559e-10
-2.694648266781526514e-10
-2.722037966947126990e-10
-2.748505649426672031e-10
-2.774057721634674234e-10
-2.798700590985648260e-10
-2.822440664894105673e-10
-2.845284350774560100e-10
-2.867238056041524654e-10
-2.888308188109513481e-10
-2.908501154393036076e-10
-2.927823362306609685e-10
-2.946281219264743804e-10
-2.963881132681953611e-10
-2.980629509972751702e-10
-2.996532758551651190e-10
-3.011597285833164153e-10
-3.025829499231804220e-10
-3.039235806162084503e-10
-3.051822614038517599e-10
-3.063596330275617652e-10
-3.074563362287896742e-10
-3.084730117489867981e-10
-3.094103003296043448e-10
-3.102688427120938322e-10
-3.110492796379064165e-10
-3.117522518484934606e-10
-3.123784000853061723e-10
-3.129283650897958630e-10
-3.134027876034138955e-10
-3.138023083676116327e-10
-3.141275681238402826e-10
-3.143792076135511563e-10
-3.145578675781956167e-10
-3.146641887592247683e-10
-3.146988118980901292e-10
-3.146623777362430105e-10
-3.145555270151346201e-10
-3.143789004762162176e-10
-3.141331388609391141e-10
-3.138188829107546726e-10
-3.134367733671141527e-10
-3.129874509714689172e-10
-3.124715564652703808e-10
-3.118897559153693774e-10
-3.112431407761948339e-10
-3.105331554749366619e-10
-3.097612551229385092e-10
-3.089288948315435584e-10
-3.080375297120951470e-10
-3.070886148759367679e-10
-3.060836054344115519e-10
-3.050239564988628883e-10
-3.039111231806341665e-10
-3.027465605910689826e-10
-3.015317238415102605e-10
-3.002680680433015449e-10
-2.989570483077862767e-10
-2.976001197463076384e-10
-2.961987374702091228e-10
-2.947543565908339642e-10
-2.932684322195255518e-10
-2.917424194676272751e-10
-2.901777734464823165e-10
-2.885759492674342721e-10
-2.869384020418263763e-10
-2.852665868810020184e-10
-2.835619588963044326e-10
-2.818259731990770082e-10
-2.800600849006630312e-10
-2.782657491124060460e-10
-2.764444209456493386e-10
-2.745975555117361432e-10
-2.727266079220099009e-10
-2.708330332878138975e-10
-2.689182867204915225e-10
-2.669838233313860617e-10
-2.650310982318410079e-10
-2.630615665331996470e-10
-2.610766833468052650e-10
-2.590779037840012513e-10
-2.570666829561309434e-10
-2.550444759745377307e-10
-2.530127379505648991e-10
-2.509729239955557863e-10
-2.489264892208537817e-10
-2.468748887378022744e-10
-2.448195776577446540e-10
-2.427620110920239478e-10
-2.407036441519839071e-10
-2.386459319489676627e-10
-2.365903295943186039e-10
-2.345382921993801718e-10
-2.324912748754955748e-10
-2.304507327340082540e-10
-2.284181208862613659e-10
-2.263948944435985326e-10
-2.243825085173630142e-10
-2.223824182188981225e-10
-2.203960786595471435e-10
-2.184249449506535439e-10
-2.164704497616134149e-10
-2.145332843463820014e-10
-2.126132464369426775e-10
-2.107100805695520147e-10
-2.088235312804665584e-10
-2.069533431059432161e-10
-2.050992605822384041e-10
-2.032610282456088488e-10
-2.014383906323110442e-10
-1.996310922786018201e-10
-1.978388777207376186e-10
-1.960614914949751404e-10
-1.942986781375710604e-10
-1.925501821847819497e-10
-1.908157481728645093e-10
-1.890951206380752327e-10
-1.873880441166709501e-10
-1.856942631449081034e-10
-1.840135222590434192e-10
-1.823455659953334430e-10
-1.806901388900350048e-10
-1.790469854794044690e-10
-1.774158502996986398e-10
-1.757964778871741144e-10
-1.741886127780875418e-10
-1.725919995086954157e-10
-1.710063826152545919e-10
-1.694315066340215126e-10
-1.678671161012528526e-10
-1.663129555532053383e-10
-1.647687695261354377e-10
-1.632343025562999807e-10
-1.617092991799553837e-10
-1.601935039333584765e-10
-1.586866613527656754e-10
-1.571885159744338361e-10
-1.556988123346194008e-10
-1.542172949695790960e-10
-1.527437084155694931e-10
-1.512777972088474478e-10
-1.498193058856692213e-10
-1.483679789822917210e-10
-1.469235610349714408e-10
-1.454857965799651072e-10
-1.440544301535291623e-10
-1.426292062919203843e-10
-1.412098695313954997e-10
-1.397961644082109507e-10
-1.383878354586235670e-10
-1.369846272188897135e-10
-1.355862842252662457e-10
-1.341925510140096575e-10
-1.328031721213767271e-10
-1.314178920836238966e-10
-1.300364554370079443e-10
-1.286586067177853640e-10
-1.272840904622129855e-10
-1.259126512999175116e-10
-1.245440419954122084e-10
-1.231780296455491477e-10
-1.218143828060911777e-10
-1.204528700328013277e-10
-1.190932598814421615e-10
-1.177353209077768118e-10
-1.163788216675679458e-10
-1.150235307165785541e-10
-1.136692166105713426e-10
-1.123156479053093407e-10
-1.109625931565552802e-10
-1.096098209200721128e-10
-1.082570997516225187e-10
-1.069041982069696176e-10
-1.055508848418760510e-10
-1.041969282121048094e-10
-1.028420968734186762e-10
-1.014861593815804999e-10
-1.001288842923532062e-10
-9.877004016149959165e-11
-9.740939554478258209e-11
-9.604671899796493530e-11
-9.468177907680964171e-11
-9.331434433707939449e-11
-9.194418333453719699e-11
-9.057106462494579407e-11
-8.919475676406818909e-11
-8.781502830766703643e-11
-8.643164781150540409e-11
-8.504438383134598522e-11
-8.365300492295175733e-11
-8.225727964208546527e-11
-8.085697654451006072e-11
-7.945186418598834023e-11
-7.804171112228316498e-11
-7.662628590915748664e-11
-7.520535710237401128e-11
-7.377869325769578104e-11
-7.234606293088546324e-11
-7.090723467770606123e-11
-6.946197705392028110e-11
-6.801005861529117791e-11
-6.655124791758140604e-11
-6.508531351655402054e-11
-6.361202396797166289e-11
-6.213114782759740107e-11
-6.064245365119395408e-11
-5.914570999452426066e-11
-5.764068541335108505e-11
-5.612714846343739185e-11
-5.460486770054592591e-11
-5.307361168043960658e-11
-5.153314895888137905e-11
-4.998324809163391711e-11
-4.842367763446026934e-11
-4.685420614312309659e-11
-4.527460217338546038e-11
-4.368463428101003449e-11
-4.208407102175983521e-11
-4.047268095139755568e-11
-3.885023262568623159e-11
-3.721649460038853024e-11
-3.557123543126751315e-11
-3.391422367408584118e-11
-3.224522788460654353e-11
-3.056401661859233275e-11
-2.887035843180610557e-11
-2.716402188001085565e-11
-2.544477551896922123e-11
-2.371238790444427351e-11
-2.196662759219868627e-11
-2.020726313799547257e-11
-1.843406309759732556e-11
-1.664679602676728414e-11
-1.484523048126802210e-11
-1.302913501686258802e-11
-1.119827818931364598e-11
-9.352428554384236512e-12
-7.491354667837043071e-12
-5.614825085435091637e-12
-3.722608362941074565e-12
-1.814473056117926145e-12
1.098122792713924746e-13
2.050479087464231549e-12
4.007758812697495834e-12
5.981882899208582439e-12
7.973082791234393091e-12
9.981589933012297634e-12
1.200763576877920305e-11
1.405145174277248725e-11
1.611326929922907096e-11
1.819331988238631110e-11
2.029183493648113482e-11
2.240904590575089099e-11
2.454518423443252131e-11
2.670048136676339401e-11
2.887516874698040234e-11
3.106947781932092099e-11
3.328364002802201122e-11
3.551788681732065675e-11
3.777244963145426136e-11
4.004755991465969891e-11
4.234344911117439255e-11
4.466034866523522261e-11
4.699849002107956700e-11
4.935810462294433837e-11
5.173942391506690170e-11
5.414267934168418256e-11
5.656810234703355241e-11
5.901592437535193680e-11
6.148637687087667488e-11
6.397969127784467283e-11
6.649609904049336672e-11
6.903583160305958518e-11
