-1.441907482800266915e-09
-3.900191061891905998e-03
-4.997824288875813564e-03
-3.348278853688269486e-03
9.930675128416576337e-04
7.970837079884897022e-03
1.752965211661236880e-02
2.961413489219503689e-02
4.416890767580380212e-02
6.113859273660960519e-02
8.046781234378337644e-02
1.021011887664960704e-01
1.259833442739185794e-01
1.520589011352218578e-01
1.802724816195768187e-01
2.105687079961544861e-01
2.428922025341256619e-01
2.771875875026612035e-01
3.133994851709324680e-01
3.514725178081099521e-01
3.913513076833646243e-01
4.329804770658676194e-01
4.763046482247897395e-01
5.212684434293021196e-01
5.678164849485750620e-01
6.158933950517804234e-01
6.654437960080883396e-01
7.164123100866702787e-01
7.687435595566969315e-01
8.223821666873389891e-01
8.772727537477680304e-01
9.333599430071547465e-01
9.905883567346694951e-01
1.048902617199483522e+00
1.108247346670768074e+00
1.168567167417694064e+00
1.229806701709432515e+00
1.291910571815153785e+00
1.354823400004029121e+00
1.418489808545229325e+00
1.482854419707925642e+00
1.547861855761288652e+00
1.613456738974489157e+00
1.679583691616699070e+00
1.746187335957088305e+00
1.813212294264827884e+00
1.880603188809089499e+00
1.948304641859043507e+00
2.016261275683860266e+00
2.084417712552712132e+00
2.152718574734768797e+00
2.221108484499201285e+00
2.289532064115181509e+00
2.357933935851879603e+00
2.426258721978466593e+00
2.494451044764113945e+00
2.562455526477991796e+00
2.630216789389271614e+00
2.697679455767122203e+00
2.764788147880719471e+00
2.831487487999229113e+00
2.897722098391825263e+00
2.963436876981999202e+00
3.028584372376858180e+00
3.093125591687423626e+00
3.157021979753573682e+00
3.220234981415185160e+00
3.282726041512133985e+00
3.344456604884299633e+00
3.405388116371558915e+00
3.465482020813786423e+00
3.524699763050861634e+00
3.583002787922657806e+00
3.640352540269058856e+00
3.696710464929934492e+00
3.752038006745166854e+00
3.806296610554632753e+00
3.859447721198205450e+00
3.911452783515765308e+00
3.962273242347188695e+00
4.011870542532351536e+00
4.060206128911132417e+00
4.107241446323405931e+00
4.152937939609053331e+00
4.197257053607948762e+00
4.240160233159970815e+00
4.281608923104994524e+00
4.321564568282898477e+00
4.359988613533558599e+00
4.396842503696853477e+00
4.432087683612658147e+00
4.465685598120853861e+00
4.497597692061312991e+00
4.527788251581566392e+00
4.556251698618963175e+00
4.583000605960976692e+00
4.608047795837721949e+00
4.631406090479323723e+00
4.653088312115899683e+00
4.673107282977569277e+00
4.691475825294452839e+00
4.708206761296670706e+00
4.723312913214343212e+00
4.736807103277589803e+00
4.748702153716526375e+00
4.759010886761279480e+00
4.767746124641964123e+00
4.774920689588701528e+00
4.780547403831612918e+00
4.784639089600815964e+00
4.787208569126431890e+00
4.788268664638579253e+00
4.787832198367379277e+00
4.785911992542950522e+00
4.782520869395415097e+00
4.777671651154889787e+00
4.771377160051495814e+00
4.763650218315352625e+00
4.754503648176582331e+00
4.743950271865300827e+00
4.732002911611631113e+00
4.718674389645692635e+00
4.703977528197603064e+00
4.687925149497485400e+00
4.670533112820930199e+00
4.651832590972012405e+00
4.631859572440336414e+00
4.610650047473055402e+00
4.588240006317325204e+00
4.564665439220299881e+00
4.539962336429133494e+00
4.514166688190977439e+00
4.487314484752988442e+00
4.459441716362319674e+00
4.430584373266126974e+00
4.400778445711561737e+00
4.370059923945781577e+00
4.338464798215934337e+00
4.306029058769181184e+00
4.272788695852673513e+00
4.238779699713565385e+00
4.204038060599009974e+00
4.168599768756162227e+00
4.132500814432177982e+00
4.095777187874206859e+00
4.058464879329407360e+00
4.020599879044931768e+00
3.982218177267934589e+00
3.943355764245569439e+00
3.904048630224990379e+00
3.864332765453352359e+00
3.824244160177808549e+00
3.783818804645513456e+00
3.743092689103622028e+00
3.702101796136087142e+00
3.660878906066526106e+00
3.619448657066949515e+00
3.577834412344216286e+00
3.536059535105181784e+00
3.494147388556705813e+00
3.452121335905645516e+00
3.410004740358858033e+00
3.367820965123200505e+00
3.325593373405532294e+00
3.283345328412708319e+00
3.241100193351589276e+00
3.198881331429031860e+00
3.156712105851892769e+00
3.114615879827030032e+00
3.072616016561300345e+00
3.030735879261564403e+00
2.988998831134676237e+00
2.947428235387496098e+00
2.906047455226880238e+00
2.864879853859687131e+00
2.823948794492774805e+00
2.783277640332998626e+00
2.742889754587218398e+00
2.702808500462291263e+00
2.663057241165075251e+00
2.623659339902426613e+00
2.584638159881204267e+00
2.546017064308265354e+00
2.507819416390467904e+00
2.470068579334668168e+00
2.432787695493009661e+00
2.395990486438856149e+00
2.359677929545027197e+00
2.323850097563422867e+00
2.288507063245946327e+00
2.253648899344495415e+00
2.219275678610973301e+00
2.185387473797281377e+00
2.151984357655318369e+00
2.119066402936988336e+00
2.086633682394190448e+00
2.054686268778826097e+00
2.023224234842796676e+00
1.992247653338002245e+00
1.961756597016345527e+00
1.931751138629726583e+00
1.902231350930045251e+00
1.873197306669204698e+00
1.844649078599104763e+00
1.816586739471647505e+00
1.789010362038732760e+00
1.761920019052263031e+00
1.735315783264137490e+00
1.709197727426258417e+00
1.683565924290526983e+00
1.658420446608843690e+00
1.633761367133109710e+00
1.609588758615226434e+00
1.585902693807093922e+00
1.562703245460614898e+00
1.539990486327688757e+00
1.517764140129066242e+00
1.496019013472822179e+00
1.474746278134811739e+00
1.453937020678207848e+00
1.433582327666182987e+00
1.413673285661909418e+00
1.394200981228559844e+00
1.375156500929307413e+00
1.356530931327323941e+00
1.338315358985782577e+00
1.320500870467855359e+00
1.303078552336714768e+00
1.286039491155534620e+00
1.269374773487486063e+00
1.253075485895742469e+00
1.237132714943475431e+00
1.221537547193859208e+00
1.206281069210064727e+00
1.191354367555265137e+00
1.176748528792634030e+00
1.162454639485342334e+00
1.148463786196564085e+00
1.134767055489470433e+00
1.121355533927234971e+00
1.108220308073030180e+00
1.095352464490028099e+00
1.082743089741401654e+00
1.070383270390323549e+00
1.058264092999966266e+00
1.046376644133502287e+00
1.034712010354104095e+00
1.023261708545139426e+00
1.012020003690391912e+00
1.000982241585376409e+00
9.901437706120529425e-01
9.794999391523825372e-01
9.690460955883257732e-01
9.587775883018445633e-01
9.486897656748981555e-01
9.387779760894492398e-01
9.290375679274572862e-01
9.194638895708834303e-01
9.100522894016893627e-01
9.007981158018352197e-01
8.916967171532825809e-01
8.827434418379914716e-01
8.739336382379235824e-01
8.652626547350388275e-01
8.567258397112991197e-01
8.483185415486643732e-01
8.400361086290967227e-01
8.318738893345554164e-01
8.238272320470030330e-01
8.158914851483989317e-01
8.080619970207055802e-01
8.003341160458822268e-01
7.927031906058910060e-01
7.851645690826922763e-01
7.777135998582466181e-01
7.703456313145159440e-01
7.630560118334597242e-01
7.558400901330177835e-01
7.486941355091653039e-01
7.416173446288468751e-01
7.346094947279281362e-01
7.276703630422766134e-01
7.207997268077586117e-01
7.139973632602414355e-01
7.072630496355909457e-01
7.005965631696748908e-01
6.939976810983590205e-01
6.874661806575110834e-01
6.810018390829968293e-01
6.746044336106836736e-01
6.682737414764386985e-01
6.620095399161277649e-01
6.558116061656185103e-01
6.496797174607769065e-01
6.436136510374703690e-01
6.376131841315648696e-01
6.316780939789280458e-01
6.258081578154258695e-01
6.200031528769256450e-01
6.142628563992940105e-01
6.085870456183978261e-01
6.029754977701031748e-01
5.974279900902775831e-01
5.919442998147874668e-01
5.865242041794996863e-01
5.811674804202809907e-01
5.758739057729979072e-01
5.706432574735176289e-01
5.654753113080603910e-01
5.603697375784429946e-01
5.553260314511125895e-01
5.503436715801413026e-01
5.454221366196014831e-01
5.405609052235659240e-01
5.357594560461059752e-01
5.310172677412950959e-01
5.263338189632044140e-01
5.217085883659071666e-01
5.171410546034749256e-01
5.126306963299805952e-01
5.081769921994958583e-01
5.037794208660933970e-01
4.994374609838458934e-01
4.951505912068245863e-01
4.909182901891027129e-01
4.867400365847520671e-01
4.826153090478452756e-01
4.785435862324542433e-01
4.745243467926516523e-01
4.705570693825094630e-01
4.666412326561003021e-01
4.627763152674959080e-01
4.589617958707695178e-01
4.551971531199923704e-01
4.514818656692373700e-01
4.478154121725767545e-01
4.441972712840825954e-01
4.406269216578274084e-01
4.371038419478833759e-01
4.336274988322206814e-01
4.301971275672181738e-01
4.268117540893339723e-01
4.234703967932234026e-01
4.201720740735430115e-01
4.169158043249479584e-01
4.137006059420948456e-01
4.105254973196385548e-01
4.073894968522357440e-01
4.042916229345417389e-01
4.012308939612128089e-01
3.982063283269043352e-01
3.952169444262726428e-01
3.922617606539731128e-01
3.893397954046617371e-01
3.864500670729946186e-01
3.835915940536272495e-01
3.807633947412157882e-01
3.779644875304155605e-01
3.751938908158830022e-01
3.724506229922736056e-01
3.697337024542433070e-01
3.670421475964478764e-01
3.643749768135433054e-01
3.617312085001851418e-01
3.591098610510295441e-01
3.565099528607321711e-01
3.539305023239490700e-01
3.513705278353356776e-01
3.488290477895482078e-01
3.463050805812424859e-01
3.437976446050738932e-01
3.413057582556989211e-01
3.388284399277730063e-01
3.363647080159520852e-01
3.339135809148920386e-01
3.314740770192486363e-01
3.290452147236775926e-01
3.266260124228351214e-01
3.242154885113767149e-01
3.218126613839583650e-01
3.194165494352357859e-01
3.170261710598649696e-01
3.146405446525016858e-01
3.122586886078019264e-01
3.098796213204212391e-01
3.075023611850155603e-01
3.051259265962408262e-01
3.027493359487528068e-01
3.003716076372075494e-01
2.979917600562605462e-01
2.956088116005677890e-01
2.932217806647851033e-01
2.908296856435684807e-01
2.884315449315734137e-01
2.860263769234561715e-01
2.836132000138722464e-01
2.811910325974777969e-01
2.787588930689283151e-01
2.763157998228799039e-01
2.738607712539880557e-01
2.713928257569090952e-01
