-1.441907482800266915e-09
3.900188354842138490e-03
4.997821751808522936e-03
3.348276479946259675e-03
-9.930697297900535452e-04
-7.970839146445840226e-03
-1.752965403906649525e-02
-2.961413667669744731e-02
-4.416890932838408307e-02
-6.113859426317184986e-02
-8.046781375010605974e-02
-1.021011900582322746e-01
-1.259833454565957855e-01
-1.520589022142420921e-01
-1.802724826002164993e-01
-2.105687088835645204e-01
-2.428922033333314467e-01
-2.771875882185627082e-01
-3.133994858083040125e-01
-3.514725183716003731e-01
-3.913513081774973035e-01
-4.329804774950402058e-01
-4.763046485932747043e-01
-5.212684437412460348e-01
-5.678164852079995439e-01
-6.158933952625808006e-01
-6.654437961740348184e-01
-7.164123102114077213e-01
-7.687435596437444119e-01
-8.223821667400900148e-01
-8.772727537694910982e-01
-9.333599430009921205e-01
-9.905883567036382065e-01
-1.048902617146475258e+00
-1.108247346598548733e+00
-1.168567167328904199e+00
-1.229806701606587005e+00
-1.291910571700641830e+00
-1.354823399880115353e+00
-1.418489808414052034e+00
-1.482854419571496996e+00
-1.547861855621496918e+00
-1.613456738833096038e+00
-1.679583691475340146e+00
-1.746187335817274588e+00
-1.813212294127945379e+00
-1.880603188676397419e+00
-1.948304641731676279e+00
-2.016261275562826416e+00
-2.084417712438894732e+00
-2.152718574628925907e+00
-2.221108484401965288e+00
-2.289532064027057778e+00
-2.357933935773250500e+00
-2.426258721909587468e+00
-2.494451044705114029e+00
-2.562455526428876418e+00
-2.630216789349919537e+00
-2.697679455737287846e+00
-2.764788147860028911e+00
-2.831487487987186302e+00
-2.897722098387806255e+00
-2.963436876985258817e+00
-3.028584372386599277e+00
-3.093125591702879262e+00
-3.157021979774011555e+00
-3.220234981439903166e+00
-3.282726041540468209e+00
-3.344456604915617248e+00
-3.405388116405260845e+00
-3.465482020849306455e+00
-3.524699763087668192e+00
-3.583002787960255286e+00
-3.640352540306980078e+00
-3.696710464967750909e+00
-3.752038006782480117e+00
-3.806296610591078711e+00
-3.859447721233456807e+00
-3.911452783549524082e+00
-3.962273242379192428e+00
-4.011870542562371966e+00
-4.060206128938973258e+00
-4.107241446348907310e+00
-4.152937939632087350e+00
-4.197257053628419499e+00
-4.240160233177816984e+00
-4.281608923120190369e+00
-4.321564568295450215e+00
-4.359988613543506197e+00
-4.396842503704271543e+00
-4.432087683617654150e+00
-4.465685598123567246e+00
-4.497597692061918728e+00
-4.527788251580273204e+00
-4.556251698615980672e+00
-4.583000605956509155e+00
-4.608047795831965665e+00
-4.631406090472459880e+00
-4.653088312108108582e+00
-4.673107282969016119e+00
-4.691475825285296608e+00
-4.708206761287060615e+00
-4.723312913204419594e+00
-4.736807103267483221e+00
-4.748702153706362061e+00
-4.759010886751166680e+00
-4.767746124632011195e+00
-4.774920689578999955e+00
-4.780547403822251518e+00
-4.784639089591871119e+00
-4.787208569117972878e+00
-4.788268664630663807e+00
-4.787832198360058911e+00
-4.785911992536266979e+00
-4.782520869389398577e+00
-4.777671651149564269e+00
-4.771377160046876398e+00
-4.763650218311444640e+00
-4.754503648173380448e+00
-4.743950271862792611e+00
-4.732002911609796136e+00
-4.718674389644498035e+00
-4.703977528197009761e+00
-4.687925149497443655e+00
-4.670533112821384947e+00
-4.651832590972906800e+00
-4.631859572441616280e+00
-4.610650047474670110e+00
-4.588240006319225017e+00
-4.564665439222437726e+00
-4.539962336431464962e+00
-4.514166688193460786e+00
-4.487314484755585475e+00
-4.459441716364992203e+00
-4.430584373268842135e+00
-4.400778445714284892e+00
-4.370059923948481639e+00
-4.338464798218588214e+00
-4.306029058771761342e+00
-4.272788695855156860e+00
-4.238779699715933269e+00
-4.204038060601243743e+00
-4.168599768758246782e+00
-4.132500814434099112e+00
-4.095777187875956571e+00
-4.058464879330976771e+00
-4.020599879046314662e+00
-3.982218177269127857e+00
-3.943355764246572193e+00
-3.904048630225804395e+00
-3.864332765453982077e+00
-3.824244160178259744e+00
-3.783818804645795009e+00
-3.743092689103745485e+00
-3.702101796136065381e+00
-3.660878906066374672e+00
-3.619448657066684394e+00
-3.577834412343850801e+00
-3.536059535104730589e+00
-3.494147388556180900e+00
-3.452121335905059318e+00
-3.410004740358222097e+00
-3.367820965122526822e+00
-3.325593373404831077e+00
-3.283345328411988895e+00
-3.241100193350860970e+00
-3.198881331428302666e+00
-3.156712105851171568e+00
-3.114615879826323042e+00
-3.072616016560614671e+00
-3.030735879260905374e+00
-2.988998831134049183e+00
-2.947428235386906792e+00
-2.906047455226331788e+00
-2.864879853859182202e+00
-2.823948794492316949e+00
-2.783277640332589620e+00
-2.742889754586859574e+00
-2.702808500461983510e+00
-2.663057241164818123e+00
-2.623659339902219223e+00
-2.584638159881046615e+00
-2.546017064308155220e+00
-2.507819416390402179e+00
-2.470068579334643744e+00
-2.432787695493022984e+00
-2.395990486438903666e+00
-2.359677929545104469e+00
-2.323850097563526340e+00
-2.288507063246071560e+00
-2.253648899344640189e+00
-2.219275678611133618e+00
-2.185387473797453683e+00
-2.151984357655500890e+00
-2.119066402937177518e+00
-2.086633682394384071e+00
-2.054686268779021496e+00
-2.023224234842992075e+00
-1.992247653338195423e+00
-1.961756597016533599e+00
-1.931751138629908437e+00
-1.902231350930219556e+00
-1.873197306669370121e+00
-1.844649078599260417e+00
-1.816586739471792056e+00
-1.789010362038865320e+00
-1.761920019052382269e+00
-1.735315783264244072e+00
-1.709197727426351676e+00
-1.683565924290606253e+00
-1.658420446608909415e+00
-1.633761367133162112e+00
-1.609588758615265291e+00
-1.585902693807120567e+00
-1.562703245460629775e+00
-1.539990486327692754e+00
-1.517764140129060246e+00
-1.496019013472807302e+00
-1.474746278134789534e+00
-1.453937020678178538e+00
-1.433582327666147682e+00
-1.413673285661869672e+00
-1.394200981228515879e+00
-1.375156500929260339e+00
-1.356530931327274647e+00
-1.338315358985731507e+00
-1.320500870467803400e+00
-1.303078552336662810e+00
-1.286039491155482661e+00
-1.269374773487434771e+00
-1.253075485895692287e+00
-1.237132714943427025e+00
-1.221537547193813023e+00
-1.206281069210020540e+00
-1.191354367555224503e+00
-1.176748528792596060e+00
-1.162454639485307695e+00
-1.148463786196532554e+00
-1.134767055489442900e+00
-1.121355533927210990e+00
-1.108220308073009752e+00
-1.095352464490011224e+00
-1.082743089741388554e+00
-1.070383270390313557e+00
-1.058264092999960049e+00
-1.046376644133498957e+00
-1.034712010354103651e+00
-1.023261708545141424e+00
-1.012020003690396130e+00
-1.000982241585383070e+00
-9.901437706120611582e-01
-9.794999391523921961e-01
-9.690460955883367644e-01
-9.587775883018566647e-01
-9.486897656749110341e-01
-9.387779760894626735e-01
-9.290375679274709420e-01
-9.194638895708974191e-01
-9.100522894017035735e-01
-9.007981158018492085e-01
-8.916967171532964587e-01
-8.827434418380047942e-01
-8.739336382379363499e-01
-8.652626547350510400e-01
-8.567258397113106660e-01
-8.483185415486752534e-01
-8.400361086291067148e-01
-8.318738893345646312e-01
-8.238272320470111376e-01
-8.158914851484061481e-01
-8.080619970207116864e-01
-8.003341160458874448e-01
-7.927031906058953359e-01
-7.851645690826956070e-01
-7.777135998582490606e-01
-7.703456313145173873e-01
-7.630560118334603903e-01
-7.558400901330176724e-01
-7.486941355091645267e-01
-7.416173446288453208e-01
-7.346094947279261378e-01
-7.276703630422742819e-01
-7.207997268077559472e-01
-7.139973632602383269e-01
-7.072630496355876151e-01
-7.005965631696714491e-01
-6.939976810983553568e-01
-6.874661806575073086e-01
-6.810018390829931656e-01
-6.746044336106798989e-01
-6.682737414764351458e-01
-6.620095399161241012e-01
-6.558116061656150686e-01
-6.496797174607733538e-01
-6.436136510374670383e-01
-6.376131841315617610e-01
-6.316780939789252702e-01
-6.258081578154233160e-01
-6.200031528769233136e-01
-6.142628563992917901e-01
-6.085870456183958277e-01
-6.029754977701016205e-01
-5.974279900902762508e-01
-5.919442998147863566e-01
-5.865242041794986871e-01
-5.811674804202803246e-01
-5.758739057729975741e-01
-5.706432574735176289e-01
-5.654753113080603910e-01
-5.603697375784432166e-01
-5.553260314511128115e-01
-5.503436715801418577e-01
-5.454221366196021492e-01
-5.405609052235667011e-01
-5.357594560461067523e-01
-5.310172677412959841e-01
-5.263338189632053021e-01
-5.217085883659081658e-01
-5.171410546034760358e-01
-5.126306963299814834e-01
-5.081769921994968575e-01
-5.037794208660943962e-01
-4.994374609838469481e-01
-4.951505912068255300e-01
-4.909182901891036566e-01
-4.867400365847530108e-01
-4.826153090478461638e-01
-4.785435862324550205e-01
-4.745243467926523739e-01
-4.705570693825101292e-01
-4.666412326561008572e-01
-4.627763152674965186e-01
-4.589617958707700174e-01
-4.551971531199928700e-01
-4.514818656692376475e-01
-4.478154121725770320e-01
-4.441972712840828175e-01
-4.406269216578274639e-01
-4.371038419478833759e-01
-4.336274988322205703e-01
-4.301971275672181183e-01
-4.268117540893338613e-01
-4.234703967932232915e-01
-4.201720740735428450e-01
-4.169158043249477363e-01
-4.137006059420946236e-01
-4.105254973196383328e-01
-4.073894968522354665e-01
-4.042916229345415169e-01
-4.012308939612125314e-01
-3.982063283269040577e-01
-3.952169444262723097e-01
-3.922617606539728352e-01
-3.893397954046614595e-01
-3.864500670729943410e-01
-3.835915940536269719e-01
-3.807633947412153996e-01
-3.779644875304153939e-01
-3.751938908158828356e-01
-3.724506229922733280e-01
-3.697337024542430850e-01
-3.670421475964476543e-01
-3.643749768135431388e-01
-3.617312085001850308e-01
-3.591098610510294886e-01
-3.565099528607320600e-01
-3.539305023239490144e-01
-3.513705278353356221e-01
-3.488290477895482078e-01
-3.463050805812424304e-01
-3.437976446050739487e-01
-3.413057582556990321e-01
-3.388284399277730619e-01
-3.363647080159521963e-01
-3.339135809148921497e-01
-3.314740770192488029e-01
-3.290452147236777591e-01
-3.266260124228352879e-01
-3.242154885113768814e-01
-3.218126613839585870e-01
-3.194165494352360080e-01
-3.170261710598652471e-01
-3.146405446525020189e-01
-3.122586886078022039e-01
-3.098796213204215166e-01
-3.075023611850158378e-01
-3.051259265962411593e-01
-3.027493359487531399e-01
-3.003716076372078270e-01
-2.979917600562608238e-01
-2.956088116005680666e-01
-2.932217806647853808e-01
-2.908296856435687583e-01
-2.884315449315736912e-01
-2.860263769234563935e-01
-2.836132000138725240e-01
-2.811910325974779634e-01
-2.787588930689284261e-01
-2.763157998228799594e-01
-2.738607712539881112e-01
-2.713928257569090952e-01
