-1.441907482800266915e-09
-1.448469921587148994e-09
-1.455958812454771252e-09
-1.464352565312495978e-09
-1.473629590069685666e-09
-1.483768296635701157e-09
-1.494747094919905567e-09
-1.506544394831660976e-09
-1.519138606280329051e-09
-1.532508139175271669e-09
-1.546631403425851737e-09
-1.561486808941430509e-09
-1.577052765631369240e-09
-1.593307683405031458e-09
-1.610229972171779037e-09
-1.627798041840973026e-09
-1.645990302321976539e-09
-1.664785163524150830e-09
-1.684161035356858395e-09
-1.704096327729461728e-09
-1.724569450551321050e-09
-1.745558813731800923e-09
-1.767042827180260326e-09
-1.788999900806063823e-09
-1.811408444518573081e-09
-1.834246868227149561e-09
-1.857493581841155551e-09
-1.881126995269952513e-09
-1.905125518422903974e-09
-1.929467561209369742e-09
-1.954131533538713965e-09
-1.979095845320297485e-09
-2.004338906463482795e-09
-2.029839126877631979e-09
-2.055574916472106289e-09
-2.081524685156269047e-09
-2.107666842839481508e-09
-2.133979799431105340e-09
-2.160441964840503450e-09
-2.187031748977037094e-09
-2.213727561750068766e-09
-2.240507813068960546e-09
-2.267350912843074931e-09
-2.294235270981772761e-09
-2.321139297394416530e-09
-2.348041401990369147e-09
-2.374919994678991866e-09
-2.401753485369646355e-09
-2.428520283971695522e-09
-2.455198800394500622e-09
-2.481767444547423735e-09
-2.508204626339828185e-09
-2.534488755681074810e-09
-2.560598242480526107e-09
-2.586511496647542915e-09
-2.612206928091488971e-09
-2.637662946721725529e-09
-2.662857962447615082e-09
-2.687770385178518887e-09
-2.712378624823799023e-09
-2.736661091292818399e-09
-2.760596194494938683e-09
-2.784162344339521957e-09
-2.807337950735929474e-09
-2.830101423593523729e-09
-2.852431172821667631e-09
-2.874305608329722021e-09
-2.895703140027048979e-09
-2.916602177823011414e-09
-2.936981131626971407e-09
-2.956818411348289799e-09
-2.976092426896329913e-09
-2.994781588180453415e-09
-3.012864305110021559e-09
-3.030318987594396428e-09
-3.047124045542941757e-09
-3.063257888865017972e-09
-3.078698927469987155e-09
-3.093425571267213455e-09
-3.107416230166054818e-09
-3.120649314075876634e-09
-3.133103232906040570e-09
-3.144756396565907880e-09
-3.155587214964840233e-09
-3.165574098012200949e-09
-3.174695455617351698e-09
-3.182929697689653733e-09
-3.190255234138468308e-09
-3.196650474873160399e-09
-3.202093836938352053e-09
-3.206570844100870352e-09
-3.210087462656755528e-09
-3.212653312156833046e-09
-3.214278012151932093e-09
-3.214971182192877308e-09
-3.214742441830495810e-09
-3.213601410615612650e-09
-3.211557708099057016e-09
-3.208620953831653546e-09
-3.204800767364229773e-09
-3.200106768247611989e-09
-3.194548576032625245e-09
-3.188135810270099557e-09
-3.180878090510857494e-09
-3.172785036305728657e-09
-3.163866267205538512e-09
-3.154131402761112524e-09
-3.143590062523278225e-09
-3.132251866042862321e-09
-3.120126432870691519e-09
-3.107223382557591697e-09
-3.093552334654390388e-09
-3.079122908711913471e-09
-3.063944724280987238e-09
-3.048027400912437568e-09
-3.031380558157093648e-09
-3.014013815565778876e-09
-2.995936792689321611e-09
-2.977159109078547733e-09
-2.957690384284285188e-09
-2.937540237857358201e-09
-2.916718289348595131e-09
-2.895234158308821857e-09
-2.873097464288865500e-09
-2.850317826839551109e-09
-2.826904865511706220e-09
-2.802868199856158363e-09
-2.778217449423732178e-09
-2.752962233765256025e-09
-2.727112172431554956e-09
-2.700676884973456916e-09
-2.673665990941786130e-09
-2.646089109887372613e-09
-2.617955861361039349e-09
-2.589276475461950686e-09
-2.560068279913670076e-09
-2.530353181552280266e-09
-2.500153163532402747e-09
-2.469490209008663972e-09
-2.438386301135686672e-09
-2.406863423068092336e-09
-2.374943557960508660e-09
-2.342648688967556718e-09
-2.310000799243859656e-09
-2.277021871944043099e-09
-2.243733890222730193e-09
-2.210158837234542840e-09
-2.176318696134107080e-09
-2.142235450076045645e-09
-2.107931082214982091e-09
-2.073427575705540391e-09
-2.038746913702344517e-09
-2.003911079360016371e-09
-1.968942055833181167e-09
-1.933861826276463702e-09
-1.898692373844485468e-09
-1.863455681691871263e-09
-1.828173732973244645e-09
-1.792868510843228965e-09
-1.757561998456448608e-09
-1.722276178967527133e-09
-1.687033035531087270e-09
-1.651854551301754231e-09
-1.616762709434149715e-09
-1.581779493082899759e-09
-1.546926885402625854e-09
-1.512226869547953626e-09
-1.477701428673504772e-09
-1.443372545933904918e-09
-1.409262204483775348e-09
-1.375392387477742100e-09
-1.341785078070428525e-09
-1.308462259416457563e-09
-1.275445914670452977e-09
-1.242758026987038945e-09
-1.210420579520839027e-09
-1.178455555426475952e-09
-1.146884937858574726e-09
-1.115730669718160457e-09
-1.085008157728285586e-09
-1.054719102261890619e-09
-1.024863477818899992e-09
-9.954412588992397974e-10
-9.664524200028352994e-10
-9.378969356296115556e-10
-9.097747802794955880e-10
-8.820859284524122475e-10
-8.548303546482866949e-10
-8.280080333670451254e-10
-8.016189391086128032e-10
-7.756630463729156131e-10
-7.501403296598788195e-10
-7.250507634694279969e-10
-7.003943223014888234e-10
-6.761709806559869768e-10
-6.523807130328476182e-10
-6.290234939319968391e-10
-6.060992978533600073e-10
-5.836080992968625940e-10
-5.615498727624302771e-10
-5.399245927499887345e-10
-5.187322337594629206e-10
-4.979727702907794437e-10
-4.776461768438633616e-10
-4.577524279186403521e-10
-4.382914980150357313e-10
-4.192633616329754357e-10
-4.006679932723846263e-10
-3.825053674331893429e-10
-3.647754586153149533e-10
-3.474782413186868770e-10
-3.306136900432309470e-10
-3.141817792888725311e-10
-2.981824835555373073e-10
-2.826157773431510052e-10
-2.674816351516389409e-10
-2.527800314809263788e-10
-2.385109408309398757e-10
-2.246743377016042307e-10
-2.112701965928453545e-10
-1.982984920045887439e-10
-1.857591984367599479e-10
-1.736522903892844891e-10
-1.619770585698126583e-10
-1.507273632190610677e-10
-1.398944749387791732e-10
-1.294696483822086476e-10
-1.194441382025911378e-10
-1.098091990531681742e-10
-1.005560855871813260e-10
-9.167605245787236949e-11
-8.316035431848278334e-11
-7.500024582225420147e-11
-6.718698162242802514e-11
-5.971181637224634062e-11
-5.256600472495049102e-11
-4.574080133378210376e-11
-3.922746085198279982e-11
-3.301723793279415495e-11
-2.710138722945781921e-11
-2.147116339521536510e-11
-1.611782108330844269e-11
-1.103261494697864063e-11
-6.206799639467574255e-12
-1.631629814016857068e-12
2.701639876131909947e-12
6.801754777737107630e-12
1.067746023755712248e-11
1.433750160235045104e-11
1.779062421887516861e-11
2.104557343389007912e-11
2.411109459415317707e-11
2.699593304642321954e-11
2.970883413745825596e-11
3.225854321401698202e-11
3.465380562285751178e-11
3.690336671073848922e-11
3.901597182441817704e-11
4.100036631065484440e-11
4.286529551620712882e-11
4.461950478783317667e-11
4.627173947229158025e-11
4.783074491634058285e-11
4.930526646673869921e-11
5.070404947024417265e-11
5.203583927361556959e-11
5.330938122361108164e-11
5.453337432051959557e-11
5.571373677644895892e-11
5.685207658182711930e-11
5.794963095532436720e-11
5.900763711561123220e-11
6.002733228135805002e-11
6.100995367123528561e-11
6.195673850391330055e-11
6.286892399806248224e-11
6.374774737235333442e-11
6.459444584545614110e-11
6.541025663604145772e-11
6.619641696277952953e-11
6.695416404434091194e-11
6.768473509939591484e-11
6.838936734661504195e-11
6.906929800466860314e-11
6.972576429222708921e-11
7.036000342796084882e-11
7.097325263054035984e-11
7.156674911863595799e-11
7.214173011091808238e-11
7.269943282605717212e-11
7.324109448272358878e-11
7.376795229958779732e-11
7.428124349532015929e-11
7.478220528859108797e-11
7.527207489807102246e-11
7.575208954243033726e-11
7.622348644033944562e-11
7.668750281046883836e-11
7.714537587148881241e-11
7.759834284206983274e-11
7.804764094088231262e-11
7.849450738659666529e-11
7.894017939788322648e-11
7.938589419341252577e-11
7.983288899185487302e-11
8.028240101188074613e-11
8.073566747216053250e-11
8.119392559136461955e-11
8.165841258816342054e-11
8.213036568122737459e-11
8.261102208922688202e-11
8.310161903083234318e-11
8.360310194855882174e-11
8.411478359217720070e-11
8.463540911565617087e-11
8.516372310308908046e-11
8.569847013856934232e-11
8.623839480619033050e-11
8.678224169004544493e-11
8.732875537422803382e-11
8.787668044283153586e-11
8.842476147994929927e-11
8.897174306967467227e-11
8.951636979610110646e-11
9.005738624332191129e-11
9.059353699543052546e-11
9.112356663652029717e-11
9.164621975068465219e-11
9.216024092201693875e-11
9.266437473461055674e-11
9.315736577255886733e-11
9.363795861995528333e-11
9.410489786089317883e-11
9.455692807946590204e-11
9.499279385976687872e-11
9.541123978588950879e-11
9.581101044192707584e-11
9.619085041197308319e-11
9.654950428012085319e-11
9.688571663046378578e-11
9.719823204709524208e-11
9.748579511410860909e-11
9.774715041559729966e-11
9.798104253565464906e-11
9.818621605837408307e-11
9.836141556784894990e-11
9.850538564817267532e-11
9.861687088343862047e-11
9.869461585774014649e-11
9.873736515517066622e-11
9.874386335982356665e-11
9.871285505579220892e-11
9.864308482716996710e-11
9.853329725805025403e-11
9.838223693252644378e-11
9.818864843469188455e-11
9.795127634864004090e-11
9.766886525846420933e-11
9.734015974825781562e-11
9.696390440211424675e-11
9.653884380412686387e-11
9.606372253838905396e-11
9.553728518899421694e-11
9.495827634003570103e-11
9.432544057560694492e-11
9.363752247980128389e-11
9.289326663671213080e-11
9.209141763043282092e-11
9.123072004505676711e-11
9.030991846467742097e-11
8.932775747338804026e-11
8.828298165528211535e-11
8.717433559445291691e-11
8.600056387499396119e-11
8.476041108099851885e-11
8.345262179656006736e-11
8.207594060577187738e-11
8.062911209272747808e-11
7.911088084152004965e-11
7.751999143624319880e-11
7.585518846099014450e-11
7.411521649985439007e-11
7.229882013692915448e-11
7.040474395630805735e-11
6.843173254208420135e-11
6.637853047835114147e-11
6.424388234920234226e-11
6.202653273873097099e-11
5.972522623103062144e-11
5.733870741019446736e-11
5.486572086031610898e-11
5.230501116548870065e-11
4.965532290980586201e-11
4.691540067736074094e-11
4.408398905224697647e-11
4.115983261855765185e-11
3.814167596038647073e-11
3.502826366182649698e-11
3.181834030697144072e-11
2.851065047991434319e-11
2.510393876474893713e-11
