1.201011769919763263e-07
-1.207563400973277190e-03
-1.548891899188849838e-03
-1.040985783084653025e-03
2.990345577243814319e-04
2.454048733623329093e-03
5.406936354997253155e-03
9.140577032231231996e-03
1.363785037571033261e-02
1.888163599581963586e-02
2.485481350294417927e-02
3.154026250746907317e-02
3.892086261977937417e-02
4.697949345026016660e-02
5.569903460929648276e-02
6.506236570727344515e-02
7.505236635457605832e-02
8.565191616158943089e-02
9.684389473869871312e-02
1.086111816962888332e-01
1.209366566447449415e-01
1.338031991944521049e-01
1.471936889557953487e-01
1.610910055391598372e-01
1.754780285549305263e-01
1.903376376134925940e-01
2.056527123252309963e-01
2.214061323005308834e-01
2.375807771497773779e-01
2.541595264833553247e-01
2.711252599116501516e-01
2.884608570450467591e-01
3.061491974939300476e-01
3.241731608686851951e-01
3.425156267796973242e-01
3.611594748373516128e-01
3.800875846520330170e-01
3.992828358341264372e-01
4.187281079940172734e-01
4.384062807420903707e-01
4.583002336887308514e-01
4.783928464443237827e-01
4.986669986192541759e-01
5.191055698239073202e-01
5.396914396686679494e-01
5.604074877639214636e-01
5.812365937200528743e-01
6.021616371474470819e-01
6.231654976564892090e-01
6.442310548575646001e-01
6.653411883610578226e-01
6.864787777773543320e-01
7.076267027168389179e-01
7.287678427898970357e-01
7.498850776069133639e-01
7.709612867782733581e-01
7.919793499143618076e-01
8.129221466255638351e-01
8.337725565222642299e-01
8.545134592148488917e-01
8.751277343137019438e-01
8.955982614292088417e-01
9.159080056616248910e-01
9.360423048508826893e-01
9.559891201094048441e-01
9.757365483043634047e-01
9.952726863029280890e-01
1.014585630972270280e+00
1.033663479179560474e+00
1.052494327791969608e+00
1.071066273676667846e+00
1.089367413700826237e+00
1.107385844731615610e+00
1.125109663636206792e+00
1.142526967281769945e+00
1.159625852535476787e+00
1.176394416264497478e+00
1.192820755336002403e+00
1.208892966617162390e+00
1.224599146975148711e+00
1.239927393277131751e+00
1.254865802390282337e+00
1.269402471181770631e+00
1.283525496518768572e+00
1.297222975268446099e+00
1.310483004297974041e+00
1.323293680474523004e+00
1.335643100665263594e+00
1.347519361737367527e+00
1.358910560558003855e+00
1.369804793994344516e+00
1.380190158913560783e+00
1.390054752182822151e+00
1.399387546996221143e+00
1.408186811142855488e+00
1.416456410566108159e+00
1.424200288143412596e+00
1.431422386752202902e+00
1.438126649269912072e+00
1.444317018573974210e+00
1.449997437541823198e+00
1.455171849050892474e+00
1.459844195978616144e+00
1.464018421202427644e+00
1.467698467599759971e+00
1.470888278048048114e+00
1.473591795424725293e+00
1.475812962607224721e+00
1.477555722472980726e+00
1.478824017899426524e+00
1.479621791763996441e+00
1.479952986944123694e+00
1.479821546317242165e+00
1.479231412760785513e+00
1.478186529152187401e+00
1.476690838368881487e+00
1.474748283288301876e+00
1.472362806787881562e+00
1.469538351745055094e+00
1.466278861037255021e+00
1.462588277541916559e+00
1.458470544136472480e+00
1.453929603698356443e+00
1.448969399105002331e+00
1.443594816550663573e+00
1.437815498664459568e+00
1.431642583844076722e+00
1.425087211033104762e+00
1.418160519175131196e+00
1.410873647213744864e+00
1.403237734092533939e+00
1.395263918755085486e+00
1.386963340144989898e+00
1.378347137205834017e+00
1.369426448881207348e+00
1.360212414114696511e+00
1.350716171849891456e+00
1.340948861030379247e+00
1.330921620599749167e+00
1.320645589501589168e+00
1.310131906679488090e+00
1.299391711077032996e+00
1.288436141637813392e+00
1.277276337305417453e+00
1.265923437023432463e+00
1.254388579735448150e+00
1.242682904385052245e+00
1.230817549915832476e+00
1.218803655271377684e+00
1.206652359395276708e+00
1.194374801231117056e+00
1.181982119722487123e+00
1.169485453812975750e+00
1.156895942446170888e+00
1.144224722185175125e+00
1.131481934847576420e+00
1.118675192984772249e+00
1.105811713094829951e+00
1.092898711675818202e+00
1.079943405225804787e+00
1.066953010242857935e+00
1.053934743225045434e+00
1.040895820670435068e+00
1.027843459077096178e+00
1.014784874943095216e+00
1.001727284766501080e+00
9.886779050453815554e-01
9.756439522778047602e-01
9.626326429618387026e-01
9.496511935955509465e-01
9.367068206770106098e-01
9.238067407042848123e-01
9.109581701754418948e-01
8.981683255885503092e-01
8.854444234416771753e-01
8.727936802328917221e-01
8.602233124602605141e-01
8.477405366218527805e-01
8.353525692157360849e-01
8.230666267399785463e-01
8.108899256926480614e-01
7.988296825718128602e-01
7.868931138755408394e-01
7.750874361019002290e-01
7.634198657489584816e-01
7.518975510964068798e-01
7.405247305008180181e-01
7.293017058455006918e-01
7.182284995912885384e-01
7.073051341990156393e-01
6.965316321295159652e-01
6.859080158436227093e-01
6.754343078021706193e-01
6.651105304659931106e-01
6.549367062959241537e-01
6.449128577527973860e-01
6.350390072974470002e-01
6.253151773907067446e-01
6.157413904934101456e-01
6.063176690663913959e-01
5.970440355704843549e-01
5.879205124665226601e-01
5.789471222153405039e-01
5.701238872777714128e-01
5.614508301146494684e-01
5.529279731868085301e-01
5.445553389550823464e-01
5.363329498803047768e-01
5.282608284233096807e-01
5.203389970449310287e-01
5.125674782060025692e-01
5.049462943673581616e-01
4.974754679898317211e-01
4.901550215342569961e-01
4.829849774614680680e-01
4.759653582322984633e-01
4.690960783918416421e-01
4.623755321800403495e-01
4.558009899955695055e-01
4.493696958904878080e-01
4.430788939168539553e-01
4.369258281267268673e-01
4.309077425721649646e-01
4.250218813052273337e-01
4.192654883779724506e-01
4.136358078424591245e-01
4.081300837507459423e-01
4.027455601548916020e-01
3.974794811069551903e-01
3.923290906589949056e-01
3.872916328630699456e-01
3.823643517712386197e-01
3.775444914355599590e-01
3.728292959080924396e-01
3.682160092408949814e-01
3.637018754860264491e-01
3.592841386955450411e-01
3.549600429215098996e-01
3.507268322159796670e-01
3.465817506310128748e-01
3.425220422186685543e-01
3.385449510310051813e-01
3.346477211200815649e-01
3.308275965379563477e-01
3.270818213366884497e-01
3.234076395683363470e-01
3.198022952849588485e-01
3.162631658690092662e-01
3.127884801742803478e-01
3.093768019332347463e-01
3.060266956797191851e-01
3.027367259475808869e-01
2.995054572706667972e-01
2.963314541828241389e-01
2.932132812178997461e-01
2.901495029097409528e-01
2.871386837921945379e-01
2.841793883991076131e-01
2.812701812643275123e-01
2.784096269217010144e-01
2.755962899050753978e-01
2.728287347482973857e-01
2.701055259852144230e-01
2.674252281496732331e-01
2.647864057755210943e-01
2.621876233966049519e-01
2.596274455467720288e-01
2.571044367598691038e-01
2.546171615697436219e-01
2.521641845102420842e-01
2.497440701152121856e-01
2.473553829185005104e-01
2.449966874539543649e-01
2.426665482554207220e-01
2.403635298567465273e-01
2.380861967917792255e-01
2.358331135943653178e-01
2.336028449018687503e-01
2.313942389864099558e-01
2.292070460579355706e-01
2.270411952026183955e-01
2.248966155066314254e-01
2.227732360561475722e-01
2.206709859373399141e-01
2.185897942363812796e-01
2.165295900394447470e-01
2.144903024327030616e-01
2.124718605023294127e-01
2.104741933344965732e-01
2.084972300153775659e-01
2.065408996311455525e-01
2.046051312679731116e-01
2.026898540120335712e-01
2.007949969494995102e-01
1.989204891665442565e-01
1.970662597493404167e-01
1.952322377840612633e-01
1.934183523568794583e-01
1.916245325539682187e-01
1.898507074615002899e-01
1.880968061656488610e-01
1.863627577525866219e-01
1.846484913084866786e-01
1.829539359195219705e-01
1.812790206718654096e-01
1.796236746516901017e-01
1.779878269451687645e-01
1.763714066384745871e-01
1.747743423847659405e-01
1.731965313286389085e-01
1.716378183011385838e-01
1.700980432010056609e-01
1.685770459269806398e-01
1.670746663778043817e-01
1.655907444522172201e-01
1.641251200489600715e-01
1.626776330667733250e-01
1.612481234043978418e-01
1.598364309605740663e-01
1.584423956340427764e-01
1.570658573235444444e-01
1.557066559278197926e-01
1.543646313456095986e-01
1.530396234756541962e-01
1.517314722166944740e-01
1.504400174674709323e-01
1.491650991267242654e-01
1.479065570931950013e-01
1.466642312656239455e-01
1.454379615427515426e-01
1.442275878233185982e-01
1.430329500060655845e-01
1.418538879897333349e-01
1.406902416730622107e-01
1.395418509547930730e-01
1.384085557336664496e-01
1.372901959084230072e-01
1.361866113778033294e-01
1.350976420405480549e-01
1.340231240599556173e-01
1.329628214170731071e-01
1.319164328043853085e-01
1.308836545620279956e-01
1.298641830301374145e-01
1.288577145488493947e-01
1.278639454583001267e-01
1.268825720986253569e-01
1.259132908099613868e-01
1.249557979324440599e-01
1.240097898062094139e-01
1.230749627713934036e-01
1.221510131681321915e-01
1.212376373365616072e-01
1.203345316168177442e-01
1.194413923490367235e-01
1.185579158733543192e-01
1.176837985299067635e-01
1.168187366588299136e-01
1.159624266002598769e-01
1.151145646943325940e-01
1.142748472811841026e-01
1.134429707009504684e-01
1.126186312937675904e-01
1.118015253997715480e-01
1.109913493590983097e-01
1.101877995118839410e-01
1.093905721982644241e-01
1.085993637583757693e-01
1.078138705323539587e-01
1.070337888603350579e-01
1.062588150824550076e-01
1.054886455388499150e-01
1.047229765696556791e-01
1.039615045150084072e-01
1.032039257150440537e-01
1.024499365098986287e-01
1.016992332397081145e-01
1.009515122446086460e-01
1.002064698647360808e-01
9.946380244022652584e-02
9.872320631121590806e-02
9.798437781784034850e-02
9.724701330023576007e-02
9.651080909853823608e-02
9.577546155288368945e-02
9.504066700340815799e-02
9.430612179024773500e-02
9.357152225353833341e-02
9.283656473341601878e-02
9.210094557001674564e-02
9.136436110347657957e-02
9.062650767393150286e-02
8.988708162151755332e-02
8.914577928637068549e-02
8.840229700862697881e-02
8.765633112842237396e-02
8.690757798589293648e-02
8.615573392117463480e-02
8.540049527440353450e-02
8.464155838571553458e-02
8.387861959524679778e-02
