1.201011769919763263e-07
-6.976149873151777942e-04
-6.063673956236089770e-04
2.589892741328296056e-04
1.883581419835269905e-03
4.252535439364843982e-03
7.350977730602687582e-03
1.116403469142992523e-02
1.567683271972769923e-02
2.087449821337712327e-02
2.674215757025934573e-02
3.326493718825549589e-02
4.042796346524669959e-02
4.821636279911408612e-02
5.661526158773880213e-02
6.560978622900197343e-02
7.518506312078472587e-02
8.532621866096819219e-02
9.601837924743354680e-02
1.072466712780618531e-01
1.189962211507342438e-01
1.312521552633318656e-01
1.439996000137359344e-01
1.572236817998275415e-01
1.709095270194876670e-01
1.850422620705975685e-01
1.996070133510385036e-01
2.145889072586914248e-01
2.299730701914374509e-01
2.457446285471578118e-01
2.618887087237335987e-01
2.783904371190460414e-01
2.952349401309760646e-01
3.124073441574050092e-01
3.298927755962137165e-01
3.476763608452836940e-01
3.657432263024958941e-01
3.840784983657313800e-01
4.026673034328714929e-01
4.214947679017970739e-01
4.405460181703892975e-01
4.598061806365296156e-01
4.792603816980988141e-01
4.988937477529783449e-01
5.186914051990489938e-01
5.386384804341921573e-01
5.587200998562888987e-01
5.789213898632200594e-01
5.992274768528673690e-01
6.196234872231112245e-01
6.400945473718332446e-01
6.606257836969148256e-01
6.812023225962363648e-01
7.018092904676794808e-01
7.224318137091253478e-01
7.430550187184548072e-01
7.636640318935492555e-01
7.842439796322895340e-01
8.047799883325568171e-01
8.252571843922323902e-01
8.456606942091976498e-01
8.659756441813334371e-01
8.861871607065208156e-01
9.062803701826409597e-01
9.262403990075745996e-01
9.460523735792037980e-01
9.657014202954089521e-01
9.851726655540713473e-01
1.004451235753072158e+00
1.023522257290293114e+00
1.042370856563614057e+00
1.060982159970917271e+00
1.079341293910083488e+00
1.097433384778993659e+00
1.115243558975528737e+00
1.132756942897570784e+00
1.149958662943000087e+00
1.166833845509697820e+00
1.183367616995545823e+00
1.199545103798423940e+00
1.215351432316214453e+00
1.230771728946798094e+00
1.245791120088056481e+00
1.260394732137869900e+00
1.274567691494119748e+00
1.288295124554687865e+00
1.301562157717454316e+00
1.314353917380300718e+00
1.326655529941108247e+00
1.338452126128566011e+00
1.349733150155814743e+00
1.360500454000010517e+00
1.370758107011842197e+00
1.380510178541998645e+00
1.389760737941169610e+00
1.398513854560043068e+00
1.406773597749309657e+00
1.414544036859657350e+00
1.421829241241775899e+00
1.428633280246353721e+00
1.434960223224080789e+00
1.440814139525645743e+00
1.446199098501738334e+00
1.451119169503046757e+00
1.455578421880260764e+00
1.459580924984069439e+00
1.463130748165161643e+00
1.466231960774226684e+00
1.468888632161953423e+00
1.471104831679031832e+00
1.472884628676149887e+00
1.474232092503998004e+00
1.475151292513264600e+00
1.475646298054638317e+00
1.475721178478808682e+00
1.475380003136465445e+00
1.474626841378297026e+00
1.473465762554992953e+00
1.471900836017241865e+00
1.469936131115733291e+00
1.467575717201156316e+00
1.464823663624200023e+00
1.461684039735553720e+00
1.458160914885906490e+00
1.454258358425946973e+00
1.449980439706364699e+00
1.445331228077848751e+00
1.440314792891088436e+00
1.434935203496772838e+00
1.429196529245591263e+00
1.423102839488232574e+00
1.416658203575385411e+00
1.409866690857739746e+00
1.402732370685984220e+00
1.395259614862777164e+00
1.387456311194915415e+00
1.379332615878963386e+00
1.370898722917981427e+00
1.362164826315029442e+00
1.353141120073168668e+00
1.343837798195457456e+00
1.334265054684958374e+00
1.324433083544731105e+00
1.314352078777835109e+00
1.304032234387331179e+00
1.293483744376280109e+00
1.282716802747740692e+00
1.271741603504775275e+00
1.260568340650442432e+00
1.249207208187803397e+00
1.237668400119918521e+00
1.225962110449847486e+00
1.214098533180650863e+00
1.202087862315389222e+00
1.189940291857122689e+00
1.177666015808911615e+00
1.165275228173816346e+00
1.152778122954896789e+00
1.140184894155213735e+00
1.127505735777827311e+00
1.114750841825797645e+00
1.101930406302185528e+00
1.089054623210051087e+00
1.076133686552453561e+00
1.063177790332455075e+00
1.050197128553114867e+00
1.037201895217493286e+00
1.024202284328650459e+00
1.011208489889647399e+00
9.982307059035435692e-01
9.852791263733998717e-01
9.723639453022763224e-01
9.594953566932334921e-01
9.466835545493318405e-01
9.339387328736307170e-01
9.212710856691919137e-01
9.086908069390741138e-01
8.962080906863386653e-01
8.838331135051032961e-01
8.715732252124640533e-01
8.594298478806319252e-01
8.474036571734120393e-01
8.354953287546097451e-01
8.237055382880305032e-01
8.120349614374796632e-01
8.004842738667623525e-01
7.890541512396845869e-01
7.777452692200511608e-01
7.665583034716674238e-01
7.554939296583389474e-01
7.445528234438709703e-01
7.337356604920689529e-01
7.230431164667381339e-01
7.124758670316839737e-01
7.020345878507119330e-01
6.917199545876269173e-01
6.815326429062349423e-01
6.714733284703406913e-01
6.615426869437500690e-01
6.517413939902683140e-01
6.420701252737005538e-01
6.325295564578521379e-01
6.231203632065286380e-01
6.138432211835355146e-01
6.046988060526782283e-01
5.956877934777613515e-01
5.868108591225910109e-01
5.780686786509725561e-01
5.694619277267107815e-01
5.609912820136115919e-01
5.526574171754802256e-01
5.444610088761216993e-01
5.364027327793416955e-01
5.284832645489455638e-01
5.207032798487385428e-01
5.130634543425263150e-01
5.055644636941135639e-01
4.982069835673065272e-01
4.909916896259096664e-01
4.839192575337290525e-01
4.769903629545699242e-01
4.702056815522373534e-01
4.635658889905366897e-01
4.570714050291247443e-01
4.507206171159907071e-01
4.445109435460935510e-01
4.384397966457824203e-01
4.325045887414064039e-01
4.267027321593145350e-01
4.210316392258555696e-01
4.154887222673790959e-01
4.100713936102337587e-01
4.047770655807689244e-01
3.996031505053331823e-01
3.945470607102761207e-01
3.896062085219466065e-01
3.847780062666936729e-01
3.800598662708662978e-01
3.754492008608137366e-01
3.709434223628848004e-01
3.665399431034288003e-01
3.622361754087946029e-01
3.580295316053313526e-01
3.539174240193880827e-01
3.498972649773138821e-01
3.459664668054577286e-01
3.421224418301687109e-01
3.383626023777959735e-01
3.346843607746884941e-01
3.310851293471954171e-01
3.275623204216655537e-01
3.241133463244483814e-01
3.207356193818925449e-01
3.174265519203474106e-01
3.141835562661617343e-01
3.110040447456849377e-01
3.078854296852656658e-01
3.048251234112532848e-01
3.018205382499968281e-01
2.988690865278451625e-01
2.959681805711477098e-01
2.931152327062530039e-01
2.903076552595106885e-01
2.875428605572692420e-01
2.848182609258781972e-01
2.821312686916863655e-01
2.794792961810428911e-01
2.768597699056797312e-01
2.742709675003167646e-01
2.717124858403032750e-01
2.691840352840541573e-01
2.666853261899836403e-01
2.642160689165071741e-01
2.617759738220385990e-01
2.593647512649928100e-01
2.569821116037847575e-01
2.546277651968286149e-01
2.523014224025394991e-01
2.500027935793317502e-01
2.477315890856200686e-01
2.454875192798189887e-01
2.432702945203434330e-01
2.410796251656078526e-01
2.389152215740270868e-01
2.367767941040153645e-01
2.346640531139879138e-01
2.325767089623588246e-01
2.305144720075432141e-01
2.284770526079552833e-01
2.264641611220099826e-01
2.244755079081220128e-01
2.225108033247057693e-01
2.205697577301760359e-01
2.186520814829473747e-01
2.167574849414346250e-01
2.148856784640522655e-01
2.130363724092149691e-01
2.112092771353374643e-01
2.094041030008343407e-01
2.076205603641201325e-01
2.058583595836096791e-01
2.041172110177174870e-01
2.023968250248583400e-01
2.006969119634466614e-01
1.990171821918972073e-01
1.973573460686248449e-01
1.957171139520438863e-01
1.940961962005692820e-01
1.924943031726153442e-01
1.909111452265970510e-01
1.893464327209287146e-01
1.877998760140253964e-01
1.862711971108088893e-01
1.847601831866008959e-01
1.832666440728192569e-01
1.817903896236293670e-01
1.803312296931963155e-01
1.788889741356854690e-01
1.774634328052619725e-01
1.760544155560911095e-01
1.746617322423379415e-01
1.732851927181678353e-01
1.719246068377460190e-01
1.705797844552375542e-01
1.692505354248078908e-01
1.679366696006220350e-01
1.666379968368453812e-01
1.653543269876429633e-01
1.640854699071802592e-01
1.628312354496222192e-01
1.615914334691342935e-01
1.603658738198814881e-01
1.591543663560292532e-01
1.579567209317425669e-01
1.567727474011869071e-01
1.556022556185272243e-01
1.544450554379289686e-01
1.533009567135571738e-01
1.521697692995772067e-01
1.510513030501542953e-01
1.499453678194535011e-01
1.488517734616402188e-01
1.477703298308795377e-01
1.467008467813367967e-01
1.456431341671771407e-01
1.445970018425657977e-01
1.435622596616679403e-01
1.425387174786489630e-01
1.415261851476738719e-01
1.405244725229080616e-01
1.395333894585166212e-01
1.385527458086648622e-01
1.375823514275179293e-01
1.366220161692410784e-01
1.356715498879996207e-01
1.347307624379585900e-01
1.337994636732834364e-01
1.328774634481391381e-01
1.319645716166911176e-01
1.310605980331044362e-01
1.301653525515444609e-01
1.292786450261763087e-01
1.284002853111652354e-01
1.275300832606764412e-01
1.266678487288752097e-01
1.258133915699266858e-01
1.249665216379961391e-01
1.241270487872487421e-01
1.232947828718497646e-01
1.224695337459644207e-01
1.216511112637579106e-01
1.208393252793955180e-01
1.200339856470423322e-01
1.192349022208636922e-01
1.184418848550247844e-01
1.176547434036908368e-01
1.168732877210270221e-01
1.160973276611986654e-01
1.153266730783708283e-01
1.145611338267089191e-01
1.138005197603779994e-01
1.130446407335433667e-01
1.122933066003702213e-01
1.115463272150238466e-01
1.108035124316693182e-01
1.100646721044719889e-01
1.093296160875971007e-01
1.085981542352097151e-01
1.078700964014752128e-01
1.071452524405587525e-01
1.064234322066255067e-01
1.057044455538408007e-01
1.049881023363697652e-01
1.042742124083776561e-01
1.035625856240297432e-01
1.028530318374911295e-01
1.021453609029271264e-01
1.014393826745029342e-01
1.007349070063837948e-01
1.000317437527348807e-01
9.932970276772146168e-02
