1.201011769919763263e-07
-4.822052221141034586e-03
-6.179457884237998105e-03
-4.140559767951368549e-03
1.226179247881381638e-03
9.852296283422788681e-03
2.166932845883535672e-02
3.660881289428163238e-02
5.460228670992415406e-02
7.558128702592545323e-02
9.947735096244800235e-02
1.262220156396544057e-01
1.557468181777071359e-01
1.879832956967688040e-01
2.228629853170018271e-01
2.603174241585687887e-01
3.002781493416321612e-01
3.426766979863544726e-01
3.874446072128985841e-01
4.345134141414265794e-01
4.838146558921011531e-01
5.352798695850847777e-01
5.888405923405399811e-01
6.444283612786296800e-01
7.019747135195156806e-01
7.614111861833613437e-01
8.226693163903281425e-01
8.856806412605795487e-01
9.503766979142779237e-01
1.016689023471585074e+00
1.084549155052664915e+00
1.153888629777679142e+00
1.224638984766789562e+00
1.296731757140159313e+00
1.370098484017951312e+00
1.444670702520328254e+00
1.520379949767452166e+00
1.597157762879485077e+00
1.674935678976590792e+00
1.753645235178930673e+00
1.833217968606667636e+00
1.913585416379964599e+00
1.994679115618983145e+00
2.076430603443887080e+00
2.158771416974837987e+00
2.241633093331998339e+00
2.324947169635532163e+00
2.408645183005600376e+00
2.492658670562365675e+00
2.576919169425990752e+00
2.661358216716638747e+00
2.745907349554471022e+00
2.830498105059651159e+00
2.915062020352340966e+00
2.999530632552704024e+00
3.083835478780902140e+00
3.167908096157097564e+00
3.251680021801452991e+00
3.335082792834129783e+00
3.418047946375293744e+00
3.500507019545105347e+00
3.582391549463725955e+00
3.663633414149886303e+00
3.744173953135732980e+00
3.823964966489023620e+00
3.902958795611810139e+00
3.981107781906144005e+00
4.058364266774074913e+00
4.134680591617658330e+00
4.210009097838946168e+00
4.284302126839985903e+00
4.357512020022832999e+00
4.429591118789536708e+00
4.500491764542152495e+00
4.570166298682726946e+00
4.638567062613316416e+00
4.705646397735971931e+00
4.771356645452743628e+00
4.835650147165683421e+00
4.898479244276844113e+00
4.959796278188275842e+00
5.019553590302033186e+00
5.077703522020164506e+00
5.134198414744726158e+00
5.188990609877764726e+00
5.242032448821336565e+00
5.293276272977490926e+00
5.342674423748278834e+00
5.390179242535754867e+00
5.435743070741967387e+00
5.479318249768970084e+00
5.520857121018817537e+00
5.560312025893557220e+00
5.597638817059003458e+00
5.632830588732952393e+00
5.665902865798959631e+00
5.696871481399668369e+00
5.725752268677728019e+00
5.752561060775781776e+00
5.777313690836478166e+00
5.800025992002463049e+00
5.820713797416384949e+00
5.839392940220890615e+00
5.856079253558625020e+00
5.870788570572235798e+00
5.883536724404367924e+00
5.894339548197671697e+00
5.903212875094788537e+00
5.910172538238371409e+00
5.915234370771062622e+00
5.918414205835510700e+00
5.919727876574360614e+00
5.919191216130261779e+00
5.916820057645858277e+00
5.912630234263797746e+00
5.906637579126728710e+00
5.898857925377294364e+00
5.889307106158142346e+00
5.878000954611922957e+00
5.864955303881276727e+00
5.850185987108857510e+00
5.833708837437305839e+00
5.815539688009271124e+00
5.795694371967400116e+00
5.774192482424037820e+00
5.751072571181334858e+00
5.726379152030430575e+00
5.700156740938373545e+00
5.672449853872216785e+00
5.643303006799004429e+00
5.612760715685785939e+00
5.580867496499611669e+00
5.547667865207527527e+00
5.513206337776586530e+00
5.477527430173834588e+00
5.440675658366318501e+00
5.402695538321090396e+00
5.363631586005195295e+00
5.323528317385687103e+00
5.282430248429610842e+00
5.240381895104017751e+00
5.197427773375953741e+00
5.153612399212468276e+00
5.108980288580611706e+00
5.063575957447429943e+00
5.017443921779975113e+00
4.970628697545293129e+00
4.923174800710433452e+00
4.875126747242444658e+00
4.826529053108377099e+00
4.777426234275276684e+00
4.727862806710194654e+00
4.677883286380178696e+00
4.627532189252276495e+00
4.576854021797631233e+00
4.525889322384672120e+00
4.474668539979199444e+00
4.423220543665253857e+00
4.371574202526876896e+00
4.319758385648114540e+00
4.267801962113004777e+00
4.215733801005592696e+00
4.163582771409921612e+00
4.111377742410033065e+00
4.059147583089967704e+00
4.006921162533770620e+00
3.954727349825486460e+00
3.902595014049153210e+00
3.850553024288815962e+00
3.798630249628514921e+00
3.746855559152296511e+00
3.695257821944200050e+00
3.643865907088270184e+00
3.592708683668548453e+00
3.541815020769076394e+00
3.491213787473900432e+00
3.440933852867058107e+00
3.391004086032594955e+00
3.341453356054553403e+00
3.292310532016974989e+00
3.243604483003902583e+00
3.195364078099379945e+00
3.147618186387447725e+00
3.100395676952150570e+00
3.053725418877527353e+00
3.007636008425772278e+00
2.962144404370083084e+00
2.917251822571427233e+00
2.872958361412451644e+00
2.829264119275810341e+00
2.786169194544152017e+00
2.743673685600128920e+00
2.701777690826391076e+00
2.660481308605590289e+00
2.619784637320377030e+00
2.579687775353401769e+00
2.540190821087315864e+00
2.501293872904770677e+00
2.462997029188415787e+00
2.425300388320903444e+00
2.388204048684884118e+00
2.351708108663006946e+00
2.315812666637926398e+00
2.280517820992290723e+00
2.245823670108752168e+00
2.211730312369960760e+00
2.178237846158567859e+00
2.145346369857224378e+00
2.113055981848580789e+00
2.081366780515288450e+00
2.050278864239998278e+00
2.019792331405361185e+00
1.989907280394026756e+00
1.960623809588648125e+00
1.931942017371874876e+00
1.903862002126357478e+00
1.876383430261582053e+00
1.849499882596314260e+00
1.823200441353769907e+00
1.797474083294965164e+00
1.772309785180917974e+00
1.747696523772644284e+00
1.723623275831160484e+00
1.700079018117484742e+00
1.677052727392632780e+00
1.654533380417621657e+00
1.632509953953467763e+00
1.610971424761187931e+00
1.589906769601799885e+00
1.569304965236318905e+00
1.549154988425763158e+00
1.529445815931148145e+00
1.510166424513491812e+00
1.491305790933809883e+00
1.472852891953119858e+00
1.454796704332438795e+00
1.437126204832782417e+00
1.419830370215168669e+00
1.402898177240613276e+00
1.386318602670133515e+00
1.370080623264746666e+00
1.354173215785468454e+00
1.338585356993315933e+00
1.323306023649305940e+00
1.308324192514456197e+00
1.293628840349781983e+00
1.279208943916300800e+00
1.265054012155309549e+00
1.251156952604932426e+00
1.237512009451436690e+00
1.224113430079766474e+00
1.210955461874867911e+00
1.198032352221685359e+00
1.185338348505165174e+00
1.172867698110252155e+00
1.160614648421891992e+00
1.148573446825029265e+00
1.136738340704609662e+00
1.125103577445579539e+00
1.113663404432882809e+00
1.102412069051465826e+00
1.091343818686273170e+00
1.080452900722250531e+00
1.069733562544343153e+00
1.059180051537496281e+00
1.048786615086655161e+00
1.038547500576766147e+00
1.028456955392772487e+00
1.018509226919621868e+00
1.008698562542257759e+00
9.990192096456268489e-01
9.894654156146731605e-01
9.800314278343431607e-01
9.707114936895815394e-01
9.614998605653336528e-01
9.523907758465457452e-01
9.433784869181613963e-01
9.344572415809351273e-01
9.256224269466745147e-01
9.168730530531922218e-01
9.082088484527178762e-01
8.996295416974821046e-01
8.911348613397140905e-01
8.827245359316451268e-01
8.743982940255039527e-01
8.661558641735215280e-01
8.579969749279273694e-01
8.499213548409522145e-01
8.419287324648253579e-01
8.340188363517775372e-01
8.261913950540391571e-01
8.184461371238390681e-01
8.107827911134088961e-01
8.032010855749770473e-01
7.957007490607752587e-01
7.882815101230320476e-01
7.809430973139788179e-01
7.736852391858447531e-01
7.665076642908605908e-01
7.594101011812558477e-01
7.523922784092613725e-01
7.454539245271062375e-01
7.385947680870211807e-01
7.318145376412360514e-01
7.251129617419810325e-01
7.184897689414863065e-01
7.119446877919819450e-01
7.054774468456979086e-01
6.990877728346588382e-01
6.927752600425044482e-01
6.865392828493064314e-01
6.803791949018599405e-01
6.742943498469591290e-01
6.682841013313990386e-01
6.623478030019739338e-01
6.564848085054788562e-01
6.506944714887079595e-01
6.449761455984565073e-01
6.393291844815185421e-01
6.337529417846891056e-01
6.282467711547626843e-01
6.228100262385337649e-01
6.174420606827979441e-01
6.121422281343483762e-01
6.069098822399809912e-01
6.017443766464896093e-01
5.966450650006693834e-01
5.916113009493146890e-01
5.866424381392203458e-01
5.817378302171806181e-01
5.768968308299907699e-01
5.721187936244448435e-01
5.674030722473382138e-01
5.627490203454645901e-01
5.581559915656194582e-01
5.536233395545969715e-01
5.491504179591918389e-01
5.447365804261988798e-01
5.403811806024125808e-01
5.360835573785862618e-01
5.318427645054047970e-01
5.276575978254807175e-01
5.235268438889911780e-01
5.194492892461146649e-01
5.154237204470285549e-01
5.114489240419113347e-01
5.075236865809396036e-01
5.036467946142925145e-01
4.998170346921471663e-01
4.960331933646814906e-01
4.922940571820732525e-01
4.885984126945006056e-01
4.849450464521408710e-01
4.813327450051722578e-01
4.777602949037725866e-01
4.742264826981194559e-01
4.707300949383909083e-01
4.672699181747646535e-01
4.638447389574186230e-01
4.604533438365303599e-01
4.570945193622780178e-01
4.537670520848393063e-01
4.504697285543919905e-01
4.472013353211140574e-01
4.439606589351829946e-01
4.407464859467769003e-01
4.375576029060737060e-01
4.343927963632510103e-01
4.312508528684866338e-01
4.281305589719586191e-01
4.250307012238443982e-01
4.219500661743222913e-01
4.188874403735697860e-01
4.158416103717649248e-01
4.128113627190853063e-01
4.097954839657088622e-01
4.067927606618132463e-01
4.038019793575767791e-01
4.008219266031766703e-01
3.978513889487912958e-01
3.948891529445979209e-01
3.919340051407749215e-01
3.889847320874997294e-01
3.860401203349504429e-01
3.830989564333046049e-01
3.801600269327400916e-01
3.772221183834351121e-01
3.742840173355669875e-01
3.713445103393139268e-01
3.684023839448534732e-01
3.654564247023636137e-01
3.625054191620220578e-01
3.595481538740069039e-01
3.565834153884954727e-01
3.536099902556661401e-01
3.506266650256963935e-01
3.476322262487641646e-01
3.446254604750472739e-01
3.416051542547235975e-01
3.385700941379706230e-01
3.355190666749667816e-01
