1.201011769919763263e-07
1.161017855081336793e-07
1.121849950543630015e-07
1.083499894975542080e-07
1.045959527045968963e-07
1.009220685423808492e-07
9.732752087779587588e-08
9.381149357773170624e-08
9.037317050907808330e-08
8.701173553872473692e-08
8.372637253356147632e-08
8.051626536047799164e-08
7.738059788636401270e-08
7.431855397810937521e-08
7.132931750260380902e-08
6.841207232673703071e-08
6.556600231739882305e-08
6.279029134147892912e-08
6.008412326586707873e-08
5.744668195745303482e-08
5.487715128312655369e-08
5.237471510977740486e-08
4.993855730429529170e-08
4.756786173356998375e-08
4.526181226449127040e-08
4.301959276394888147e-08
4.084038709883257989e-08
3.872337913603203592e-08
3.666775274243710515e-08
3.467269178493749753e-08
3.273738013042296276e-08
3.086100164578326375e-08
2.904274019790813365e-08
2.728177965368735192e-08
2.557730388001062853e-08
2.392849674376775288e-08
2.233454211184844156e-08
2.079462385114248065e-08
1.930792582853959337e-08
1.787363191092954924e-08
1.649092596520210127e-08
1.515899185824698922e-08
1.387701345695397103e-08
1.264417462821278812e-08
1.145965923891320837e-08
1.032265115594498312e-08
9.232334246197843858e-09
8.187892376561563424e-09
7.188509413925875787e-09
6.233369225180535595e-09
5.321655677215307421e-09
4.452552636919930194e-09
3.625243971184156908e-09
2.838913546897733937e-09
2.092745230950426683e-09
1.385922890231978003e-09
7.176303916321493707e-10
8.705160204067415730e-11
-5.066296116526866566e-10
-1.064229382558179794e-09
-1.586563843786057872e-09
-2.074449128446561901e-09
-2.528701369649954398e-09
-2.950136700506475753e-09
-3.339571254126370078e-09
-3.697821163619893480e-09
-4.025702562097290898e-09
-4.324031582668808099e-09
-4.593624358444703257e-09
-4.835297022535221726e-09
-5.049865708050608858e-09
-5.238146548101106698e-09
-5.400955675796977143e-09
-5.539109224248460582e-09
-5.653423326565810641e-09
-5.744714115859272672e-09
-5.813797725239096992e-09
-5.861490287815529781e-09
-5.888607936698823010e-09
-5.895966804999221204e-09
-5.884383025826975507e-09
-5.854672732292334581e-09
-5.807652057505548741e-09
-5.744137134576863342e-09
-5.664944096616528698e-09
-5.570889076734791818e-09
-5.462788208041901363e-09
-5.341457623648112613e-09
-5.207713456663663477e-09
-5.062371840198811714e-09
-4.906248907363801023e-09
-4.740160791268880068e-09
-4.564923625024298335e-09
-4.381353541740304488e-09
-4.190266674527149670e-09
-3.992479156495078406e-09
-3.788807120754341012e-09
-3.580066700415188633e-09
-3.367074028587865794e-09
-3.150645238382624052e-09
-2.931596462909710414e-09
-2.710743835279371061e-09
-2.488903488601858377e-09
-2.266891555987421023e-09
-2.045524170546308489e-09
-1.825617465388766955e-09
-1.607987573625044875e-09
-1.393450628365394015e-09
-1.182822762720054969e-09
-9.769201097992857072e-10
-7.765588027133316846e-10
-5.825549745724405293e-10
-3.957247584868624026e-10
-2.168842875668440274e-10
-4.684969492263581692e-11
1.136257383270628535e-10
2.644061890285153569e-10
4.057062967328620878e-10
5.377447235186910624e-10
6.607401314646021621e-10
7.749111826491882372e-10
8.804765391510457569e-10
9.776548630487666410e-10
1.066664816420949840e-09
1.147725061346188101e-09
1.221054259903076549e-09
1.286871074170208448e-09
1.345394166226182232e-09
1.396842198149589717e-09
1.441433832019027475e-09
1.479387729913090425e-09
1.510922553910373071e-09
1.536256966089470126e-09
1.555609628528975886e-09
1.569199203307486717e-09
1.577244352503597125e-09
1.579963738195901201e-09
1.577576022462994689e-09
1.570299867383472094e-09
1.558353935035929162e-09
1.541956887498959984e-09
1.521327386851158651e-09
1.496684095171122150e-09
1.468245674537443949e-09
1.436230787028718969e-09
1.400858094723542748e-09
1.362346259700509583e-09
1.320913944038215634e-09
1.276779809815254371e-09
1.230162519110221540e-09
1.181280734001711024e-09
1.130353116568319604e-09
1.077598328888638889e-09
1.023235033041268346e-09
9.674818911047993787e-10
9.105575651578281456e-10
8.526807172789499787e-10
7.940700095467595894e-10
7.349441040398510687e-10
6.755216628368200587e-10
6.160213480162607539e-10
5.566618216567694167e-10
4.976617458369401381e-10
4.392397826353675261e-10
3.816145941306467059e-10
3.250048424013730093e-10
2.696291895261406823e-10
2.157062975835449535e-10
1.634548286521812839e-10
1.130934448106420586e-10
6.484080813752620239e-11
1.891558071142631358e-11
-2.447219509076004790e-11
-6.525726094409502893e-11
-1.034944956160550522e-10
-1.392424143107717687e-10
-1.725595322323759311e-10
-2.035043645849988091e-10
-2.321354265727712327e-10
-2.585112333998241099e-10
-2.826903002702885292e-10
-3.047311423882955795e-10
-3.246922749579767888e-10
-3.426322131834627548e-10
-3.586094722688844368e-10
-3.726825674183726393e-10
-3.849100138360586836e-10
-3.953503267260736326e-10
-4.040620212925486008e-10
-4.111036127396145994e-10
-4.165336162714021742e-10
-4.204105470920429568e-10
-4.227929204056680617e-10
-4.237392514164078281e-10
-4.233080553283940425e-10
-4.215578473457571992e-10
-4.185471426726286194e-10
-4.143344565131391076e-10
-4.089783040714199334e-10
-4.025372005516023148e-10
-3.950696611578166941e-10
-3.866342010941943929e-10
-3.772893355648665256e-10
-3.670935797739641034e-10
-3.561054489256181374e-10
-3.443834582239597422e-10
-3.319861228731197739e-10
-3.189719580772293471e-10
-3.053994790404196796e-10
-2.913272009668215241e-10
-2.768136390605659436e-10
-2.619173085257840525e-10
-2.466967245666070172e-10
-2.312104023871657453e-10
-2.155168571915911188e-10
-1.996746041840144849e-10
-1.837421585685660534e-10
-1.677780355493782313e-10
-1.518407503305811510e-10
-1.359888181163061079e-10
-1.202807541106839839e-10
-1.047750735178459970e-10
-8.953029154192292571e-11
-7.460492338704601383e-11
-6.005748425734625959e-11
-4.594648935695469354e-11
-3.233045389000223635e-11
-1.926789306062008015e-11
-6.817322072939136718e-12
4.963713585350472740e-12
1.604970498453639141e-11
2.645375227542829391e-11
3.619125419595535833e-11
4.527760948404721188e-11
5.372821687763232505e-11
6.155847511464043167e-11
6.878378293300059351e-11
7.541953907064202098e-11
8.148114226549403434e-11
8.698399125548578582e-11
9.194348477854651815e-11
9.637502157260539648e-11
1.002940003755917152e-10
1.037158199254347688e-10
1.066558789600635673e-10
1.091295762174074439e-10
1.111523104353956283e-10
1.127394803519573246e-10
1.139064847050217107e-10
1.146687222325180554e-10
1.150415916723755624e-10
1.150404917625234487e-10
1.146808212408910087e-10
1.139779788454073300e-10
1.129473633140016682e-10
1.116043733846033566e-10
1.099644077951414827e-10
1.080428652835451988e-10
1.058551445877440319e-10
1.034166444456668370e-10
1.007427635952431670e-10
9.784890077440190284e-11
9.475045472107261019e-11
9.146282417318413117e-11
8.800140786866614792e-11
8.438160454544734739e-11
8.061881294145748928e-11
7.672843179462528640e-11
7.272585984288049845e-11
6.862649582415173483e-11
6.444573847636879401e-11
6.019898653746038880e-11
5.590163874535620781e-11
5.156909383798498323e-11
4.721675055327619688e-11
4.286000762915929181e-11
3.851426380356305190e-11
3.419491781441710115e-11
2.991736839965022989e-11
2.569701429719215261e-11
2.154925424497154979e-11
1.748948698091821667e-11
1.353311124296080466e-11
9.695525769029049226e-12
5.992129297051647018e-12
2.438320564958342386e-12
-9.505735201695876059e-13
-4.165484313837016093e-12
-7.208369206638184852e-12
-1.008230794615875429e-11
-1.279038027998443127e-11
-1.533566595570139357e-11
-1.772124472089511462e-11
-1.995019632315180613e-11
-2.202560051005699160e-11
-2.395053702919683104e-11
-2.572808562815683180e-11
-2.736132605452311511e-11
-2.885333805588132080e-11
-3.020720137981748934e-11
-3.142599577391729931e-11
-3.251280098576667163e-11
-3.347069676295140443e-11
-3.430276285305747034e-11
-3.501207900367055118e-11
-3.560172496237653554e-11
-3.607478047676131851e-11
-3.643432529441069822e-11
-3.668343916291052450e-11
-3.682520182984667950e-11
-3.686269304280494843e-11
-3.679899254937121990e-11
-3.663718009713131144e-11
-3.638033543367109873e-11
-3.603153830657636052e-11
-3.559386846343304357e-11
-3.507040565182686849e-11
-3.446422961934378849e-11
-3.377842011356959526e-11
-3.301605688209015155e-11
-3.218021967249126196e-11
-3.127398823235879572e-11
-3.030044230927863498e-11
-2.926266165083654554e-11
-2.816372600461841927e-11
-2.700671511821009952e-11
-2.579470873919747492e-11
-2.453078661516623373e-11
-2.321802849370245843e-11
-2.185951412239174684e-11
-2.045832324882013295e-11
-1.901753562057332444e-11
-1.754023098523728100e-11
-1.602948909039772967e-11
-1.448838968364063017e-11
-1.292001251255170145e-11
-1.132743732471693552e-11
-9.713743867722014204e-12
-8.082011889152877804e-12
-6.435321136595431085e-12
-4.776751357635375250e-12
-3.109382299858665953e-12
-1.436293710851049835e-12
2.394346618015059879e-13
1.914723070513276939e-12
3.586491767698307715e-12
5.251661005770894642e-12
6.907151037145050559e-12
8.549882114235071035e-12
1.017677448945493498e-11
1.178474841521899532e-11
1.337072414394126327e-11
1.493162192803597786e-11
1.646436201991727956e-11
1.796586467199922322e-11
1.943305013669613348e-11
2.086283866642202156e-11
2.225215051359115073e-11
2.359790593061756129e-11
2.489702516991556819e-11
2.614642848389915035e-11
2.734303612498262917e-11
2.848376834558001913e-11
2.956554539810559639e-11
3.058528753497339481e-11
3.153991500859771318e-11
3.242634807139256595e-11
3.324150697577223254e-11
3.398231197415077910e-11
3.464568331894240103e-11
3.522854126256126143e-11
3.572780605742145229e-11
3.614039795593723364e-11
3.646323721052265225e-11
3.669324407359196169e-11
3.682733879755926040e-11
3.686244163483871796e-11
3.679547283784450391e-11
3.662335265899075549e-11
3.634300135069164225e-11
3.595133916536129497e-11
3.544528635541392844e-11
3.482176317326361528e-11
3.407768987132460258e-11
3.320998670201094357e-11
3.221557391773685305e-11
3.109137177091653288e-11
2.983430051396402982e-11
2.844128039929363944e-11
2.690923167931936004e-11
2.523507460645550981e-11
2.341572943311607413e-11
2.144811641171539056e-11
1.932915579466741216e-11
1.705576783438653145e-11
1.462487278328664009e-11
1.203339089378217906e-11
9.278242418287007702e-12
6.356347609215586387e-12
3.264626718981752257e-12
0.000000000000000000e+00
