1.201011769919763263e-07
-1.748321692125751948e-04
-1.525151472122846387e-04
6.335235762733585263e-05
4.690515357557593153e-04
1.060863577622457891e-03
1.835069673676905646e-03
2.787951014368571755e-03
3.915788790146933901e-03
5.214864191461458277e-03
6.681458408761622135e-03
8.311852632496898388e-03
1.010232805311675648e-02
1.204916586107067020e-02
1.414864724680811071e-02
1.639705340077855789e-02
1.879066551343147248e-02
2.132576477521633262e-02
2.399863237658262163e-02
2.680554950797979855e-02
2.974279735985732587e-02
3.280665712266470080e-02
3.599340998685138238e-02
3.929933714286686086e-02
4.272071978116057100e-02
4.625383909218199613e-02
4.989497626638065425e-02
5.364041249420598706e-02
5.748642896610743624e-02
6.142930687253449901e-02
6.546532740393670724e-02
6.959077175076341937e-02
7.380192110346418810e-02
7.809505665248846207e-02
8.246645958828568990e-02
8.691241110130540348e-02
9.142919238199705145e-02
9.601308462081005468e-02
1.006603690081939728e-01
1.053673267345982129e-01
1.101302389904722373e-01
1.149453869662655919e-01
1.198090518524276699e-01
1.247175148394080585e-01
1.296670571176560538e-01
1.346539598776212987e-01
1.396745043097531724e-01
1.447249716045011791e-01
1.498016429523147675e-01
1.549007995436433860e-01
1.600187225689365944e-01
1.651516932186438413e-01
1.702959926832145199e-01
1.754479021530981619e-01
1.806037028187442717e-01
1.857596758706022422e-01
1.909121024991216331e-01
1.960572638947518653e-01
2.011914412479423597e-01
2.063109157491427037e-01
2.114119685888022904e-01
2.164908809573706239e-01
2.215439340452972361e-01
2.265674090430314647e-01
2.315575871410228415e-01
2.365107495297208706e-01
2.414231773995750008e-01
2.462911519410346251e-01
2.511109543445493864e-01
2.558788658005686778e-01
2.605911674995419203e-01
2.652441406319187012e-01
2.698340663881483303e-01
2.743572259586803952e-01
2.788099005339643166e-01
2.831883713044496820e-01
2.874889194605858012e-01
2.917078261928222060e-01
2.958413726916084840e-01
2.998858401473938340e-01
3.038375097506280098e-01
3.076926626917603769e-01
3.114475801612404116e-01
3.150985433495175903e-01
3.186418334470413338e-01
3.220737316442613407e-01
3.253905191316266432e-01
3.285884770995870507e-01
3.316638867385919842e-01
3.346130303219940760e-01
3.374332686946572846e-01
3.401250652188958501e-01
3.426894377034234718e-01
3.451274039569541818e-01
3.474399817882012909e-01
3.496281890058786646e-01
3.516930434187001686e-01
3.536355628353792802e-01
3.554567650646298649e-01
3.571576679151656220e-01
3.587392891957003060e-01
3.602026467149475608e-01
3.615487582816210854e-01
3.627786417044346345e-01
3.638933147921019073e-01
3.648937953533367695e-01
3.657811011968526982e-01
3.665562501313635035e-01
3.672202599655830513e-01
3.677741485082248185e-01
3.682189335680027820e-01
3.685556329536304743e-01
3.687852644738217056e-01
3.689088459372900641e-01
3.689273951527493045e-01
3.688419299289133479e-01
3.686534680744956161e-01
3.683630273982100301e-01
3.679716257087702336e-01
3.674802808148900368e-01
3.668900105252830279e-01
3.662018326486629616e-01
3.654167649937435924e-01
3.645358253692386752e-01
3.635600315838617425e-01
3.624904014463267155e-01
3.613279527653472378e-01
3.600737033496370088e-01
3.587286710079098384e-01
3.572938735488793149e-01
3.557703287812593040e-01
3.541590545137632273e-01
3.524610685551052280e-01
3.506773887139987278e-01
3.488091083741123866e-01
3.468581994779652011e-01
3.448272007802379302e-01
3.427186604824803418e-01
3.405351267862426479e-01
3.382791478930746720e-01
3.359532720045262377e-01
3.335600473221476681e-01
3.311020220474886755e-01
3.285817443820992501e-01
3.260017625275293818e-01
3.233646246853291717e-01
3.206728790570483878e-01
3.179290738442371311e-01
3.151357572484452807e-01
3.122954774712229375e-01
3.094107827141199807e-01
3.064842211786862891e-01
3.035183410664720194e-01
3.005156905790269395e-01
2.974788179179012615e-01
2.944102712846448089e-01
2.913125988808075162e-01
2.881883489079394844e-01
2.850400695675905371e-01
2.818703090613107753e-01
2.786816155906500780e-01
2.754765373571583797e-01
2.722576225623858925e-01
2.690274194078822179e-01
2.657884760951976233e-01
2.625433408258819878e-01
2.592945618014851905e-01
2.560446872235572768e-01
2.527962652936482923e-01
2.495518442133080605e-01
2.463139721840865715e-01
2.430851974075339816e-01
2.398680680852000036e-01
2.366651324186347660e-01
2.334789386093881758e-01
2.303120348590103617e-01
2.271669693690510083e-01
2.240462903410603002e-01
2.209525416255104235e-01
2.178875605666248660e-01
2.148517029666559552e-01
2.118451380753973157e-01
2.088680351426427384e-01
2.059205634181860145e-01
2.030028921518209906e-01
2.001151905933414576e-01
1.972576279925412346e-01
1.944303735992140014e-01
1.916335966631537158e-01
1.888674664341540299e-01
1.861321521620088459e-01
1.834278230965118994e-01
1.807546484874570092e-01
1.781127975846379663e-01
1.755024396378486173e-01
1.729237438968825868e-01
1.703768796115338602e-01
1.678620160315961451e-01
1.653793224068632328e-01
1.629289679871289975e-01
1.605111220221871471e-01
1.581259537618314726e-01
1.557736324558558483e-01
1.534543273540539821e-01
1.511682077062198037e-01
1.489154427621469379e-01
1.466962017716292865e-01
1.445106539844606686e-01
1.423589686504348195e-01
1.402413150193455305e-01
1.381578623409866202e-01
1.361087798651518799e-01
1.340942368416350727e-01
1.321144025202300731e-01
1.301694461507306444e-01
1.282595369829305221e-01
1.263848442666235250e-01
1.245455372516035553e-01
1.227417851876642790e-01
1.209737573245995568e-01
1.192416229122031657e-01
1.175455512002689246e-01
1.158857114385905968e-01
1.142622088365256028e-01
1.126746400140764270e-01
1.111223590590972865e-01
1.096047185657878231e-01
1.081210711283477344e-01
1.066707693409768010e-01
1.052531657978745261e-01
1.038676130932407599e-01
1.025134638212751442e-01
1.011900705761773350e-01
9.989678595214702972e-02
9.863296254338395352e-02
9.739795294408780391e-02
9.619110974845823669e-02
9.501178555069490772e-02
9.385933294499756996e-02
9.273310452556589312e-02
9.163245288659954690e-02
9.055673062229822878e-02
8.950529032686165010e-02
8.847748459448943892e-02
8.747266601938134822e-02
8.649018719573703384e-02
8.552940071775617936e-02
8.458965917963851000e-02
8.367031517558366771e-02
8.277072129979139159e-02
8.189023014646130971e-02
8.102819430979318893e-02
8.018396638398661569e-02
7.935689896324139847e-02
7.854634464175710984e-02
7.775165601373353053e-02
7.697218567337030248e-02
7.620728621486709542e-02
7.545631023242363455e-02
7.471861032023960347e-02
7.399353907251471352e-02
7.328044908344859276e-02
7.257869294724099418e-02
7.188762325809155973e-02
7.120659261019997299e-02
7.053495359776597307e-02
6.987205881498920190e-02
6.921726440765445243e-02
6.857013961665277268e-02
6.793058398028976874e-02
6.729852544955193527e-02
6.667389197542568369e-02
6.605661150889759192e-02
6.544661200095400200e-02
6.484382140258143634e-02
6.424816766476641738e-02
6.365957873849532878e-02
6.307798257475469295e-02
6.250330712453094906e-02
6.193548033881060566e-02
6.137443016858005335e-02
6.082008456482585618e-02
6.027237147853441168e-02
5.973121886069225617e-02
5.919655466228576635e-02
5.866830683430152016e-02
5.814640332772587350e-02
5.763077209354541819e-02
5.712134108274646155e-02
5.661803824631560927e-02
5.612079153523930053e-02
5.562952890050398835e-02
5.514417829309616742e-02
5.466466766400223526e-02
5.419092496420875593e-02
5.372287814470209921e-02
5.326045515646880835e-02
5.280358395049535025e-02
5.235219247776817103e-02
5.190620868927370291e-02
5.146556053599850300e-02
5.103017596892896884e-02
5.059998293905158817e-02
5.017490939735282790e-02
4.975488329481914107e-02
4.933983258243705705e-02
4.892968521119298031e-02
4.852436913207343328e-02
4.812381229606482735e-02
4.772794265415367804e-02
4.733668815732641755e-02
4.694997675656956138e-02
4.656773926098130290e-02
4.618992247280502561e-02
4.581647875420455374e-02
4.544736047292609327e-02
4.508251999671575305e-02
4.472190969331971827e-02
4.436548193048409083e-02
4.401318907595506980e-02
4.366498349747875707e-02
4.332081756280132395e-02
4.298064363966892787e-02
4.264441409582768461e-02
4.231208129902377241e-02
4.198359761700330706e-02
4.165891541751248067e-02
4.133798706829738129e-02
4.102076493710423571e-02
4.070720139167910423e-02
4.039724879976819977e-02
4.009085952911762424e-02
3.978798594747358364e-02
3.948858042258215212e-02
3.919259532218954262e-02
3.889998301404186398e-02
3.861069586588526670e-02
3.832468624546590125e-02
3.804190652052992505e-02
3.776230905882350247e-02
3.748584622809272848e-02
3.721247039608380908e-02
3.694213393054283923e-02
3.667478919921600411e-02
3.641038856984943339e-02
3.614888441018929144e-02
3.589022908798169403e-02
3.563437497097283330e-02
3.538127442690880420e-02
3.513087982353581273e-02
3.488314352859994694e-02
3.463801790984741280e-02
3.439545533502431224e-02
3.415540817187680267e-02
3.391782878815105540e-02
3.368266955159318621e-02
3.344988282994937334e-02
3.321942099096572565e-02
3.299123640238843524e-02
3.276528143196361792e-02
3.254150844743743803e-02
3.231986981655602525e-02
3.210031790706555088e-02
3.188280508671214458e-02
3.166728372324195684e-02
3.145370618440113814e-02
3.124202483793583549e-02
3.103219205159219937e-02
3.082416019311636987e-02
3.061788163025450787e-02
3.041330873075274652e-02
3.021039386235725016e-02
3.000908939281413459e-02
2.980934768986958153e-02
2.961112112126972756e-02
2.941436205476072319e-02
2.921902285808869112e-02
2.902505589899982003e-02
2.883241354524021527e-02
2.864104816455606550e-02
2.845091212469348305e-02
2.826195779339863920e-02
2.807413753841766363e-02
2.788740372749673457e-02
2.770170872838194354e-02
2.751700490881948957e-02
2.733324463655551623e-02
2.715038027933614276e-02
2.696836420490754394e-02
2.678714878101584942e-02
2.660668637540721318e-02
2.642692935582777874e-02
2.624783009002370007e-02
2.606934094574112418e-02
2.589141429072620154e-02
2.571400249272506530e-02
2.553705791948387982e-02
2.536053293874877823e-02
2.518437991826592143e-02
2.500855122578144948e-02
2.483299922904151635e-02
