-1.783513538360301798e-01
-2.167545995244995471e-01
-2.573446943525143915e-01
-3.000436556262114918e-01
-3.447735006517280709e-01
-3.914562467352007968e-01
-4.400139111827668925e-01
-4.903685113005629148e-01
-5.424420643947263088e-01
-5.961565877713934647e-01
-6.514340987367017721e-01
-7.081966145967881765e-01
-7.663661526577894012e-01
-8.258647302258426137e-01
-8.866143646070844264e-01
-9.485370731076524509e-01
-1.011554873033682522e+00
-1.075589781691313140e+00
-1.140563816386679585e+00
-1.206398994425919913e+00
-1.273017333115171068e+00
-1.340340849760569331e+00
-1.408291561668252090e+00
-1.476791486144356291e+00
-1.545762640495018658e+00
-1.615127042026376358e+00
-1.684806708044566781e+00
-1.754723655855725983e+00
-1.824799902765991799e+00
-1.894957466081500064e+00
-1.965118363108388388e+00
-2.035204611152793941e+00
-2.105138227520853444e+00
-2.174841229518703845e+00
-2.244235634452482309e+00
-2.313243459628325116e+00
-2.381786722352369434e+00
-2.449787439930753319e+00
-2.517167629669613049e+00
-2.583849308875084017e+00
-2.649754494853305165e+00
-2.714805204910413661e+00
-2.778923456352544008e+00
-2.842031266485835594e+00
-2.904050652616425143e+00
-2.964903632050448046e+00
-3.024512222094042357e+00
-3.082798440053345690e+00
-3.139684303234493434e+00
-3.195091828943624535e+00
-3.248943034486872161e+00
-3.301159937170378367e+00
-3.351664554300275878e+00
-3.400378903182704082e+00
-3.447225001123798815e+00
-3.492124865429698133e+00
-3.535000513406537426e+00
-3.575773962360453417e+00
-3.614377308213013062e+00
-3.650804845007826760e+00
-3.685074570198866528e+00
-3.717204527900356492e+00
-3.747212762226524774e+00
-3.775117317291594610e+00
-3.800936237209794122e+00
-3.824687566095348767e+00
-3.846389348062483560e+00
-3.866059627225426176e+00
-3.883716447698402074e+00
-3.899377853595635379e+00
-3.913061889031352436e+00
-3.924786598119781367e+00
-3.934570024975146296e+00
-3.942430213711674014e+00
-3.948385208443588645e+00
-3.952453053285117868e+00
-3.954651792350488471e+00
-3.954999469753924579e+00
-3.953514129609651651e+00
-3.950213816031898251e+00
-3.945116573134888505e+00
-3.938240445032847425e+00
-3.929603475840002691e+00
-3.919223709670578426e+00
-3.907119190638803641e+00
-3.893307962858901128e+00
-3.877808212736475024e+00
-3.860650523813291990e+00
-3.841887321357386753e+00
-3.821573253939555492e+00
-3.799762970130586393e+00
-3.776511118501273412e+00
-3.751872347622408288e+00
-3.725901306064784979e+00
-3.698652642399193446e+00
-3.670181005196427204e+00
-3.640541043027279322e+00
-3.609787404462538873e+00
-3.577974738073000704e+00
-3.545157692429454777e+00
-3.511390916102699045e+00
-3.476729057663518141e+00
-3.441226765682707800e+00
-3.404938688731061092e+00
-3.367919475379370198e+00
-3.330223774198425080e+00
-3.291906233759019695e+00
-3.253021502631945339e+00
-3.213624229387995523e+00
-3.173769062597961099e+00
-3.133510650832636912e+00
-3.092903642662810704e+00
-3.052002686659277764e+00
-3.010862431392831162e+00
-2.969537525434259972e+00
-2.928080903256745415e+00
-2.886528660038504945e+00
-2.844907333149467643e+00
-2.803243350257309086e+00
-2.761563139029706626e+00
-2.719893127134340727e+00
-2.678259742238887409e+00
-2.636689412011027578e+00
-2.595208564118436811e+00
-2.553843626228792463e+00
-2.512621026009776326e+00
-2.471567191129063978e+00
-2.430708549254333661e+00
-2.390071528053264061e+00
-2.349682555193532529e+00
-2.309568058342818198e+00
-2.269754465168799751e+00
-2.230268203339153654e+00
-2.191135700521558594e+00
-2.152383384383692810e+00
-2.114037682593235434e+00
-2.076125022817862931e+00
-2.038671832725253985e+00
-2.001704539983087283e+00
-1.965249572259039956e+00
-1.929333357220791578e+00
-1.893982322536019502e+00
-1.859222895872400860e+00
-1.825081489080394581e+00
-1.791576478862271449e+00
-1.758705157564919297e+00
-1.726461401015528585e+00
-1.694839085041287330e+00
-1.663832085469385547e+00
-1.633434278127010364e+00
-1.603639538841351353e+00
-1.574441743439596308e+00
-1.545834767748935468e+00
-1.517812487596557292e+00
-1.490368778809648687e+00
-1.463497517215400334e+00
-1.437192578641000251e+00
-1.411447838913638009e+00
-1.386257173860500957e+00
-1.361614459308778224e+00
-1.337513571085658937e+00
-1.313948385018331555e+00
-1.290912776933985429e+00
-1.268400622659808352e+00
-1.246405798022989231e+00
-1.224922178850717192e+00
-1.203943640970180917e+00
-1.183464060208568647e+00
-1.163477312393069951e+00
-1.143977273350872625e+00
-1.124957818909166241e+00
-1.106412824895138813e+00
-1.088336033945465964e+00
-1.070718951512420025e+00
-1.053551226705493837e+00
-1.036822452444432940e+00
-1.020522221648981542e+00
-1.004640127238885405e+00
-9.891657621338889594e-01
-9.740887192537385220e-01
-9.593985915181779678e-01
-9.450849718469527261e-01
-9.311374531598084481e-01
-9.175456283764896748e-01
-9.042990904167421684e-01
-8.913874322003100259e-01
-8.788002466469388985e-01
-8.665271266763741043e-01
-8.545576652083605174e-01
-8.428814551626431228e-01
-8.314880894589670168e-01
-8.203671610170776285e-01
-8.095082627567199429e-01
-7.989009875976387232e-01
-7.885349284595793984e-01
-7.783996782622870647e-01
-7.684848299255067072e-01
-7.587799763689835331e-01
-7.492747105124624163e-01
-7.399586252756891191e-01
-7.308213135784080716e-01
-7.218535200490442394e-01
-7.130505961507414003e-01
-7.044090450553235350e-01
-6.959253699346138466e-01
-6.875960739604362049e-01
-6.794176603046141460e-01
-6.713866321389712066e-01
-6.634994926353314781e-01
-6.557527449655176088e-01
-6.481428923013536902e-01
-6.406664378146635919e-01
-6.333198846772705171e-01
-6.260997360609982243e-01
-6.190024951376703610e-01
-6.120246650791102416e-01
-6.051627490571419576e-01
-5.984132502435891565e-01
-5.917726718102745975e-01
-5.852375169290224832e-01
-5.788042887716566831e-01
-5.724694905100000675e-01
-5.662296253158768389e-01
-5.600811963611104227e-01
-5.540207068175242444e-01
-5.480446598569422845e-01
-5.421495586511877462e-01
-5.363319063720844992e-01
-5.305882061914559689e-01
-5.249149978254451510e-01
-5.193100283062251910e-01
-5.137724996712752512e-01
-5.083017005816459211e-01
-5.028969196983876788e-01
-4.975574456825516134e-01
-4.922825671951877591e-01
-4.870715728973469272e-01
-4.819237514500799846e-01
-4.768383915144371876e-01
-4.718147817514694031e-01
-4.668522108222272204e-01
-4.619499673877614510e-01
-4.571073401091224064e-01
-4.523236176473612313e-01
-4.475980886635280154e-01
-4.429300418186734034e-01
-4.383187657738483733e-01
-4.337635491901033480e-01
-4.292636807284889167e-01
-4.248184490500559463e-01
-4.204271428158548596e-01
-4.160890506869363015e-01
-4.118034613243513054e-01
-4.075696633891497944e-01
-4.033869455423828021e-01
-3.992545964451010287e-01
-3.951719047583548972e-01
-3.911381591431951632e-01
-3.871526575137608783e-01
-3.832147548877412047e-01
-3.793238280447185362e-01
-3.754792538071136665e-01
-3.716804089973470560e-01
-3.679266704378394981e-01
-3.642174149510118975e-01
-3.605520193592846034e-01
-3.569298604850785761e-01
-3.533503151508144424e-01
-3.498127601789128849e-01
-3.463165723917946415e-01
-3.428611286118805612e-01
-3.394458056615910491e-01
-3.360699803633468430e-01
-3.327330295395689030e-01
-3.294343300126776342e-01
-3.261732586050940519e-01
-3.229491921392386167e-01
-3.197615074375321220e-01
-3.166095813223953059e-01
-3.134927906162488509e-01
-3.104105121415133839e-01
-3.073621227206095874e-01
-3.043469991759581994e-01
-3.013645183299799579e-01
-2.984140570050957120e-01
-2.954949920237258665e-01
-2.926067012573053128e-01
-2.897486539726144561e-01
-2.869204804600834491e-01
-2.841218274009873479e-01
-2.813523414766003761e-01
-2.786116693681971457e-01
-2.758994577570522133e-01
-2.732153533244400245e-01
-2.705590027516352469e-01
-2.679300527199122151e-01
-2.653281499105459296e-01
-2.627529410048103364e-01
-2.602040726839802143e-01
-2.576811916293301197e-01
-2.551839445221345537e-01
-2.527119780436680174e-01
-2.502649388752050674e-01
-2.478424736980203158e-01
-2.454442291933882636e-01
-2.430698520425833287e-01
-2.407189889268801508e-01
-2.383912865275532034e-01
-2.360863915258770429e-01
-2.338039506031261983e-01
-2.315436104405751705e-01
-2.293050177194985717e-01
-2.270878191211709030e-01
-2.248916613268666098e-01
-2.227161910178604709e-01
-2.205610655990641045e-01
-2.184260478244025583e-01
-2.163109602428028300e-01
-2.142156260895044517e-01
-2.121398685997471500e-01
-2.100835110087705404e-01
-2.080463765518142105e-01
-2.060282884641178869e-01
-2.040290699809212405e-01
-2.020485443374638035e-01
-2.000865347689851914e-01
-1.981428645107251030e-01
-1.962173567979232092e-01
-1.943098348658191532e-01
-1.924201219496524673e-01
-1.905480412846629612e-01
-1.886934161060901671e-01
-1.868560696491737838e-01
-1.850358251491533712e-01
-1.832325058412686003e-01
-1.814459349607590866e-01
-1.796759357428645565e-01
-1.779223314228245978e-01
-1.761849452358788537e-01
-1.744636004172669674e-01
-1.727581202022286655e-01
-1.710683278260033968e-01
-1.693940465238309712e-01
-1.677350995356974295e-01
-1.660913125128512524e-01
-1.644625174337305540e-01
-1.628485473020342689e-01
-1.612492351214616093e-01
-1.596644138957116765e-01
-1.580939166284835995e-01
-1.565375763234764517e-01
-1.549952259843893343e-01
-1.534666986149213486e-01
-1.519518272187716790e-01
-1.504504447996393435e-01
-1.489623843612235821e-01
-1.474874789072233572e-01
-1.460255614413379088e-01
-1.445764649672662827e-01
-1.431400224887076078e-01
-1.417160670093609298e-01
-1.403044315329254610e-01
-1.389049490631002470e-01
-1.375174526035844447e-01
-1.361417751580770996e-01
-1.347777497302773964e-01
-1.334252093238843806e-01
-1.320839869425972923e-01
-1.307539155901151218e-01
-1.294348282701369146e-01
-1.281265579863619108e-01
-1.268289377424892117e-01
-1.255418005422178629e-01
-1.242649793892470905e-01
-1.229983072872758570e-01
-1.217416172400033469e-01
-1.204947422511287447e-01
-1.192575153243510405e-01
-1.180297694633693911e-01
-1.168113376718829255e-01
-1.156020529535907171e-01
-1.144017483121918671e-01
-1.132102567513855740e-01
-1.120274112748708972e-01
-1.108530448863469797e-01
-1.096869905895128672e-01
-1.085290813880676747e-01
-1.073791502857105590e-01
-1.062370302861405796e-01
-1.051025543930569212e-01
-1.039755556101586570e-01
-1.028558669411449300e-01
-1.017433213897147165e-01
-1.006377519595673536e-01
-9.953899165440172059e-02
-9.844687347791712673e-02
-9.736123043381247899e-02
-9.628189552578712840e-02
-9.520870175754005127e-02
-9.414148213277027943e-02
-9.308006965517712228e-02
