-1.783513538360301798e-01
-2.254797345176426659e-01
-2.728178647168295612e-01
-3.203437398570341821e-01
-3.680353553616998452e-01
-4.158707066542698949e-01
-4.638277891581876755e-01
-5.118845982968966979e-01
-5.600191294938400288e-01
-6.082093781724606796e-01
-6.564333397562026606e-01
-7.046690096685088722e-01
-7.528943833328231028e-01
-8.010874561725882526e-01
-8.492262236112474438e-01
-8.972886810722449091e-01
-9.452528239790228826e-01
-9.930966477550254856e-01
-1.040798147823695174e+00
-1.088335319608476626e+00
-1.135686158532811962e+00
-1.182828660020145417e+00
-1.229740819493919668e+00
-1.276400632377578059e+00
-1.322786094094564380e+00
-1.368875200068321529e+00
-1.414645945722293074e+00
-1.460076326479922137e+00
-1.505144337764652285e+00
-1.549827974999926639e+00
-1.594105233609189209e+00
-1.637954109015881787e+00
-1.681352596643449049e+00
-1.724278691915333894e+00
-1.766710390254979668e+00
-1.808625687085829714e+00
-1.850002577831327599e+00
-1.890819057914916668e+00
-1.931053122760039598e+00
-1.970682767790140177e+00
-2.009685988428662196e+00
-2.048040780099048330e+00
-2.085725138224741038e+00
-2.122717058229186105e+00
-2.158994535535823989e+00
-2.194535565568100033e+00
-2.229318143749458248e+00
-2.263320265503339090e+00
-2.296519926253187460e+00
-2.328895121422447811e+00
-2.360423846434561934e+00
-2.391084096712973395e+00
-2.420853867681125760e+00
-2.449711154762463039e+00
-2.477633953380427023e+00
-2.504600258958462167e+00
-2.530588066920011592e+00
-2.555575372688518865e+00
-2.579540171687427108e+00
-2.602460459340179000e+00
-2.624314231070218550e+00
-2.645079482300988438e+00
-2.664734208455933118e+00
-2.683256404958495267e+00
-2.700624067232118453e+00
-2.716815190700245797e+00
-2.731807770786320422e+00
-2.745579802913786338e+00
-2.758109282506086224e+00
-2.769374204986663202e+00
-2.779352565778961281e+00
-2.788022360306423142e+00
-2.795361583992492793e+00
-2.801348400987154985e+00
-2.805977448150182241e+00
-2.809273426911447213e+00
-2.811264238255984704e+00
-2.811977783168831735e+00
-2.811441962635024883e+00
-2.809684677639598949e+00
-2.806733829167590955e+00
-2.802617318204036145e+00
-2.797363045733971099e+00
-2.790998912742431504e+00
-2.783552820214453938e+00
-2.775052669135074535e+00
-2.765526360489328539e+00
-2.755001795262252529e+00
-2.743506874438882193e+00
-2.731069499004254553e+00
-2.717717569943404854e+00
-2.703478988241368786e+00
-2.688381654883183369e+00
-2.672453470853883850e+00
-2.655722337138506806e+00
-2.638216154722088369e+00
-2.619962824589663342e+00
-2.600990247726269189e+00
-2.581326325116941156e+00
-2.560998957746716265e+00
-2.540036046600631092e+00
-2.518465492663717775e+00
-2.496315196921016888e+00
-2.473613060357562343e+00
-2.450386983958390719e+00
-2.426664868708538148e+00
-2.402474615593039875e+00
-2.377844125596931590e+00
-2.352801299705252536e+00
-2.327374038903035292e+00
-2.301589357392467949e+00
-2.275469604011170599e+00
-2.249035598783128087e+00
-2.222308160845547942e+00
-2.195308109335632807e+00
-2.168056263390586658e+00
-2.140573442147616579e+00
-2.112880464743924769e+00
-2.084998150316715204e+00
-2.056947318003194081e+00
-2.028748786940565818e+00
-2.000423376266033060e+00
-1.971991905116803778e+00
-1.943475192630079063e+00
-1.914894057943064665e+00
-1.886269320192965226e+00
-1.857621798516985612e+00
-1.828972312052329574e+00
-1.800341679936201089e+00
-1.771750721305806131e+00
-1.743220255298348231e+00
-1.714771101051033364e+00
-1.686424077701063284e+00
-1.658200004385644633e+00
-1.630119700241980718e+00
-1.602203984407277515e+00
-1.574473676018738555e+00
-1.546949594213567813e+00
-1.519652558128970821e+00
-1.492603386902150886e+00
-1.465822899670314872e+00
-1.439331915570664089e+00
-1.413151253740405178e+00
-1.387301733316741670e+00
-1.361804173436879317e+00
-1.336679393238020985e+00
-1.311947575349422079e+00
-1.287616970823063367e+00
-1.263685234032273508e+00
-1.240149651000869824e+00
-1.217007507752672746e+00
-1.194256090311500484e+00
-1.171892684701172582e+00
-1.149914576945508138e+00
-1.128319053068325584e+00
-1.107103399093444018e+00
-1.086264901044683429e+00
-1.065800844945862469e+00
-1.045708516820799128e+00
-1.025985202693313836e+00
-1.006628188587224582e+00
-9.876347605263511298e-01
-9.690022045345125790e-01
-9.507278066355273616e-01
-9.328088528532145762e-01
-9.152426292113936546e-01
-8.980264217338839172e-01
-8.811575164445033526e-01
-8.646331993670718363e-01
-8.484507565254082451e-01
-8.326074739433317884e-01
-8.171006376446608988e-01
-8.019275336532150078e-01
-7.870854479928134362e-01
-7.725716666872745053e-01
-7.583834757604183130e-01
-7.445181612360627366e-01
-7.309730091380274297e-01
-7.177453054901313800e-01
-7.048323363161939081e-01
-6.922313876400334465e-01
-6.799397454854693157e-01
-6.679546924554495835e-01
-6.562725853796823605e-01
-6.448876071242963803e-01
-6.337936288285410669e-01
-6.229845216316667322e-01
-6.124541566729234665e-01
-6.021964050915611377e-01
-5.922051380268298360e-01
-5.824742266179794292e-01
-5.729975420042596745e-01
-5.637689553249213281e-01
-5.547823377192135919e-01
-5.460315603263868889e-01
-5.375104942856911983e-01
-5.292130107363761660e-01
-5.211329808176924372e-01
-5.132642756688892138e-01
-5.056007664292174741e-01
-4.981363242379264200e-01
-4.908648202342661415e-01
-4.837801255574866732e-01
-4.768761113468384938e-01
-4.701466487415708606e-01
-4.635856088809342523e-01
-4.571868629041785925e-01
-4.509442819505538047e-01
-4.448517371593099790e-01
-4.389030996696970388e-01
-4.330922406209648523e-01
-4.274130311523636205e-01
-4.218593424031432115e-01
-4.164250455125536599e-01
-4.111040116198451666e-01
-4.058901118642673223e-01
-4.007772173850706054e-01
-3.957591993215047732e-01
-3.908299288128195825e-01
-3.859837160177624349e-01
-3.812179327893502334e-01
-3.765312547902176510e-01
-3.719223625007715972e-01
-3.673899364014187041e-01
-3.629326569725659923e-01
-3.585492046946200939e-01
-3.542382600479879740e-01
-3.499985035130763755e-01
-3.458286155702920417e-01
-3.417272767000418265e-01
-3.376931673827326952e-01
-3.337249680987713907e-01
-3.298213593285646561e-01
-3.259810215525193455e-01
-3.222026352510424241e-01
-3.184848809045403573e-01
-3.148264389934202212e-01
-3.112259899980888145e-01
-3.076822143989529357e-01
-3.041937926764193278e-01
-3.007594053108950116e-01
-2.973777327827865080e-01
-2.940474555725009487e-01
-2.907672541604451322e-01
-2.875358090270255240e-01
-2.843518006526490893e-01
-2.812139095177228487e-01
-2.781208161026534897e-01
-2.750712008878478110e-01
-2.720637443537125555e-01
-2.690971269806547439e-01
-2.661700292490810082e-01
-2.632811316393983692e-01
-2.604291146320134587e-01
-2.576126587073330754e-01
-2.548304598289498069e-01
-2.520816593807386208e-01
-2.493659002779219924e-01
-2.466828521906670735e-01
-2.440321847891409046e-01
-2.414135677435106098e-01
-2.388266707239435904e-01
-2.362711634006063322e-01
-2.337467154436664307e-01
-2.312529965232909546e-01
-2.287896763096468333e-01
-2.263564244729012465e-01
-2.239529106832214289e-01
-2.215788046107743103e-01
-2.192337759257270424e-01
-2.169174942982468879e-01
-2.146296293985007764e-01
-2.123698508966558041e-01
-2.101378284628791782e-01
-2.079332317673380226e-01
-2.057557304801993503e-01
-2.036049942716303129e-01
-2.014806928117981177e-01
-1.993824957708697221e-01
-1.973100728190123609e-01
-1.952630936263930750e-01
-1.932412278631789326e-01
-1.912441451995371133e-01
-1.892715153056346300e-01
-1.873230078516387453e-01
-1.853982925077164445e-01
-1.834970389440349070e-01
-1.816189168307612845e-01
-1.797635958380625620e-01
-1.779307456361058359e-01
-1.761200358950583411e-01
-1.743311362923792296e-01
-1.725637290772045196e-01
-1.708175348627016810e-01
-1.690922815541942570e-01
-1.673876970570055411e-01
-1.657035092764591044e-01
-1.640394461178782681e-01
-1.623952354865863812e-01
-1.607706052879069591e-01
-1.591652834271635453e-01
-1.575789978096793220e-01
-1.560114763407777771e-01
-1.544624469257823707e-01
-1.529316374700165904e-01
-1.514187758788038130e-01
-1.499235900574673597e-01
-1.484458079113307460e-01
-1.469851573457173766e-01
-1.455413662659506835e-01
-1.441141625773539880e-01
-1.427032741852508335e-01
-1.413084289949646799e-01
-1.399293549118187929e-01
-1.385657798411367436e-01
-1.372174316882417977e-01
-1.358840383584574985e-01
-1.345653277571071949e-01
-1.332610277895143747e-01
-1.319708663610023591e-01
-1.306945713768946638e-01
-1.294318707425146930e-01
-1.281824923631858237e-01
-1.269461641442315436e-01
-1.257226139909751739e-01
-1.245115698087402162e-01
-1.233127595028500889e-01
-1.221259109786281827e-01
-1.209507635331996539e-01
-1.197871635065769769e-01
-1.186350158887518741e-01
-1.174942262704557205e-01
-1.163647002424198357e-01
-1.152463433953754557e-01
-1.141390613200540388e-01
-1.130427596071868213e-01
-1.119573438475051363e-01
-1.108827196317403452e-01
-1.098187925506237117e-01
-1.087654681948866248e-01
-1.077226521552604316e-01
-1.066902500224763406e-01
-1.056681673872657823e-01
-1.046563098403600206e-01
-1.036545829724904028e-01
-1.026628923743882343e-01
-1.016811436367849042e-01
-1.007092423504116624e-01
-9.974709410599988391e-02
-9.879460449428091595e-02
-9.785167910598599472e-02
-9.691822353184646743e-02
-9.599414336259372293e-02
-9.507934418895902517e-02
-9.417373160167369361e-02
-9.327721119146908935e-02
-9.238968854907655959e-02
-9.151106926522738216e-02
-9.064125893065293205e-02
-8.978016313608444543e-02
-8.892768747225331116e-02
-8.808373752989082095e-02
-8.724821889972834976e-02
-8.642103717249717543e-02
-8.560209793892865904e-02
-8.479130678975406454e-02
-8.398856931570478079e-02
-8.319379110751215500e-02
-8.240687775590743724e-02
-8.162773485162196085e-02
-8.085626798538708693e-02
-8.009238274793412105e-02
-7.933598472999439655e-02
-7.858697952229923289e-02
-7.784527271557993566e-02
-7.711076990056785208e-02
-7.638337666799432935e-02
-7.566299860859065918e-02
-7.494954131308817491e-02
-7.424291037221818212e-02
-7.354301137671201416e-02
-7.284974991730104599e-02
-7.216303158471652768e-02
-7.148276196968983420e-02
-7.080884666295228502e-02
-7.014119125523517184e-02
-6.947970133726984188e-02
-6.882428249978761459e-02
-6.817484033351982331e-02
-6.753128042919778751e-02
-6.689350837755284052e-02
-6.626142976931631567e-02
-6.563495019521946305e-02
-6.501397524599375477e-02
-6.439841051237032987e-02
-6.378816158508068823e-02
-6.318313405485601053e-02
-6.258323351242772725e-02
-6.198836554852714398e-02
-6.139843575388548996e-02
-6.081334971923423038e-02
