-1.783513538360301798e-01
-1.535306663841374819e-01
-1.305729700711677488e-01
-1.094420969295751001e-01
-9.010187899181393290e-02
-7.251614829033831144e-02
-5.664873685760266758e-02
-4.246347672606107237e-02
-2.992419992816788832e-02
-1.899473849637723158e-02
-9.638924463143393531e-03
-1.820589860920685931e-03
4.496433277836757274e-03
9.348312920674678103e-03
1.277121703513880643e-02
1.480131358877493156e-02
1.547477054912883322e-02
1.482775588374617322e-02
1.289643756017287354e-02
9.716983545954597720e-03
5.325561808637102081e-03
-2.416596842338385588e-04
-6.948512965112376739e-03
-1.475883006645295481e-02
-2.363644302070960421e-02
-3.354518386033659982e-02
-4.444888461778825212e-02
-5.631137732551881603e-02
-6.909649401598236262e-02
-8.276806672163330991e-02
-9.728992747492580528e-02
-1.126259083083141349e-01
-1.287398412542524462e-01
-1.455955583451950530e-01
-1.631568916135962555e-01
-1.813876730919100622e-01
-2.002517348125909258e-01
-2.197129088080930492e-01
-2.397350271108706632e-01
-2.602819217533779983e-01
-2.813174247680692019e-01
-3.028053681873986713e-01
-3.247095840438204983e-01
-3.469939043697889969e-01
-3.696221611977583144e-01
-3.925581865601828202e-01
-4.157658124895166618e-01
-4.392088710182140976e-01
-4.628511941787293305e-01
-4.866566140035168408e-01
-5.105889625250304986e-01
-5.346120717757246732e-01
-5.586897737880536230e-01
-5.827859005944717730e-01
-6.068642842274332150e-01
-6.308887567193918189e-01
-6.548231501028023427e-01
-6.786312964101187672e-01
-7.022770276737957396e-01
-7.257241759262865743e-01
-7.489365732000466958e-01
-7.718780515275293075e-01
-7.945124429411891676e-01
-8.168035794734804789e-01
-8.387152931568575553e-01
-8.602114160237744889e-01
-8.812557801066852603e-01
-9.018122174380446276e-01
-9.218445600503065718e-01
-9.413166399759251846e-01
-9.601922892473547799e-01
-9.784353398970496718e-01
-9.960096239574641741e-01
-1.012879118684701485e+00
-1.029021979465936321e+00
-1.044442238391144473e+00
-1.059146681420980007e+00
-1.073142094516097211e+00
-1.086435263637150817e+00
-1.099032974744794444e+00
-1.110942013799683048e+00
-1.122169166762470027e+00
-1.132721219593810780e+00
-1.142604958254358705e+00
-1.151827168704768534e+00
-1.160394636905694554e+00
-1.168314148817791054e+00
-1.175592490401712098e+00
-1.182236447618111752e+00
-1.188252806427645192e+00
-1.193648352790966261e+00
-1.198429872668728580e+00
-1.202604152021587325e+00
-1.206177976810196339e+00
-1.209158132995210133e+00
-1.211551406537282771e+00
-1.213364583397068541e+00
-1.214604449535222619e+00
-1.215277790912397737e+00
-1.215391393489249072e+00
-1.214952043226431355e+00
-1.213966526084597541e+00
-1.212441628024403251e+00
-1.210384135006502104e+00
-1.207800832991548612e+00
-1.204698507940196839e+00
-1.201083945813101295e+00
-1.196963932570915823e+00
-1.192345254174295599e+00
-1.187234696583894022e+00
-1.181640259062447962e+00
-1.175576324054949717e+00
-1.169059365739180123e+00
-1.162105859506223249e+00
-1.154732280747163164e+00
-1.146955104853082608e+00
-1.138790807215066314e+00
-1.130255863224197688e+00
-1.121366748271559910e+00
-1.112139937748237273e+00
-1.102591907045313624e+00
-1.092739131553872145e+00
-1.082598086664997350e+00
-1.072185247769772420e+00
-1.061517090259280982e+00
-1.050610089524606661e+00
-1.039480720956833970e+00
-1.028145459947045870e+00
-1.016620781886326208e+00
-1.004923162165758832e+00
-9.930690761764277008e-01
-9.810749993094163290e-01
-9.689574069558082314e-01
-9.567327745066873668e-01
-9.444175773531371387e-01
-9.320282908862420612e-01
-9.195813904970850938e-01
-9.070933515767501953e-01
-8.945806495163209915e-01
-8.820597597068811080e-01
-8.695471575395152808e-01
-8.570593184053056923e-01
-8.446127176953373006e-01
-8.322238308006928431e-01
-8.199091331124568338e-01
-8.076851000217125653e-01
-7.955678010815027124e-01
-7.835656982604750631e-01
-7.716804970754422843e-01
-7.599136681832389106e-01
-7.482666822406994767e-01
-7.367410099046592942e-01
-7.253381218319526758e-01
-7.140594886794147111e-01
-7.029065811038799350e-01
-6.918808697621832149e-01
-6.809838253111595296e-01
-6.702169184076436359e-01
-6.595816197084696242e-01
-6.490793998704732504e-01
-6.387117295504884940e-01
-6.284800794053505557e-01
-6.183859200918943033e-01
-6.084307222669542714e-01
-5.986159565873649946e-01
-5.889430937099616736e-01
-5.794136042915792872e-01
-5.700289589890519260e-01
-5.607906284592145685e-01
-5.517000833589023046e-01
-5.427587943449496688e-01
-5.339682320741915289e-01
-5.253298672034625305e-01
-5.168451703895976523e-01
-5.085156122894313180e-01
-5.003426635597988392e-01
-4.923277948575345286e-01
-4.844724768394732539e-01
-4.767781801624498272e-01
-4.692463754832992828e-01
-4.618785334588559333e-01
-4.546761247459547572e-01
-4.476406151879201434e-01
-4.407721679718393237e-01
-4.340678872989744419e-01
-4.275244387394576129e-01
-4.211384878634209517e-01
-4.149067002409961291e-01
-4.088257414423157043e-01
-4.028922770375111817e-01
-3.971029725967148982e-01
-3.914544936900586913e-01
-3.859435058876748981e-01
-3.805666747596951893e-01
-3.753206658762516801e-01
-3.702021448074766519e-01
-3.652077771235018311e-01
-3.603342283944594437e-01
-3.555781641904813273e-01
-3.509362500816999852e-01
-3.464051516382469220e-01
-3.419815344302541971e-01
-3.376620640278539254e-01
-3.334434060011783885e-01
-3.293222259203592572e-01
-3.252951893555287577e-01
-3.213589618768189493e-01
-3.175102090543617250e-01
-3.137455964582893109e-01
-3.100617896587334332e-01
-3.064554542258263736e-01
-3.029232557296999695e-01
-2.994618597404864468e-01
-2.960679318283176986e-01
-2.927381375633259508e-01
-2.894691425156428188e-01
-2.862576122554008617e-01
-2.831002123527317504e-01
-2.799936083777675999e-01
-2.769347011817415161e-01
-2.739220324514394234e-01
-2.709548426165607204e-01
-2.680323746887646186e-01
-2.651538716797104955e-01
-2.623185766010575626e-01
-2.595257324644650865e-01
-2.567745822815925560e-01
-2.540643690640990160e-01
-2.513943358236438996e-01
-2.487637255718863627e-01
-2.461717813204858663e-01
-2.436177460811016771e-01
-2.411008628653929231e-01
-2.386203746850190377e-01
-2.361755245516393986e-01
-2.337655554769129951e-01
-2.313897104724993992e-01
-2.290472325500577666e-01
-2.267373647212474197e-01
-2.244593499977276529e-01
-2.222124313911577609e-01
-2.199958519131970380e-01
-2.178088545755047511e-01
-2.156506823897403058e-01
-2.135205783675628022e-01
-2.114177855206316459e-01
-2.093415468606061036e-01
-2.072911053991454422e-01
-2.052657041479090394e-01
-2.032645861185560510e-01
-2.012869943227458547e-01
-1.993321717721377173e-01
-1.973993614783910444e-01
-1.954878064531649640e-01
-1.935967497081187982e-01
-1.917254437403893008e-01
-1.898734139253274444e-01
-1.880404928918686103e-01
-1.862265296598533404e-01
-1.844313732491219271e-01
-1.826548726795148014e-01
-1.808968769708725333e-01
-1.791572351430351928e-01
-1.774357962158434887e-01
-1.757324092091376855e-01
-1.740469231427582142e-01
-1.723791870365454781e-01
-1.707290499103399362e-01
-1.690963607839819360e-01
-1.674809686773119921e-01
-1.658827226101704244e-01
-1.643014716023976640e-01
-1.627370646738340032e-01
-1.611893508443200118e-01
-1.596581791336960376e-01
-1.581433985618025118e-01
-1.566448581484798097e-01
-1.551624069135683626e-01
-1.536958938769085736e-01
-1.522451680583408740e-01
-1.508100784777056114e-01
-1.493904741548432447e-01
-1.479862041095941771e-01
-1.465971173617987844e-01
-1.452230629312974974e-01
-1.438638898379307196e-01
-1.425194471015389097e-01
-1.411895837419624711e-01
-1.398741487790417237e-01
-1.385729912326171265e-01
-1.372859601225290549e-01
-1.360129044666261444e-01
-1.347536698488721874e-01
-1.335080913743052211e-01
-1.322760021561507626e-01
-1.310572353076343011e-01
-1.298516239419813811e-01
-1.286590011724175198e-01
-1.274792001121681784e-01
-1.263120538744588739e-01
-1.251573955725152065e-01
-1.240150583195625406e-01
-1.228848752288265039e-01
-1.217666794135325858e-01
-1.206603039869062477e-01
-1.195655820621731036e-01
-1.184823467525585455e-01
-1.174104311712881599e-01
-1.163496684315874774e-01
-1.152998916466818902e-01
-1.142609339297970122e-01
-1.132326283941583606e-01
-1.122148081529914243e-01
-1.112073063195216927e-01
-1.102099560069747519e-01
-1.092225903285759941e-01
-1.082450423975510334e-01
-1.072771453271253034e-01
-1.063187322305243904e-01
-1.053696362209737419e-01
-1.044296904116989028e-01
-1.034987279159254175e-01
-1.025765818468787338e-01
-1.016630853177844518e-01
-1.007580714418679357e-01
-9.986137333235481361e-02
-9.897282410247057460e-02
-9.809225686544074951e-02
-9.721951180929717939e-02
-9.635449560037975814e-02
-9.549715132922691196e-02
-9.464742245946257404e-02
-9.380525245471073303e-02
-9.297058477859521108e-02
-9.214336289474005237e-02
-9.132353026676914842e-02
-9.051103035830643240e-02
-8.970580663297587909e-02
-8.890780255440136615e-02
-8.811696158620689612e-02
-8.733322719201641604e-02
-8.655654283545381744e-02
-8.578685198014303348e-02
-8.502409808970802507e-02
-8.426822462777272538e-02
-8.351917505796109531e-02
-8.277689284389704028e-02
-8.204132144920452119e-02
-8.131240433750747121e-02
-8.059008497242987901e-02
-7.987430681759558060e-02
-7.916501333662855078e-02
-7.846214799315273658e-02
-7.776565425079212668e-02
-7.707547557317058484e-02
-7.639155542391208586e-02
-7.571383726664057678e-02
-7.504226456497999076e-02
-7.437678078255426095e-02
-7.371732938298729276e-02
-7.306385382990308874e-02
-7.241629758692555430e-02
-7.177460411767860871e-02
-7.113871688578621288e-02
-7.050857935487231387e-02
-6.988413498856083095e-02
-6.926532725047572503e-02
-6.865209960424094315e-02
-6.804439551348039072e-02
-6.744215844181800090e-02
-6.684533185287772072e-02
-6.625385921028352498e-02
-6.566768397765931908e-02
-6.508674961862903618e-02
-6.451099959681665108e-02
-6.394037737584605530e-02
-6.337482641934123750e-02
-6.281429019092610311e-02
-6.225871215422461302e-02
-6.170803577286065184e-02
-6.116220451045820822e-02
-6.062116183064122921e-02
-6.008485119703362021e-02
-5.955321607325932826e-02
-5.902619992294233509e-02
-5.850374620970650447e-02
-5.798579839717581813e-02
-5.747229994897423005e-02
-5.696319432872563177e-02
-5.645842500005399112e-02
-5.595793542658325515e-02
-5.546166907193738477e-02
-5.496956939974021600e-02
-5.448157987361584159e-02
-5.399764395718803511e-02
-5.351770511408087544e-02
-5.304170680791819165e-02
-5.256959250232401404e-02
-5.210130566092225496e-02
-5.163678974733676430e-02
-5.117598822519162788e-02
