-1.783513538360301798e-01
-1.280364047493271207e-01
-8.293516867801979664e-02
-4.293341580704328198e-02
-7.916916321332956308e-03
2.222855959417603666e-02
4.761724175454842140e-02
6.836335997484897786e-02
8.458114407014248604e-02
9.638482385549358711e-02
1.038886291459672206e-01
1.072067897566281042e-01
1.064535355025409968e-01
1.017430961987705468e-01
9.318970166038166580e-02
8.090758170243911307e-02
6.501096614000748120e-02
4.561408478815177914e-02
2.283116746193665850e-02
-3.223556023573383514e-03
-3.243585585331296844e-02
-6.469150221221779684e-02
-9.987626528522298985e-02
-1.378759152572637259e-01
-1.785762223132754400e-01
-2.218629566381928875e-01
-2.676218884169519474e-01
-3.157387878344877219e-01
-3.660994250757351742e-01
-4.185895703256294342e-01
-4.730949937691060758e-01
-5.295014655911000068e-01
-5.876947559765468565e-01
-6.475606351103816438e-01
-7.089848731775394430e-01
-7.718532403629558836e-01
-8.360515068515658177e-01
-9.014654428283046528e-01
-9.679808184781080183e-01
-1.035483403985909989e+00
-1.103858969536646972e+00
-1.172993285315253598e+00
-1.242772121506665828e+00
-1.313081248295817849e+00
-1.383806435867645845e+00
-1.454833454407084004e+00
-1.526048074099068508e+00
-1.597336065128533988e+00
-1.668583197680416408e+00
-1.739675241939651062e+00
-1.810497968091171028e+00
-1.880937146319914710e+00
-1.950878546810815184e+00
-2.020207939748808190e+00
-2.088811095318829469e+00
-2.156573783705813430e+00
-2.223381775094695811e+00
-2.289120839670411467e+00
-2.353685045330635717e+00
-2.417019667616931322e+00
-2.479089497061934377e+00
-2.539859362613617222e+00
-2.599294093219951307e+00
-2.657358517828908084e+00
-2.714017465388460337e+00
-2.769235764846579961e+00
-2.822978245151237520e+00
-2.875209735250407572e+00
-2.925895064092059350e+00
-2.974999060624167413e+00
-3.022486553794700548e+00
-3.068322372551632871e+00
-3.112471345842935833e+00
-3.154898302616581329e+00
-3.195568071820540812e+00
-3.234445482402787064e+00
-3.271495363311291982e+00
-3.306682543494026572e+00
-3.339971851898963617e+00
-3.371328117474074570e+00
-3.400716169167331770e+00
-3.428100835926706669e+00
-3.453446946700171161e+00
-3.476719330435697142e+00
-3.497882816081257840e+00
-3.516902232584823373e+00
-3.533742717358693941e+00
-3.548396282769641363e+00
-3.560902290458600294e+00
-3.571304921821617295e+00
-3.579648358254734486e+00
-3.585976781153994875e+00
-3.590334371915441025e+00
-3.592765311935119055e+00
-3.593313782609070195e+00
-3.592023965333338786e+00
-3.588940041503968281e+00
-3.584106192517001244e+00
-3.577566599768481570e+00
-3.569365444654452268e+00
-3.559546908570958568e+00
-3.548155172914041255e+00
-3.535234419079743784e+00
-3.520828828464113602e+00
-3.504982582463189722e+00
-3.487739862473016039e+00
-3.469144849889638227e+00
-3.449241726109097517e+00
-3.428074672527439581e+00
-3.405687870540704765e+00
-3.382125501544940072e+00
-3.357431746936185402e+00
-3.331650788110485983e+00
-3.304826806463885713e+00
-3.277003983392426711e+00
-3.248226551037455057e+00
-3.218539240062159301e+00
-3.187987064085536559e+00
-3.156615039974274950e+00
-3.124468184595068365e+00
-3.091591514814611141e+00
-3.058030047499593174e+00
-3.023828799516709243e+00
-2.989032787732650576e+00
-2.953687029014108845e+00
-2.917836540227777498e+00
-2.881526338240350427e+00
-2.844801439918517083e+00
-2.807706862128973135e+00
-2.770287621738407147e+00
-2.732588735613514785e+00
-2.694655220620989056e+00
-2.656532093627519853e+00
-2.618264371499801069e+00
-2.579897071104524819e+00
-2.541475209308384553e+00
-2.503043802978071053e+00
-2.464647868980278211e+00
-2.426332424181697256e+00
-2.388142485449021635e+00
-2.350123069648944796e+00
-2.312319193648157079e+00
-2.274775874313351931e+00
-2.237538110483708653e+00
-2.200641743021810370e+00
-2.164098582115420832e+00
-2.127916544009504030e+00
-2.092103544949020844e+00
-2.056667501178933488e+00
-2.021616328944203289e+00
-1.986957944489791128e+00
-1.952700264060658109e+00
-1.918851203901769109e+00
-1.885418680258083235e+00
-1.852410609374561590e+00
-1.819834907496167498e+00
-1.787699490867861618e+00
-1.756012275734607275e+00
-1.724781178341362908e+00
-1.694014114933092952e+00
-1.663719001754757398e+00
-1.633903755051318685e+00
-1.604576291067738802e+00
-1.575744526048978411e+00
-1.547416376239999281e+00
-1.519599757885763847e+00
-1.492302587231233213e+00
-1.465532780521369149e+00
-1.439298254001132982e+00
-1.413606923915486036e+00
-1.388466706509391857e+00
-1.363885518027809773e+00
-1.339870708274830235e+00
-1.316420112618029492e+00
-1.293523671655333329e+00
-1.271171087017427537e+00
-1.249352060334995018e+00
-1.228056293238720897e+00
-1.207273487359289632e+00
-1.186993344327385680e+00
-1.167205565773692610e+00
-1.147899853328895770e+00
-1.129065908623679171e+00
-1.110693433288727050e+00
-1.092772128954724753e+00
-1.075291697252355405e+00
-1.058241839812304130e+00
-1.041612258265255164e+00
-1.025392654241892965e+00
-1.009572729372901545e+00
-9.941421852889656963e-01
-9.790907236207695430e-01
-9.644080459989984311e-01
-9.500838540543354860e-01
-9.361078494174652764e-01
-9.224697337190730373e-01
-9.091592085898424491e-01
-8.961659756604580807e-01
-8.834797365616043896e-01
-8.710901929239661667e-01
-8.589870463782273147e-01
-8.471606409697588491e-01
-8.356038904026816816e-01
-8.243103507958022824e-01
-8.132735782679278991e-01
-8.024871289378654460e-01
-7.919445589244219486e-01
-7.816394243464043212e-01
-7.715652813226202555e-01
-7.617156859718757778e-01
-7.520841944129785794e-01
-7.426643627647353529e-01
-7.334497471459533458e-01
-7.244339036754392502e-01
-7.156103884720006469e-01
-7.069727576544438952e-01
-6.985145673415767975e-01
-6.902293736522061574e-01
-6.821107327051383340e-01
-6.741522006191807970e-01
-6.663473335131407937e-01
-6.586896875058247947e-01
-6.511728187160406023e-01
-6.437902832625946870e-01
-6.365356372642940741e-01
-6.294024368399460112e-01
-6.223842381083576347e-01
-6.154745971883355260e-01
-6.086670701986869325e-01
-6.019552804107025645e-01
-5.953350696147569066e-01
-5.888049532649198836e-01
-5.823636059915180407e-01
-5.760097024248782560e-01
-5.697419171953276296e-01
-5.635589249331923734e-01
-5.574594002687993655e-01
-5.514420178324754840e-01
-5.455054522545472739e-01
-5.396483781653419465e-01
-5.338694701951858246e-01
-5.281674029744060084e-01
-5.225408511333289319e-01
-5.169884893022818062e-01
-5.115089921115910654e-01
-5.061010341915832544e-01
-5.007632901725855845e-01
-4.954944346849247117e-01
-4.902931423589272364e-01
-4.851580878249199258e-01
-4.800879457132297135e-01
-4.750813906541832554e-01
-4.701370972781077628e-01
-4.652537402153291146e-01
-4.604299940961745774e-01
-4.556645335509709738e-01
-4.509560332100448488e-01
-4.463031677037231915e-01
-4.417046893971192101e-01
-4.371598303797477603e-01
-4.326680055618255527e-01
-4.282286302134524769e-01
-4.238411196047280338e-01
-4.195048890057527791e-01
-4.152193536866264911e-01
-4.109839289174487820e-01
-4.067980299683199297e-01
-4.026610721093397682e-01
-3.985724706106081316e-01
-3.945316407422251870e-01
-3.905379977742909903e-01
-3.865909569769049314e-01
-3.826899336201673441e-01
-3.788343429741781732e-01
-3.750236003090371417e-01
-3.712571208948443613e-01
-3.675343200016997769e-01
-3.638546128997033335e-01
-3.602174148589548097e-01
-3.566221411495543725e-01
-3.530682070416018004e-01
-3.495550278051970938e-01
-3.460820187104400869e-01
-3.426485950274308356e-01
-3.392541720262692850e-01
-3.358981649770553801e-01
-3.325799895122416028e-01
-3.292990928342566237e-01
-3.260549777666622018e-01
-3.228471527947812669e-01
-3.196751264039359719e-01
-3.165384070794492466e-01
-3.134365033066433548e-01
-3.103689235708409488e-01
-3.073351763573645701e-01
-3.043347701515367598e-01
-3.013672134386802814e-01
-2.984320147041172322e-01
-2.955286824331703754e-01
-2.926567251111623080e-01
-2.898156512234155158e-01
-2.870049692552524845e-01
-2.842241876919957555e-01
-2.814728150189679812e-01
-2.787503597214918138e-01
-2.760563302848895173e-01
-2.733902351944837439e-01
-2.707515829355970904e-01
-2.681398819935519318e-01
-2.655546408536709202e-01
-2.629953680012766526e-01
-2.604615719216916148e-01
-2.579527611002384035e-01
-2.554684440222393937e-01
-2.530081291730174597e-01
-2.505713418958621652e-01
-2.481577731467353720e-01
-2.457672078816248995e-01
-2.433994321354286394e-01
-2.410542319430443448e-01
-2.387313933393699072e-01
-2.364307023593030244e-01
-2.341519450377415323e-01
-2.318949074095833229e-01
-2.296593755097261491e-01
-2.274451353730677361e-01
-2.252519730345060034e-01
-2.230796745289385929e-01
-2.209280258912635908e-01
-2.187968131563785557e-01
-2.166858223591814070e-01
-2.145948395345699811e-01
-2.125236507174420308e-01
-2.104720419426953926e-01
-2.084397992452277637e-01
-2.064267086599370638e-01
-2.044325562217210734e-01
-2.024571279654776290e-01
-2.005002099261045112e-01
-1.985615881384994730e-01
-1.966410486375605171e-01
-1.947383774581852300e-01
-1.928533606352715313e-01
-1.909857842259253258e-01
-1.891354455690451297e-01
-1.873021716071298359e-01
-1.854857940796606486e-01
-1.836861447261191882e-01
-1.819030552859867422e-01
-1.801363574987447924e-01
-1.783858831038746817e-01
-1.766514638408579196e-01
-1.749329314491758491e-01
-1.732301176683098409e-01
-1.715428542377413768e-01
-1.698709728969519384e-01
-1.682143053854227577e-01
-1.665726834426354275e-01
-1.649459388080712630e-01
-1.633339032212117181e-01
-1.617364084215381359e-01
-1.601532861485320258e-01
-1.585843681416747308e-01
-1.570294861404476772e-01
-1.554884718843322633e-01
-1.539611571128099710e-01
-1.524473735653621431e-01
-1.509469529814703170e-01
-1.494597271006157524e-01
-1.479855276622798477e-01
-1.465241864059441124e-01
-1.450755350710899727e-01
-1.436394053971987439e-01
-1.422156291237519909e-01
-1.408040379902309458e-01
-1.394044637361171457e-01
-1.380167381008919891e-01
-1.366406928240368746e-01
-1.352761596450331449e-01
-1.339229703033623375e-01
-1.325809565385057398e-01
-1.312499500899448335e-01
-1.299297826971610725e-01
-1.286202860996358277e-01
-1.273212920368505530e-01
-1.260326322482865358e-01
-1.247541384734252995e-01
-1.234856424517482287e-01
-1.222269759227367220e-01
-1.209779706258722054e-01
-1.197384583006361192e-01
-1.185082706865098756e-01
-1.172872395229747761e-01
-1.160751965495124410e-01
-1.148719735056040331e-01
-1.136774021307312005e-01
-1.124913141643751474e-01
-1.113135413460175221e-01
-1.101439154151395705e-01
-1.089822681112226632e-01
-1.078284311737483930e-01
