-1.783513538360301798e-01
-1.985999910048413253e-01
-2.176916430511130762e-01
-2.356546814138552604e-01
-2.525174775320777609e-01
-2.683084028447902947e-01
-2.830558287910024950e-01
-2.967881268097244951e-01
-3.095336683399659838e-01
-3.213208248207365947e-01
-3.321779676910464052e-01
-3.421334683899048268e-01
-3.512156983563220480e-01
-3.594530290293076469e-01
-3.668738318478715899e-01
-3.735064782510233994e-01
-3.793793396777731530e-01
-3.845207875671305398e-01
-3.889591933581051930e-01
-3.927229284897072459e-01
-3.958403644009463318e-01
-3.983398725308321953e-01
-4.002498243183747473e-01
-4.015985912025836768e-01
-4.024145446224688394e-01
-4.027260560170400350e-01
-4.025614968253070636e-01
-4.019492384862797807e-01
-4.009176524389678198e-01
-3.994951101223810919e-01
-3.977099829755295080e-01
-3.955906424374227015e-01
-3.931654599470704725e-01
-3.904628069434826210e-01
-3.875110548656690579e-01
-3.843385751526395278e-01
-3.809737392434037195e-01
-3.774449185769716553e-01
-3.737804845923529684e-01
-3.700088087285574590e-01
-3.661582624245950379e-01
-3.622527648890577767e-01
-3.582984264088670545e-01
-3.542969050405267994e-01
-3.502498588405408286e-01
-3.461589458654129592e-01
-3.420258241716468972e-01
-3.378521518157464598e-01
-3.336395868542155752e-01
-3.293897873435578383e-01
-3.251044113402773439e-01
-3.207851169008777426e-01
-3.164335620818629624e-01
-3.120514049397365430e-01
-3.076403035310025236e-01
-3.032019159121645546e-01
-2.987379001397266753e-01
-2.942499142701925363e-01
-2.897396163600658991e-01
-2.852086644658506920e-01
-2.806587166440506764e-01
-2.760917219106068243e-01
-2.715107931192081159e-01
-2.669193340829810190e-01
-2.623207486150520018e-01
-2.577184405285470881e-01
-2.531158136365927458e-01
-2.485162717523151377e-01
-2.439232186888406484e-01
-2.393400582592955239e-01
-2.347701942768061767e-01
-2.302170305544987694e-01
-2.256839709054997978e-01
-2.211744191429351747e-01
-2.166917790799317567e-01
-2.122394545296153179e-01
-2.078208493051124650e-01
-2.034393672195494718e-01
-1.990984120860525008e-01
-1.948013877177479924e-01
-1.905516979277621925e-01
-1.863522539166004854e-01
-1.822039964342843377e-01
-1.781073736182144651e-01
-1.740628336057914172e-01
-1.700708245344159375e-01
-1.661317945414885477e-01
-1.622461917644098250e-01
-1.584144643405805408e-01
-1.546370604074011890e-01
-1.509144281022724299e-01
-1.472470155625948685e-01
-1.436352709257692206e-01
-1.400796423291959525e-01
-1.365805779102758077e-01
-1.331385258064092802e-01
-1.297539341549970859e-01
-1.264272510934398575e-01
-1.231589247591381719e-01
-1.199494032894926204e-01
-1.167991348219039743e-01
-1.137084350585690906e-01
-1.106770899608708336e-01
-1.077047530549884446e-01
-1.047910778671012205e-01
-1.019357179233882221e-01
-9.913832675002871853e-02
-9.639855787320200653e-02
-9.371606481908724418e-02
-9.109050111386374216e-02
-8.852152028371058912e-02
-8.600877585480706800e-02
-8.355192135333242009e-02
-8.115061030546587284e-02
-7.880449623738658427e-02
-7.651323267527380956e-02
-7.427647314530677614e-02
-7.209387117366478082e-02
-6.996508028652691225e-02
-6.788975401007243948e-02
-6.586754587048060383e-02
-6.389802114364828700e-02
-6.198039210434311275e-02
-6.011378277705018564e-02
-5.829731718625480452e-02
-5.653011935644217112e-02
-5.481131331209754959e-02
-5.314002307770612082e-02
-5.151537267775312817e-02
-4.993648613672380110e-02
-4.840248747910338295e-02
-4.691250072937711707e-02
-4.546564991203016354e-02
-4.406105905154779345e-02
-4.269785217241522934e-02
-4.137515329911772149e-02
-4.009208645614043692e-02
-3.884777566796863979e-02
-3.764134495908755262e-02
-3.647191835398241877e-02
-3.533861987713846770e-02
-3.424058843735651447e-02
-3.317702248069995946e-02
-3.214713533754780944e-02
-3.115014033827908507e-02
-3.018525081327273762e-02
-2.925168009290779469e-02
-2.834864150756328041e-02
-2.747534838761819809e-02
-2.663101406345151287e-02
-2.581485186544224888e-02
-2.502607512396942679e-02
-2.426389716941201175e-02
-2.352753133214905909e-02
-2.281619094255952357e-02
-2.212908933102243278e-02
-2.146543982791677962e-02
-2.082445576362158823e-02
-2.020535046851583416e-02
-1.960733727297853113e-02
-1.902962950738868592e-02
-1.847148566767724265e-02
-1.793234491198294339e-02
-1.741169156399642592e-02
-1.690900994740838006e-02
-1.642378438590946094e-02
-1.595549920319035836e-02
-1.550363872294172572e-02
-1.506768726885422682e-02
-1.464712916461854801e-02
-1.424144873392535482e-02
-1.385013030046530237e-02
-1.347265818792906314e-02
-1.310851672000731653e-02
-1.275719022039072462e-02
-1.241816301276996680e-02
-1.209091942083569127e-02
-1.177494376827857743e-02
-1.146972037878930296e-02
-1.117473357605853340e-02
-1.088946768377692387e-02
-1.061345028330712426e-02
-1.034638198669965425e-02
-1.008800666367699710e-02
-9.838068183961658567e-03
-9.596310417276106286e-03
-9.362477233342842570e-03
-9.136312501884350651e-03
-8.917560092623131110e-03
-8.705963875281660241e-03
-8.501267719582429952e-03
-8.303215495247933883e-03
-8.111551072000660473e-03
-7.926018319563099893e-03
-7.746361107657735376e-03
-7.572323306007062299e-03
-7.403648784333569099e-03
-7.240081412359744215e-03
-7.081365059808075214e-03
-6.927243596401063547e-03
-6.777460891861180302e-03
-6.631785915335408448e-03
-6.490088033668663103e-03
-6.352261713130347848e-03
-6.218201419989862790e-03
-6.087801620516608038e-03
-5.960956780979989773e-03
-5.837561367649403768e-03
-5.717509846794257070e-03
-5.600696684683944583e-03
-5.487016347587869020e-03
-5.376363301775435692e-03
-5.268632013516042975e-03
-5.163716949079091845e-03
-5.061512574733985879e-03
-4.961913356750126056e-03
-4.864813761396912482e-03
-4.770108254943752207e-03
-4.677691303660036666e-03
-4.587457373815172039e-03
-4.499300931678560170e-03
-4.413126949923662154e-03
-4.328882426840166553e-03
-4.246524867121822915e-03
-4.166011775462383389e-03
-4.087300656555595789e-03
-4.010349015095213132e-03
-3.935114355774979762e-03
-3.861554183288646528e-03
-3.789626002329964712e-03
-3.719287317592681694e-03
-3.650495633770548323e-03
-3.583208455557317616e-03
-3.517383287646732182e-03
-3.452977634732550243e-03
-3.389949001508513540e-03
-3.328254892668372922e-03
-3.267852812905881841e-03
-3.208700266914786808e-03
-3.150754759388837371e-03
-3.093973795021785680e-03
-3.038318396064186577e-03
-2.983763654993824323e-03
-2.930288181845292807e-03
-2.877870586653179848e-03
-2.826489479452078471e-03
-2.776123470276580830e-03
-2.726751169161278649e-03
-2.678351186140762782e-03
-2.630902131249625818e-03
-2.584382614522457745e-03
-2.538771245993852021e-03
-2.494046635698400367e-03
-2.450187393670692337e-03
-2.407172129945318786e-03
-2.364979454556874906e-03
-2.323587977539949816e-03
-2.282976308929135674e-03
-2.243123058759022900e-03
-2.204006837064205384e-03
-2.165606253879273115e-03
-2.127901278325624885e-03
-2.090877315871879968e-03
-2.054521131073465574e-03
-2.018819488485809784e-03
-1.983759152664338506e-03
-1.949326888164480687e-03
-1.915509459541660719e-03
-1.882293631351307549e-03
-1.849666168148847087e-03
-1.817613834489708712e-03
-1.786123394929316167e-03
-1.755181614023097747e-03
-1.724775256326479796e-03
-1.694891086394890176e-03
-1.665515868783755881e-03
-1.636636368048503907e-03
-1.608239348744560596e-03
-1.580311575427354029e-03
-1.552839812652311198e-03
-1.525810824974857798e-03
-1.499212021747696293e-03
-1.473033391512629936e-03
-1.447265567608736802e-03
-1.421899183375094095e-03
-1.396924872150779890e-03
-1.372333267274873127e-03
-1.348115002086451228e-03
-1.324260709924590749e-03
-1.300761024128370847e-03
-1.277606578036868511e-03
-1.254788004989162466e-03
-1.232295938324330783e-03
-1.210121011381450236e-03
-1.188253857499599981e-03
-1.166685110017857008e-03
-1.145405402275300692e-03
-1.124405367611006935e-03
-1.103675639364054030e-03
-1.083206850873520699e-03
-1.062989635478484365e-03
-1.043014786819092396e-03
-1.023273739739766946e-03
-1.003758089386001849e-03
-9.844594309032881230e-04
-9.653693594371199260e-04
-9.464794701329869728e-04
-9.277813581363835316e-04
-9.092666185928005096e-04
-8.909268466477313075e-04
-8.727536374466679167e-04
-8.547385861351028706e-04
-8.368732878585278352e-04
-8.191493377624355608e-04
-8.015583309923192314e-04
-7.840918626936696457e-04
-7.667415280119796624e-04
-7.494989220927415980e-04
-7.323556400814476607e-04
-7.153032771235906008e-04
-6.983334283646625180e-04
-6.814378747455833831e-04
-6.646091403889850839e-04
-6.478399352129287888e-04
-6.311229691354720882e-04
-6.144509520746756085e-04
-5.978165939485995421e-04
-5.812126046753029974e-04
-5.646316941728460586e-04
-5.480665723592887013e-04
-5.315099491526904677e-04
-5.149545344711112249e-04
-4.983930382326112740e-04
-4.818181703552490728e-04
-4.652226407570851392e-04
-4.485991593561792319e-04
-4.319404360705911099e-04
-4.152391808183804778e-04
-3.984881035176072030e-04
-3.816799140863309900e-04
-3.648073224426124110e-04
-3.478636835919614247e-04
-3.308449328896978427e-04
-3.137476507785920020e-04
-2.965684177014147271e-04
-2.793038141009365175e-04
-2.619504204199283063e-04
-2.445048171011602678e-04
-2.269635845874033893e-04
-2.093233033214288478e-04
-1.915805537460058688e-04
-1.737319163039057650e-04
-1.557739714378991443e-04
-1.377032995907567770e-04
-1.195164812052492846e-04
-1.012100967241471802e-04
-8.278072659022109867e-05
-6.422495124624172922e-05
-4.553935113498053353e-05
-2.672050669920644233e-05
-7.764998381690978282e-06
1.132896051249659020e-05
3.055662522909196634e-05
4.991161815153210808e-05
6.938756166325410555e-05
8.897807814769495398e-05
1.086767899882916486e-04
1.284773195684803173e-04
1.483732892716997849e-04
1.683583214813861250e-04
1.884260385809763871e-04
2.085700629539075665e-04
2.287840169836166855e-04
2.490615230535407664e-04
2.693962035471168586e-04
2.897816808477818762e-04
3.102115773389720554e-04
3.306795154041260718e-04
3.511791174266801078e-04
3.717040057900712667e-04
3.922478028777364356e-04
4.128041310731126639e-04
4.333666127596370009e-04
4.539288703207463877e-04
4.744845261398770607e-04
4.950272026004677497e-04
5.155505220859544742e-04
5.360481069797744464e-04
5.565135796653645529e-04
5.769405625261617892e-04
5.973226779456032587e-04
6.176535483071250894e-04
6.379267959941669871e-04
6.581360433901622606e-04
6.782749128785515915e-04
6.983370268427682888e-04
7.183160076662530339e-04
7.382054777324395696e-04
7.579990594247661920e-04
7.776903751266720649e-04
7.972730472215903887e-04
