-1.783513538360301798e-01
-1.470748650369352040e-01
-1.185242250043337248e-01
-9.264541637140921715e-02
-6.938442177134554467e-02
-4.868722383732630721e-02
-3.049980520253528504e-02
-1.476814850015602774e-02
-1.438236363372386506e-03
9.543948574632098864e-03
1.823242368067369903e-02
2.468120632156868555e-02
2.894431386413336485e-02
3.107576367518415789e-02
3.112957312153729825e-02
2.915975957000909585e-02
2.522034038741588144e-02
1.936533294057389901e-02
1.164875459629959725e-02
2.124622721409173774e-03
-9.153045317280965668e-03
-2.213023215295457577e-02
-3.675292041879527766e-02
-5.296709274798689498e-02
-7.071873177371292007e-02
-8.995382012915721648e-02
-1.106183404475033633e-01
-1.326582753619351962e-01
-1.560196075056362042e-01
-1.806483195117900564e-01
-2.064903940135805749e-01
-2.334918136441914982e-01
-2.615985610368063430e-01
-2.907566188246087924e-01
-3.209119696407827238e-01
-3.520105961185117094e-01
-3.839984808909793768e-01
-4.168216065913695756e-01
-4.504259558528658780e-01
-4.847575113086520782e-01
-5.197622555919115817e-01
-5.553861713358284602e-01
-5.915752411735860639e-01
-6.282754477383681868e-01
-6.654327736633585122e-01
-7.029932015817409452e-01
-7.409027141266988359e-01
-7.791072939314160894e-01
-8.175529236290763890e-01
-8.561855858528633068e-01
-8.949512632359605258e-01
-9.337959384115518402e-01
-9.726655940128207112e-01
-1.011506212672951266e+00
-1.050263777025127077e+00
-1.088884269702531160e+00
-1.127313673338347977e+00
-1.165497970565760877e+00
-1.203383144017953876e+00
-1.240915176328109881e+00
-1.278040050129413796e+00
-1.314703748055047861e+00
-1.350852252738197201e+00
-1.386431546812044280e+00
-1.421387612909773779e+00
-1.455666433664569048e+00
-1.489213991709612994e+00
-1.521976269678090743e+00
-1.553899250203184756e+00
-1.584928915918079495e+00
-1.615011249455957421e+00
-1.644092233450003882e+00
-1.672117850533401562e+00
-1.699034299983506635e+00
-1.724808931967985126e+00
-1.749447699436476045e+00
-1.772960663554034255e+00
-1.795357885485715510e+00
-1.816649426396575118e+00
-1.836845347451667720e+00
-1.855955709816050181e+00
-1.873990574654776697e+00
-1.890960003132904133e+00
-1.906874056415485574e+00
-1.921742795667578996e+00
-1.935576282054238373e+00
-1.948384576740519902e+00
-1.960177740891478448e+00
-1.970965835672169097e+00
-1.980758922247648712e+00
-1.989567061782971269e+00
-1.997400315443193408e+00
-2.004268744393368440e+00
-2.010182409798554559e+00
-2.015151372823805520e+00
-2.019185694634177519e+00
-2.022295436394724977e+00
-2.024490659270504533e+00
-2.025781424426570609e+00
-2.026177793027979401e+00
-2.025689826239786218e+00
-2.024327585227045034e+00
-2.022101131154813380e+00
-2.019020525188146120e+00
-2.015095828492097674e+00
-2.010337102231725126e+00
-2.004754407572082453e+00
-1.998357805678224963e+00
-1.991157357715210408e+00
-1.983163124848090986e+00
-1.974386982516564082e+00
-1.964850351059203915e+00
-1.954577778624065232e+00
-1.943593815173475736e+00
-1.931923010669764462e+00
-1.919589915075259556e+00
-1.906619078352290275e+00
-1.893035050463185209e+00
-1.878862381370271839e+00
-1.864125621035880309e+00
-1.848849319422339210e+00
-1.833058026491975134e+00
-1.816776292207119115e+00
-1.800028666530098853e+00
-1.782839699423241830e+00
-1.765233940848878191e+00
-1.747235940769336304e+00
-1.728870249146944760e+00
-1.710161415944031482e+00
-1.691133991122925506e+00
-1.671812524645955866e+00
-1.652221566475450709e+00
-1.632385666573738403e+00
-1.612329374903148427e+00
-1.592077241426008039e+00
-1.571653816104647383e+00
-1.551083648901394607e+00
-1.530391289778577413e+00
-1.509601288698525723e+00
-1.488738195623566352e+00
-1.467826560516030554e+00
-1.446890933338244700e+00
-1.425955864052538713e+00
-1.405045902621239851e+00
-1.384185599006678258e+00
-1.363399503171181415e+00
-1.342711650102874632e+00
-1.322136421407689166e+00
-1.301679625324713374e+00
-1.281346772075552698e+00
-1.261143371881815023e+00
-1.241074934965106902e+00
-1.221146971547035998e+00
-1.201364991849209529e+00
-1.181734506093234049e+00
-1.162261024500716333e+00
-1.142950057293264265e+00
-1.123807114692485065e+00
-1.104837706919984841e+00
-1.086047344197371478e+00
-1.067441536746251529e+00
-1.049025794788232435e+00
-1.030805628544921859e+00
-1.012786548237925466e+00
-9.949740640888512511e-01
-9.773736863193061009e-01
-9.599909251508974561e-01
-9.428312908052320918e-01
-9.259002935039165605e-01
-9.092034434685584143e-01
-8.927462509207657604e-01
-8.765342260821439302e-01
-8.605728791743010309e-01
-8.448677204188438372e-01
-8.294242600373794572e-01
-8.142480082515153317e-01
-7.993444752828580135e-01
-7.847191713530149437e-01
-7.703776066835926750e-01
-7.563252914961995366e-01
-7.425677360124411930e-01
-7.291104504539254183e-01
-7.159589340155665393e-01
-7.031157017936379150e-01
-6.905762614213654116e-01
-6.783351157246266805e-01
-6.663867675292997061e-01
-6.547257196612619179e-01
-6.433464749463911891e-01
-6.322435362105649492e-01
-6.214114062796609605e-01
-6.108445879795568745e-01
-6.005375841361307865e-01
-5.904848975752595708e-01
-5.806810311228213228e-01
-5.711204876046940271e-01
-5.617977698467547798e-01
-5.527073806748816764e-01
-5.438438229149520353e-01
-5.352015993928445070e-01
-5.267752129344354106e-01
-5.185591663656030637e-01
-5.105479625122248954e-01
-5.027361042001791125e-01
-4.951180942553428665e-01
-4.876884355035938645e-01
-4.804416307708101463e-01
-4.733721828828691969e-01
-4.664745946656487230e-01
-4.597433689450262650e-01
-4.531730085468794744e-01
-4.467580162970862245e-01
-4.404928950215240002e-01
-4.343721475460705639e-01
-4.283902766966036779e-01
-4.225417852990007717e-01
-4.168211761791399406e-01
-4.112229521628986140e-01
-4.057416160761542212e-01
-4.003719760605087830e-01
-3.951109695101584496e-01
-3.899564405525540178e-01
-3.849062366656618162e-01
-3.799582053274482285e-01
-3.751101940158795278e-01
-3.703600502089220425e-01
-3.657056213845423787e-01
-3.611447550207063650e-01
-3.566752985953805521e-01
-3.522950995865312129e-01
-3.480020054721248424e-01
-3.437938637301277689e-01
-3.396685218385060434e-01
-3.356238272752262164e-01
-3.316576275182548383e-01
-3.277677700455577381e-01
-3.239521023351014661e-01
-3.202084718648523509e-01
-3.165347261127767209e-01
-3.129287125568410155e-01
-3.093882786750114522e-01
-3.059112719452543039e-01
-3.024955398455360656e-01
-2.991389298538230657e-01
-2.958392894480814106e-01
-2.925944661062775398e-01
-2.894023073063777818e-01
-2.862606605263484649e-01
-2.831673732441560287e-01
-2.801202929377665796e-01
-2.771172670851467235e-01
-2.741561431642624558e-01
-2.712347686530805491e-01
-2.683509910295668877e-01
-2.655026577716880776e-01
-2.626876457663596121e-01
-2.599046779371534943e-01
-2.571534298223296378e-01
-2.544336277788132317e-01
-2.517449981635289658e-01
-2.490872673334016685e-01
-2.464601616453563626e-01
-2.438634074563174603e-01
-2.412967311232101508e-01
-2.387598590029591239e-01
-2.362525174524892635e-01
-2.337744328287253981e-01
-2.313253314885923839e-01
-2.289049397890150217e-01
-2.265129840869180844e-01
-2.241491907392266503e-01
-2.218132861028652703e-01
-2.195049965347589116e-01
-2.172240483918323195e-01
-2.149701680310104335e-01
-2.127430818092180542e-01
-2.105425160833800380e-01
-2.083681972104211855e-01
-2.062198515472663252e-01
-2.040972054508403410e-01
-2.019999852780680338e-01
-1.999279173858742320e-01
-1.978807281311837640e-01
-1.958581438709214584e-01
-1.938598909620121435e-01
-1.918856957613807035e-01
-1.899352846259519667e-01
-1.880083839126508449e-01
-1.861047199784020001e-01
-1.842240191801302884e-01
-1.823660078747606772e-01
-1.805304124183773340e-01
-1.787169577180175162e-01
-1.769253642587710618e-01
-1.751553516852132619e-01
-1.734066396419193523e-01
-1.716789477734646518e-01
-1.699719957244243407e-01
-1.682855031393736822e-01
-1.666191896628880231e-01
-1.649727749395425991e-01
-1.633459786139126457e-01
-1.617385203305734542e-01
-1.601501197341002325e-01
-1.585804964690683272e-01
-1.570293701800530850e-01
-1.554964605116295473e-01
-1.539814871083731440e-01
-1.524841696148590831e-01
-1.510042276756626556e-01
-1.495413809353590417e-01
-1.480953490385236437e-01
-1.466658516297316417e-01
-1.452526083535583545e-01
-1.438553388545790457e-01
-1.424737627773689230e-01
-1.411075997665032500e-01
-1.397565694665573177e-01
-1.384203915221064451e-01
-1.370987855777258124e-01
-1.357914712779907107e-01
-1.344981682674764867e-01
-1.332185961907582927e-01
-1.319524746924115310e-01
-1.306995234170112430e-01
-1.294594620091329418e-01
-1.282320101133517520e-01
-1.270168873742429372e-01
-1.258138248983844687e-01
-1.246226614948832134e-01
-1.234432949842505373e-01
-1.222756237914391364e-01
-1.211195463414018875e-01
-1.199749610590914867e-01
-1.188417663694608661e-01
-1.177198606974627498e-01
-1.166091424680499311e-01
-1.155095101061753143e-01
-1.144208620367915957e-01
-1.133430966848516519e-01
-1.122761124753083178e-01
-1.112198078331142620e-01
-1.101740811832224304e-01
-1.091388309505855470e-01
-1.081139555601564051e-01
-1.070993534368878952e-01
-1.060949230057327553e-01
-1.051005626916438201e-01
-1.041161709195738971e-01
-1.031416461144758073e-01
-1.021768867013022886e-01
-1.012217911050061619e-01
-1.002762577505402763e-01
-9.934018506285743899e-02
-9.841347146691042935e-02
-9.749601538765202691e-02
-9.658771525003509439e-02
-9.568846947901242517e-02
-9.479817649953682646e-02
-9.391673473656104998e-02
-9.304404261503795848e-02
-9.217999855992033142e-02
-9.132450099616097605e-02
-9.047744834871269959e-02
-8.963873904252833702e-02
-8.880827150256064006e-02
-8.798594415376245759e-02
-8.717165542108661069e-02
-8.636530372948583723e-02
-8.556678750391297217e-02
-8.477600516932082275e-02
-8.399285515066223784e-02
-8.321723587288995527e-02
-8.244904576095681004e-02
-8.168818323981562324e-02
-8.093454673441917435e-02
-8.018803466972031224e-02
-7.944854547067177475e-02
-7.871597756222643849e-02
-7.799022936933704131e-02
-7.727119931695640431e-02
-7.655878583003737636e-02
-7.585288733353272306e-02
-7.515340225239526550e-02
-7.446022901157782481e-02
-7.377326603603315269e-02
-7.309241175071411190e-02
-7.241756458057349577e-02
-7.174862295056406991e-02
-7.108548528563868318e-02
-7.042805001075014282e-02
-6.977621555085125604e-02
-6.912988033089473294e-02
-6.848894277583354728e-02
-6.785330131062033976e-02
-6.722285436020804250e-02
-6.659750034954936559e-02
-6.597713770359719954e-02
-6.536166484730432380e-02
-6.475098020562344847e-02
-6.414498220350753344e-02
