-1.783513538360301798e-01
-1.973421768367024653e-01
-2.153244517661399293e-01
-2.323188568038852542e-01
-2.483460701294816497e-01
-2.634267699224715487e-01
-2.775816343623982996e-01
-2.908313416288043629e-01
-3.031965699012331150e-01
-3.146979973592267665e-01
-3.253563021823288604e-01
-3.351921625500818847e-01
-3.442262566420288272e-01
-3.524792626377126759e-01
-3.599718587166760297e-01
-3.667247230584621542e-01
-3.727585338426134820e-01
-3.780939692486732784e-01
-3.827517074561841981e-01
-3.867524266446892844e-01
-3.901168049937314142e-01
-3.928655206828532420e-01
-3.950192518915978113e-01
-3.965986767995081097e-01
-3.976244735861267920e-01
-3.981173204309969016e-01
-3.980978955136612041e-01
-3.975868770136626318e-01
-3.966049431105441170e-01
-3.951727719838484254e-01
-3.933110418131186559e-01
-3.910404307778974076e-01
-3.883816170577277238e-01
-3.853552788321525369e-01
-3.819820942807146125e-01
-3.782827415829568274e-01
-3.742778989184220584e-01
-3.699882444666532932e-01
-3.654344564071934642e-01
-3.606372129195851706e-01
-3.556171921833715110e-01
-3.503950723780953069e-01
-3.449915316832994905e-01
-3.394272482785268830e-01
-3.337229003433204166e-01
-3.278991660572228573e-01
-3.219767235997771926e-01
-3.159762511505263549e-01
-3.099184268890129990e-01
-3.038239289947803345e-01
-2.977134356473709609e-01
-2.916076250263278657e-01
-2.855271753111939259e-01
-2.794927646815120181e-01
-2.735250713168250192e-01
-2.676447733966759168e-01
-2.618725491006073658e-01
-2.562290766081624094e-01
-2.507323830737711590e-01
-2.453841353904034905e-01
-2.401797656327085972e-01
-2.351146936020714062e-01
-2.301843390998764005e-01
-2.253841219275083962e-01
-2.207094618863522095e-01
-2.161557787777925177e-01
-2.117184924032141646e-01
-2.073930225640018277e-01
-2.031747890615402674e-01
-1.990592116972142445e-01
-1.950417102724084362e-01
-1.911177045885075754e-01
-1.872826144468965615e-01
-1.835318596489599607e-01
-1.798608599960826171e-01
-1.762650352896492356e-01
-1.727398053310445769e-01
-1.692805899216534848e-01
-1.658828088628604702e-01
-1.625418819560505157e-01
-1.592532290026082431e-01
-1.560122698039184130e-01
-1.528144241613657306e-01
-1.496551118763350396e-01
-1.465297527502110175e-01
-1.434337665843784249e-01
-1.403625953326803066e-01
-1.373136109818906270e-01
-1.342875859211348222e-01
-1.312856386716996504e-01
-1.283088877548718421e-01
-1.253584516919380998e-01
-1.224354490041850846e-01
-1.195409982128995963e-01
-1.166762178393682958e-01
-1.138422264048779414e-01
-1.110401424307152496e-01
-1.082710844381668397e-01
-1.055361709485195115e-01
-1.028365204830599539e-01
-1.001732515630750220e-01
-9.754748270985114100e-02
-9.496033244467524947e-02
-9.241291928883400841e-02
-8.990636176361417597e-02
-8.744177839030234378e-02
-8.502028769018532550e-02
-8.264300818454983766e-02
-8.031105839468255514e-02
-7.802555684187022222e-02
-7.578762204739955544e-02
-7.359837253255725742e-02
-7.145892681863000306e-02
-6.937040342690461991e-02
-6.733392087866769959e-02
-6.535046926620564911e-02
-6.341977699530508550e-02
-6.154085635164662643e-02
-5.971271140145468365e-02
-5.793434621095381459e-02
-5.620476484636859060e-02
-5.452297137392347892e-02
-5.288796985984305088e-02
-5.129876437035178760e-02
-4.975435897167419103e-02
-4.825375773003483248e-02
-4.679596471165824861e-02
-4.537998398276888584e-02
-4.400481960959132938e-02
-4.266947565835005340e-02
-4.137295619526961538e-02
-4.011426528657454499e-02
-3.889240699848932337e-02
-3.770638539723850102e-02
-3.655520454904659378e-02
-3.543786852013813132e-02
-3.435338137673760867e-02
-3.330074718506957632e-02
-3.227897001135852928e-02
-3.128705392182901113e-02
-3.032400298270555503e-02
-2.938882126021263516e-02
-2.848051282057481592e-02
-2.759808199217124447e-02
-2.674066627794428885e-02
-2.590775263298713410e-02
-2.509888463779787193e-02
-2.431360587287455244e-02
-2.355145991871525346e-02
-2.281199035581798693e-02
-2.209474076468083414e-02
-2.139925472580183827e-02
-2.072507581967907020e-02
-2.007174762681059391e-02
-1.943881372769442131e-02
-1.882581770282864414e-02
-1.823230313271130901e-02
-1.765781359784048682e-02
-1.710189267871419644e-02
-1.656408395583051918e-02
-1.604393100968749819e-02
-1.554097742078319917e-02
-1.505476676961568783e-02
-1.458484263668298822e-02
-1.413074860248317473e-02
-1.369202824751429917e-02
-1.326822515227442899e-02
-1.285888289726159692e-02
-1.246354506297387386e-02
-1.208175522990930471e-02
-1.171305697856596731e-02
-1.135699388944188745e-02
-1.101311450802092140e-02
-1.068105077603258291e-02
-1.036050383469579866e-02
-1.005117691983289582e-02
-9.752773267266173773e-03
-9.464996112817949253e-03
-9.187548692310540735e-03
-8.920134241566268427e-03
-8.662455996407431719e-03
-8.414217192656352554e-03
-8.175121066135349404e-03
-7.944870852666730335e-03
-7.723169788072817288e-03
-7.509721108175913123e-03
-7.304228048798338049e-03
-7.106393845762409671e-03
-6.915921734890438655e-03
-6.732514952004735667e-03
-6.555876732927620916e-03
-6.385710313481405068e-03
-6.221718929488408330e-03
-6.063605816770936165e-03
-5.911074211151307913e-03
-5.763827348451836842e-03
-5.621568464494837089e-03
-5.484000795102622790e-03
-5.350827576097508947e-03
-5.221752043301814902e-03
-5.096477432537845249e-03
-4.974743482058260717e-03
-4.856435939837111006e-03
-4.741477056278777663e-03
-4.629789081787651778e-03
-4.521294266768118367e-03
-4.415914861624568519e-03
-4.313573116761388118e-03
-4.214191282582969121e-03
-4.117691609493692208e-03
-4.023996347897947599e-03
-3.933027748200125517e-03
-3.844708060804611846e-03
-3.758959536115794205e-03
-3.675704424538061947e-03
-3.594864976475801825e-03
-3.516363442333401892e-03
-3.440122072515254103e-03
-3.366063117425738271e-03
-3.294108827469246353e-03
-3.224181453050167269e-03
-3.156203244572886469e-03
-3.090096452441792874e-03
-3.025783327061274969e-03
-2.963186118835719942e-03
-2.902227078169515410e-03
-2.842828455467051162e-03
-2.784912501132712215e-03
-2.728401465570886621e-03
-2.673218294097535162e-03
-2.619308889847968193e-03
-2.566646823733053241e-03
-2.515207313861462200e-03
-2.464965578341864801e-03
-2.415896835282935542e-03
-2.367976302793338515e-03
-2.321179198981747783e-03
-2.275480741956833076e-03
-2.230856149827264989e-03
-2.187280640701715420e-03
-2.144729432688853230e-03
-2.103177743897350748e-03
-2.062600792435876837e-03
-2.022973796413104260e-03
-1.984271973937701012e-03
-1.946470543118338122e-03
-1.909544722063686618e-03
-1.873469728882418183e-03
-1.838220781683201242e-03
-1.803773098574708560e-03
-1.770101897665608782e-03
-1.737182397064573371e-03
-1.704989814880275307e-03
-1.673499369221380416e-03
-1.642686278196561463e-03
-1.612525759914489477e-03
-1.582993032483834403e-03
-1.554063314013267487e-03
-1.525713435265154154e-03
-1.497930179165639104e-03
-1.470704121363448349e-03
-1.444025844973296016e-03
-1.417885933109895146e-03
-1.392274968887960949e-03
-1.367183535422208419e-03
-1.342602215827350381e-03
-1.318521593218102694e-03
-1.294932250709179269e-03
-1.271824771415293797e-03
-1.249189738451161489e-03
-1.227017734931497555e-03
-1.205299343971013952e-03
-1.184025148684426324e-03
-1.163185732186449448e-03
-1.142771677591796799e-03
-1.122773568015183587e-03
-1.103181986571323504e-03
-1.083987516374931544e-03
-1.065180740540721616e-03
-1.046752242183408496e-03
-1.028692604417706094e-03
-1.010992410358328535e-03
-9.936422431199908121e-04
-9.766326858174066185e-04
-9.599543215652909470e-04
-9.435977334783582490e-04
-9.275535215457443236e-04
-9.118137559405966111e-04
-8.963730970598263268e-04
-8.812264689631899321e-04
-8.663687957104411778e-04
-8.517950013613366338e-04
-8.375000099756305929e-04
-8.234787456130781072e-04
-8.097261323334346622e-04
-7.962370941964550929e-04
-7.830065552618956440e-04
-7.700294395895096325e-04
-7.573006712390531947e-04
-7.448151742702813823e-04
-7.325678727429490306e-04
-7.205536907168116250e-04
-7.087675522516240006e-04
-6.972043814071416431e-04
-6.858591022431193875e-04
-6.747266388193128277e-04
-6.638019151954762569e-04
-6.530798554313653774e-04
-6.425553835867350242e-04
-6.322234237213404662e-04
-6.220788998949368636e-04
-6.121167361672793768e-04
-6.023318565981229493e-04
-5.927191852472228498e-04
-5.832736461743346723e-04
-5.739903272522450762e-04
-5.648659256529746332e-04
-5.558980519700124773e-04
-5.470843272808823899e-04
-5.384223726631077187e-04
-5.299098091942123535e-04
-5.215442579517196421e-04
-5.133233400131531491e-04
-5.052446764560368725e-04
-4.973058883578937266e-04
-4.895045967962474926e-04
-4.818384228486218977e-04
-4.743049875925402898e-04
-4.669019121055266127e-04
-4.596268174651039432e-04
-4.524773247487963879e-04
-4.454510550341270777e-04
-4.385456293986201193e-04
-4.317586689197983724e-04
-4.250877946751857811e-04
-4.185306277423057474e-04
-4.120847891986821067e-04
-4.057479001218383154e-04
-3.995175815892978836e-04
-3.933914546785844302e-04
-3.873671404672218992e-04
-3.814422600327330962e-04
-3.756144344526421821e-04
-3.698812853619569017e-04
-3.642407175979266057e-04
-3.586913791249388660e-04
-3.532320383240820623e-04
-3.478614635764446829e-04
-3.425784232631151074e-04
-3.373816857651819865e-04
-3.322700194637333748e-04
-3.272421927398578689e-04
-3.222969739746439567e-04
-3.174331315491800724e-04
-3.126494338445545414e-04
-3.079446492418559059e-04
-3.033175461221724917e-04
-2.987668928665929494e-04
-2.942914578562056587e-04
-2.898900094720987825e-04
-2.855613160953609717e-04
-2.813041461070805516e-04
-2.771172678883461189e-04
-2.729994498202459449e-04
-2.689494602838685177e-04
-2.649660676603023254e-04
-2.610480403306357478e-04
-2.571941466759574356e-04
-2.534031550773554434e-04
-2.496738339159183134e-04
-2.460049515727345880e-04
-2.423952764288925927e-04
-2.388435768654809512e-04
-2.353486212635879076e-04
-2.319091780043019231e-04
-2.285240154687114586e-04
-2.251919020379051378e-04
-2.219116060929710423e-04
-2.186818960149977686e-04
-2.155015401850737778e-04
-2.123693069842874225e-04
-2.092839647937271908e-04
-2.062442819944815709e-04
-2.032490269676389696e-04
-2.002969680942879021e-04
-1.973868737555164771e-04
-1.945175123324133996e-04
-1.916876522060670493e-04
-1.888960617575658602e-04
-1.861415093679982390e-04
-1.834227634184527010e-04
-1.807385922900176260e-04
-1.780877643637812581e-04
-1.754690480208324650e-04
-1.728812116422591926e-04
-1.703230236091503357e-04
-1.677932523025938403e-04
-1.652906661036786283e-04
-1.628140333934928897e-04
-1.603621225531249228e-04
-1.579337019636634597e-04
