-1.783513538360301798e-01
-1.631518886776268107e-01
-1.500398539160182620e-01
-1.389340017685528339e-01
-1.297530844525788263e-01
-1.224158541854445809e-01
-1.168410631844982311e-01
-1.129474636670882576e-01
-1.106538078505628492e-01
-1.098788479522702782e-01
-1.105413361895588170e-01
-1.125600247797768072e-01
-1.158536659402725350e-01
-1.203410118883942448e-01
-1.259408148414902506e-01
-1.325718270169087831e-01
-1.401528006319982811e-01
-1.486024879041068225e-01
-1.578396410505827907e-01
-1.677830122887745412e-01
-1.783513538360302630e-01
-1.894634179096982285e-01
-2.010379567271268486e-01
-2.129937225056643402e-01
-2.252494674626589199e-01
-2.377239438154589157e-01
-2.503359037814126831e-01
-2.630040995778685220e-01
-2.756472834221745383e-01
-2.881842075316791152e-01
-3.005336241237306361e-01
-3.126142854156773176e-01
-3.243449436248674878e-01
-3.356443509686491966e-01
-3.464312596643710496e-01
-3.566244219293811524e-01
-3.661425899810278328e-01
-3.749045160366594187e-01
-3.828289523136242378e-01
-3.898346510292703959e-01
-3.958403644009463318e-01
-4.007880099132636875e-01
-4.047121661198879172e-01
-4.076705768417480669e-01
-4.097209858997731824e-01
-4.109211371148919212e-01
-4.113287743080332182e-01
-4.110016413001263413e-01
-4.099974819120998371e-01
-4.083740399648828623e-01
-4.061890592794042409e-01
-4.035002836765929635e-01
-4.003654569773780758e-01
-3.968423230026881798e-01
-3.929886255734524880e-01
-3.888621085105997688e-01
-3.845205156350591236e-01
-3.800215907677594318e-01
-3.754230777296295174e-01
-3.707827203415983708e-01
-3.661582624245949824e-01
-3.615967884544750155e-01
-3.571027455268001582e-01
-3.526699213920596043e-01
-3.482921038007423253e-01
-3.439630805033366268e-01
-3.396766392503317022e-01
-3.354265677922160793e-01
-3.312066538794786741e-01
-3.270106852626082361e-01
-3.228324496920936815e-01
-3.186657349184235932e-01
-3.145043286920871095e-01
-3.103420187635724803e-01
-3.061725928833690658e-01
-3.019898388019652269e-01
-2.977875442698500463e-01
-2.935594970375122181e-01
-2.892994848554404919e-01
-2.850012954741237281e-01
-2.806587166440507319e-01
-2.762674902665065990e-01
-2.718311748459622534e-01
-2.673552830376849099e-01
-2.628453274969417275e-01
-2.583068208790000320e-01
-2.537452758391269825e-01
-2.491662050325897937e-01
-2.445751211146557913e-01
-2.399775367405921067e-01
-2.353789645656659824e-01
-2.307849172451446607e-01
-2.262009074342954951e-01
-2.216324477883854505e-01
-2.170850509626820468e-01
-2.125642296124522768e-01
-2.080754963929634105e-01
-2.036243639594827737e-01
-1.992163449672775255e-01
-1.948569520716149361e-01
-1.905516979277622758e-01
-1.863051569275840369e-01
-1.821181504093348502e-01
-1.779905614478666243e-01
-1.739222731180312675e-01
-1.699131684946806609e-01
-1.659631306526667127e-01
-1.620720426668414427e-01
-1.582397876120567315e-01
-1.544662485631645987e-01
-1.507513085950167864e-01
-1.470948507824652862e-01
-1.434967582003620623e-01
-1.399569139235590232e-01
-1.364752010269080218e-01
-1.330515025852610500e-01
-1.296857016734699886e-01
-1.263776813663869403e-01
-1.231273247388635916e-01
-1.199345148657519344e-01
-1.167991348219039049e-01
-1.137210546587349713e-01
-1.107000923339147708e-01
-1.077360527816762087e-01
-1.048287409362524680e-01
-1.019779617318765930e-01
-9.918352010278175257e-02
-9.644522098320090775e-02
-9.376286930736717207e-02
-9.113627000951368684e-02
-8.856522802387345461e-02
-8.604954828467969996e-02
-8.358903572616530053e-02
-8.118349528256348091e-02
-7.883273188810725751e-02
-7.653655047702979941e-02
-7.429475598356406751e-02
-7.210715334194318926e-02
-6.997354748640026434e-02
-6.789374335116839243e-02
-6.586754587048065934e-02
-6.389463973200099067e-02
-6.197422863711695568e-02
-6.010539604064710911e-02
-5.828722539740995717e-02
-5.651880016222386727e-02
-5.479920378990740110e-02
-5.312751973527905791e-02
-5.150283145315733002e-02
-4.992422239836061953e-02
-4.839077602570748121e-02
-4.690157579001639349e-02
-4.545570514610580704e-02
-4.405224754879427662e-02
-4.269028645290021129e-02
-4.136890531324213111e-02
-4.008718758463851450e-02
-3.884421672190786767e-02
-3.763907617986864823e-02
-3.647084941333934155e-02
-3.533861987713843300e-02
-3.424149448378003419e-02
-3.317867397656065753e-02
-3.214938255647236537e-02
-3.115284442450732064e-02
-3.018828378165759607e-02
-2.925492482891535462e-02
-2.835199176727264819e-02
-2.747870879772160851e-02
-2.663430012125437077e-02
-2.581798993886305280e-02
-2.502900245153972039e-02
-2.426656186027650874e-02
-2.352989236606553569e-02
-2.281821816989890173e-02
-2.213076347276874897e-02
-2.146675247566714670e-02
-2.082540937958622315e-02
-2.020595838551810311e-02
-1.960762369445489747e-02
-1.902962950738868939e-02
-1.847124289363042890e-02
-1.793190239576626654e-02
-1.741108942470119547e-02
-1.690828539134019495e-02
-1.642297170658821304e-02
-1.595462978135024287e-02
-1.550274102653126547e-02
-1.506678685303626357e-02
-1.464624867177019736e-02
-1.424060789363804438e-02
-1.384934592954478912e-02
-1.347194419039540736e-02
-1.310788408709487318e-02
-1.275664703054816065e-02
-1.241771443166025252e-02
-1.209056770133612284e-02
-1.177468825048074569e-02
-1.146955748999910034e-02
-1.117465683079617821e-02
-1.088946768377692560e-02
-1.061351533307086474e-02
-1.034650055570561673e-02
-1.008816800193332829e-02
-9.838262322006149571e-03
-9.596528166176232499e-03
-9.362710184695735918e-03
-9.136553027816796124e-03
-8.917801345791578904e-03
-8.706199788872217085e-03
-8.501493007310866046e-03
-8.303425651359684634e-03
-8.111742371270810881e-03
-7.926187817296405369e-03
-7.746506639688612202e-03
-7.572443488699582420e-03
-7.403743014581470536e-03
-7.240149867586430192e-03
-7.081408697966596819e-03
-6.927264155974130998e-03
-6.777460891861180302e-03
-6.631768490327279338e-03
-6.490056273861496104e-03
-6.352218499400276962e-03
-6.218149423880077811e-03
-6.087743304237343278e-03
-5.960894397408530998e-03
-5.837496960330083862e-03
-5.717445249938452566e-03
-5.600633523170090410e-03
-5.486956036961444620e-03
-5.376307048248968497e-03
-5.268580813969111869e-03
-5.163671591058321964e-03
-5.061473636453058152e-03
-4.961881207089758120e-03
-4.864788559904876901e-03
-4.770089951834866927e-03
-4.677679639816176294e-03
-4.587451880785256564e-03
-4.499300931678556700e-03
-4.413131600192435507e-03
-4.328890897062878142e-03
-4.246536383785782208e-03
-4.166025621857032298e-03
-4.087316172772528615e-03
-4.010365598028160956e-03
-3.935131459119825190e-03
-3.861571317543413279e-03
-3.789642734794819359e-03
-3.719303272369937127e-03
-3.650510491764660283e-03
-3.583221954474883827e-03
-3.517395221996495822e-03
-3.452987855825392135e-03
-3.389957417457467766e-03
-3.328261468388614679e-03
-3.267857570114726575e-03
-3.208703284131695851e-03
-3.150756171935417942e-03
-3.093973795021785680e-03
-3.038317219997206230e-03
-2.983761533910130655e-03
-2.930285328919529121e-03
-2.877867197184367457e-03
-2.826485730863614529e-03
-2.776119522116239635e-03
-2.726747163101206871e-03
-2.678347245977485101e-03
-2.630898362904042324e-03
-2.584379106039847839e-03
-2.538768067543865307e-03
-2.494043839575063159e-03
-2.450185014292410261e-03
-2.407170183854872875e-03
-2.364977940421420302e-03
-2.323586876151018370e-03
-2.282975583202635078e-03
-2.243122653735238423e-03
-2.204006679907796404e-03
-2.165606253879274849e-03
-2.127901332324776389e-03
-2.090877329983947819e-03
-2.054521026112564926e-03
-2.018819199966410440e-03
-1.983758630801261882e-03
-1.949326097872900029e-03
-1.915508380437103923e-03
-1.882292257749652387e-03
-1.849664509066324897e-03
-1.817611913642900928e-03
-1.786121250735160388e-03
-1.755179299598883186e-03
-1.724772839489847496e-03
-1.694888649663834094e-03
-1.665513509376621154e-03
-1.636634197883990102e-03
-1.608237494441718462e-03
-1.580310178305585275e-03
-1.552839028731371751e-03
-1.525810824974856714e-03
-1.499212981818071272e-03
-1.473035456148056102e-03
-1.447268840378102862e-03
-1.421903726921502995e-03
-1.396930708191552063e-03
-1.372340376601537603e-03
-1.348123324564754529e-03
-1.324270144494493848e-03
-1.300771428804048087e-03
-1.277617769906709121e-03
-1.254799760215770128e-03
-1.232307992144522114e-03
-1.210133058106257391e-03
-1.188265550514269351e-03
-1.166696061781848570e-03
-1.145415184322287356e-03
-1.124413510548878236e-03
-1.103681632874913086e-03
-1.083210143713684648e-03
-1.062989635478484799e-03
-1.043010892538437069e-03
-1.023265467085992262e-03
-1.003745103269435652e-03
-9.844415452370468798e-04
-9.653465371371100284e-04
-9.464518231179088565e-04
-9.277491473277247377e-04
-9.092302539148416473e-04
-8.908868870275421514e-04
-8.727107908141087077e-04
-8.546937094228248578e-04
-8.368273870019742522e-04
-8.191035676998372882e-04
-8.015139956646984837e-04
-7.840504150448405129e-04
-7.667045699885461588e-04
-7.494682046440982043e-04
-7.323330631597797574e-04
-7.152908896838734926e-04
-6.983334283646629517e-04
-6.814524917978298166e-04
-6.646401663686581952e-04
-6.478886069098307695e-04
-6.311899682540315221e-04
-6.145364052339432432e-04
-5.979200726822496989e-04
-5.813331254316336794e-04
-5.647677183147790589e-04
-5.482160061643692782e-04
-5.316701438130866939e-04
-5.151222860936150718e-04
-4.985645878386376359e-04
-4.819892038808379353e-04
-4.653882890528991396e-04
-4.487539981875045812e-04
-4.320784861173375922e-04
-4.153539076750812882e-04
-3.985724176934200857e-04
-3.817261710050354195e-04
-3.648073224426116520e-04
-3.478091095712486434e-04
-3.307291008857149136e-04
-3.135659476131951308e-04
-2.963183009808742344e-04
-2.789848122159373266e-04
-2.615641325455693466e-04
-2.440549131969559928e-04
-2.264558053972807138e-04
-2.087654603737292892e-04
-1.909825293534867397e-04
-1.731056635637378421e-04
-1.551335142316677797e-04
-1.370647325844613835e-04
-1.188979698493036877e-04
-1.006318772533796045e-04
-8.226510602387502214e-05
-6.379630738797322648e-05
-4.522413257286003106e-05
-2.654723280572035156e-05
-7.764259313739178164e-06
1.112613667589847519e-05
3.012530393600768608e-05
4.923459123940344734e-05
6.845534735889997934e-05
8.778892106731393851e-05
1.072366611374595859e-04
1.267999163421519007e-04
1.464800354542059166e-04
1.662783672464366669e-04
1.861962604916591853e-04
2.062350639626876108e-04
2.263961264323396060e-04
2.466807966734267080e-04
2.670904234587675010e-04
2.876263555611732509e-04
3.082899417534628130e-04
3.290825308084476160e-04
3.500054714989442924e-04
3.710601125977699088e-04
3.922478028777356225e-04
