-1.783513538360301798e-01
-1.572737989235540867e-01
-1.373968155827628990e-01
-1.187014167946414539e-01
-1.011686155401748943e-01
-8.477942480034823813e-02
-6.951485755614662809e-02
-5.535592678855493637e-02
-4.228364547855838901e-02
-3.027902660714185470e-02
-1.932308315529047971e-02
-9.396828103989340875e-03
-4.812744342233949389e-04
7.442564873022272133e-03
1.439367683676262555e-02
2.039104847601261664e-02
2.545366680978719889e-02
2.960051885710127811e-02
3.285059163696994744e-02
3.522287216840803287e-02
3.673634747043052345e-02
3.741000456205240132e-02
3.726283046228863471e-02
3.631381219015408085e-02
3.458193676466380512e-02
3.208619120483274106e-02
2.884556252967580489e-02
2.487903775820794056e-02
2.020560390944420998e-02
1.484424800239944262e-02
8.813957056088696923e-03
2.133718089526846599e-03
-5.177481878271134041e-03
-1.310065582829024119e-02
-2.161681674151555432e-02
-3.070697759893210518e-02
-4.035215138152495329e-02
-5.053335107027911999e-02
-6.123158964617973071e-02
-7.242788009021171314e-02
-8.410323538336020310e-02
-9.623866850661022543e-02
-1.088151924409467425e-01
-1.218138201673548970e-01
-1.352155646668196376e-01
-1.490014389203261069e-01
-1.631524559088593229e-01
-1.776496286134043312e-01
-1.924739700149461219e-01
-2.076064930944698794e-01
-2.230282108329603719e-01
-2.387201362114029779e-01
-2.546632822107823824e-01
-2.708386618120841027e-01
-2.872272879962928238e-01
-3.038101737443935080e-01
-3.205683320373715617e-01
-3.374827758562116697e-01
-3.545345181818991831e-01
-3.717045719954188976e-01
-3.889739502777561087e-01
-4.063236660098955011e-01
-4.237347321728225924e-01
-4.411881617475218453e-01
-4.586649677149789439e-01
-4.761461630561786285e-01
-4.936127607521056393e-01
-5.110457737837456049e-01
-5.284262151320830991e-01
-5.457350977781034729e-01
-5.629534347027913554e-01
-5.800622388871322643e-01
-5.970425233121110509e-01
-6.138753223098472045e-01
-6.305437547158045941e-01
-6.470347438212856739e-01
-6.633356177983639190e-01
-6.794337048191124717e-01
-6.953163330556051402e-01
-7.109708306799147337e-01
-7.263845258641152824e-01
-7.415447467802797066e-01
-7.564388216004818144e-01
-7.710540784967945260e-01
-7.853778456412918718e-01
-7.993974512060469939e-01
-8.131002233631332565e-01
-8.264734902846239128e-01
-8.395045801425923271e-01
-8.521808211091125296e-01
-8.644895413562572184e-01
-8.764180690561002018e-01
-8.879537323807145111e-01
-8.990838595021741764e-01
-9.097957785925520069e-01
-9.200768178239218109e-01
-9.299143053683563975e-01
-9.392955693979301302e-01
-9.482079380847154848e-01
-9.566387396007863808e-01
-9.645753021182164044e-01
-9.720049538090781427e-01
-9.789150228454457370e-01
-9.852928373993925515e-01
-9.911257256429913953e-01
-9.964010157483165209e-01
-1.001106035887440848e+00
-1.005228114232437520e+00
-1.008754578955380898e+00
-1.011672758228343350e+00
-1.013973535325835007e+00
-1.015666496916284522e+00
-1.016767358664719900e+00
-1.017291839791272468e+00
-1.017255659516073552e+00
-1.016674537059253591e+00
-1.015564191640944136e+00
-1.013940342481275847e+00
-1.011818708800380051e+00
-1.009215009818387632e+00
-1.006144964755429916e+00
-1.002624292831637343e+00
-9.986687132671417944e-01
-9.942939452820737101e-01
-9.895157080965643059e-01
-9.843497209307446871e-01
-9.788117030047457368e-01
-9.729173735386987820e-01
-9.666824517527348171e-01
-9.601226568669846140e-01
-9.532537081015792779e-01
-9.460913246766502471e-01
-9.386512258123280716e-01
-9.309491307287441897e-01
-9.230007586460291513e-01
-9.148218287843145058e-01
-9.064280603637313583e-01
-8.978351726044102588e-01
-8.890588847264827566e-01
-8.801149159500792907e-01
-8.710189854953317434e-01
-8.617868125823705538e-01
-8.524341164313268271e-01
-8.429766162623315573e-01
-8.334300312955161827e-01
-8.238100807510114754e-01
-8.141322172284796155e-01
-8.044068954281450301e-01
-7.946401313131674637e-01
-7.848377865524527319e-01
-7.750057228149076494e-01
-7.651498017694383647e-01
-7.552758850849512484e-01
-7.453898344303532264e-01
-7.354975114745501141e-01
-7.256047778864486153e-01
-7.157174953349552116e-01
-7.058415254889762736e-01
-6.959827300174179499e-01
-6.861469705891870552e-01
-6.763401088731894051e-01
-6.665680065383320363e-01
-6.568365252535215415e-01
-6.471515266876635142e-01
-6.375188725096646580e-01
-6.279444243884316768e-01
-6.184340439928709410e-01
-6.089935929918887103e-01
-5.996289330543910223e-01
-5.903459258492849138e-01
-5.811504330454767553e-01
-5.720483163118726955e-01
-5.630454373173791049e-01
-5.541476577309027984e-01
-5.453608392213494804e-01
-5.366908434576264098e-01
-5.281435321086395129e-01
-5.197247668432951606e-01
-5.114404093304998344e-01
-5.032963212391602381e-01
-4.952983642381823537e-01
-4.874523999964727738e-01
-4.797642816952021327e-01
-4.722375655220588664e-01
-4.648704137086731580e-01
-4.576602150417565795e-01
-4.506043583080213133e-01
-4.437002322941789867e-01
-4.369452257869416156e-01
-4.303367275730208830e-01
-4.238721264391284160e-01
-4.175488111719760087e-01
-4.113641705582758989e-01
-4.053155933847394921e-01
-3.994004684380786374e-01
-3.936161845050055175e-01
-3.879601303722313155e-01
-3.824296948264684359e-01
-3.770222666544281731e-01
-3.717352346428230425e-01
-3.665659875783641719e-01
-3.615119142477634662e-01
-3.565704034377328857e-01
-3.517388439349842799e-01
-3.470146245262293871e-01
-3.423951339981800568e-01
-3.378777611375479717e-01
-3.334598947310450368e-01
-3.291389235653832124e-01
-3.249122364272740149e-01
-3.207772221034294602e-01
-3.167312693805611201e-01
-3.127717670453809551e-01
-3.088961038846008700e-01
-3.051016686849326587e-01
-3.013858502330878930e-01
-2.977460373157786444e-01
-2.941796187197167622e-01
-2.906839832316136518e-01
-2.872566335443336172e-01
-2.838958667250576773e-01
-2.806003181219267062e-01
-2.773686243330800716e-01
-2.741994219566573632e-01
-2.710913475907980597e-01
-2.680430378336416952e-01
-2.650531292833279151e-01
-2.621202585379959760e-01
-2.592430621957856340e-01
-2.564201768548362570e-01
-2.536502391132875456e-01
-2.509318855692789230e-01
-2.482637528209498401e-01
-2.456444774664399699e-01
-2.430726961038889300e-01
-2.405470453314358659e-01
-2.380661617472205338e-01
-2.356286819493825513e-01
-2.332332425360612860e-01
-2.308784801053962998e-01
-2.285630312555272103e-01
-2.262855325845934407e-01
-2.240446206907345250e-01
-2.218389321720901364e-01
-2.196671036267995314e-01
-2.175277716530024108e-01
-2.154195728488383088e-01
-2.133411438124466486e-01
-2.112911211419670754e-01
-2.092681414355390401e-01
-2.072708412913020770e-01
-2.052978573073956647e-01
-2.033478260819595318e-01
-2.014193842131329348e-01
-1.995111682990555191e-01
-1.976218346313351470e-01
-1.957506060432747941e-01
-1.938973432790018769e-01
-1.920619411129569909e-01
-1.902442943195806480e-01
-1.884442976733133879e-01
-1.866618459485960280e-01
-1.848968339198686639e-01
-1.831491563615721962e-01
-1.814187080481471370e-01
-1.797053837540339427e-01
-1.780090782536732641e-01
-1.763296863215056132e-01
-1.746671027319715852e-01
-1.730212222595117477e-01
-1.713919396785666960e-01
-1.697791497635768587e-01
-1.681827472889828867e-01
-1.666026270292253197e-01
-1.650386837587447253e-01
-1.634908122519816986e-01
-1.619589072833766963e-01
-1.604428636273704245e-01
-1.589425760584033398e-01
-1.574579393509160097e-01
-1.559888482793490572e-01
-1.545351976181429943e-01
-1.530968821417383885e-01
-1.516737966245757518e-01
-1.502658358410957073e-01
-1.488728945657388225e-01
-1.474948675729456371e-01
-1.461316496371567464e-01
-1.447831355328126346e-01
-1.434492200343539248e-01
-1.421297979162211289e-01
-1.408247639443285237e-01
-1.395339981852508904e-01
-1.382573358487040605e-01
-1.369946036181047266e-01
-1.357456281768696371e-01
-1.345102362084156233e-01
-1.332882543961594057e-01
-1.320795094235176770e-01
-1.308838279739072408e-01
-1.297010367307449008e-01
-1.285309623774473775e-01
-1.273734315974314191e-01
-1.262282710741138014e-01
-1.250953074909112728e-01
-1.239743675312406784e-01
-1.228652778785186417e-01
-1.217678652161619940e-01
-1.206819562275875113e-01
-1.196073775962118724e-01
-1.185439560054518948e-01
-1.174915181387243546e-01
-1.164498906794459721e-01
-1.154189003110335787e-01
-1.143983737169038534e-01
-1.133881375804735581e-01
-1.123880185851594965e-01
-1.113978434143783613e-01
-1.104174387515469841e-01
-1.094466312800820712e-01
-1.084852476834004265e-01
-1.075331146449188119e-01
-1.065900588480539202e-01
-1.056559069762226244e-01
-1.047304857128415478e-01
-1.038136217413275358e-01
-1.029051417450973227e-01
-1.020048724075676844e-01
-1.011126476163721200e-01
-1.002283689534545080e-01
-9.935197509121861115e-02
-9.848340508197782339e-02
-9.762259797804581640e-02
-9.676949283173598426e-02
-9.592402869536198473e-02
-9.508614462123730904e-02
-9.425577966167547617e-02
-9.343287286899007449e-02
-9.261736329549458135e-02
-9.180918999350258514e-02
-9.100829201532761870e-02
-9.021460841328317326e-02
-8.942807823968283720e-02
-8.864864054684011563e-02
-8.787623438706855528e-02
-8.711079881268170289e-02
-8.635227287599307744e-02
-8.560059562931623955e-02
-8.485570612496472209e-02
-8.411754341525209955e-02
-8.338604655249180764e-02
-8.266115458899742086e-02
-8.194280657708251370e-02
-8.123094156906064678e-02
-8.052549861724528357e-02
-7.982641677394999857e-02
-7.913363509148833852e-02
-7.844709262217383627e-02
-7.776672841832003857e-02
-7.709248153224045053e-02
-7.642429101624860499e-02
-7.576209592265807646e-02
-7.510583530378238393e-02
-7.445544821193504637e-02
-7.381087369942966603e-02
-7.317205081857970639e-02
-7.253891862169872806e-02
-7.191141616110031942e-02
-7.128948248909795782e-02
-7.067305665800518999e-02
-7.006207772013554880e-02
-6.945648472780259486e-02
-6.885621673331986103e-02
-6.826121278900086631e-02
-6.767141194715915742e-02
-6.708675326010826723e-02
-6.650717578016178411e-02
-6.593261855963315765e-02
-6.536302065083600399e-02
-6.479832110608380047e-02
-6.423845897769009383e-02
-6.368337331796848633e-02
-6.313300317923244143e-02
-6.258728761379551975e-02
-6.204616567397127497e-02
-6.150957641207322607e-02
-6.097745888041491286e-02
-6.044975213130986125e-02
-5.992639521707163880e-02
-5.940732719001375756e-02
-5.889248710244976426e-02
-5.838181400669323340e-02
-5.787524695505760070e-02
-5.737272499985654473e-02
-5.687418719340345263e-02
-5.637957258801198912e-02
-5.588882023599559684e-02
-5.540186918966789192e-02
-5.491865850134238641e-02
-5.443912722333253684e-02
-5.396321440795201485e-02
