-1.783513538360301798e-01
-1.758283462206345626e-01
-1.735582118354397074e-01
-1.715330635846998852e-01
-1.697450143726695893e-01
-1.681861771036030073e-01
-1.668486646817546604e-01
-1.657245900113787362e-01
-1.648060659967297281e-01
-1.640852055420618238e-01
-1.635541215516295444e-01
-1.632049269296871885e-01
-1.630297345804890274e-01
-1.630206574082895266e-01
-1.631698083173429292e-01
-1.634693002119037286e-01
-1.639112459962260848e-01
-1.644877585745644910e-01
-1.651909508511732738e-01
-1.660129357303067876e-01
-1.669458261162193591e-01
-1.679817349131653148e-01
-1.691127750253990647e-01
-1.703310593571749632e-01
-1.716287008127472813e-01
-1.729978122963704568e-01
-1.744305067122987885e-01
-1.759188969647866307e-01
-1.774550959580883658e-01
-1.790312165964583202e-01
-1.806393717841508484e-01
-1.822716744254203325e-01
-1.839202374245210991e-01
-1.855771736857074750e-01
-1.872345961132338699e-01
-1.888846176113545827e-01
-1.905193510843239402e-01
-1.921309094363963521e-01
-1.937114055718262284e-01
-1.952529523948677570e-01
-1.967476628097754032e-01
-1.981876497208034660e-01
-1.995650260322063552e-01
-2.008719046482383974e-01
-2.021003984731539749e-01
-2.032426204112073032e-01
-2.042906833666528754e-01
-2.052367002437450183e-01
-2.060727839467380584e-01
-2.067910473798863780e-01
-2.073836034474441925e-01
-2.078425650536660785e-01
-2.081600451028062237e-01
-2.083281564991190105e-01
-2.083390121468588208e-01
-2.081847249502800368e-01
-2.078574078136369296e-01
-2.073491736411838537e-01
-2.066538151990673366e-01
-2.057754921789063940e-01
-2.047223150586219287e-01
-2.035024020932732214e-01
-2.021238715379194140e-01
-2.005948416476197316e-01
-1.989234306774335104e-01
-1.971177568824199200e-01
-1.951859385176382966e-01
-1.931360938381477821e-01
-1.909763410990075738e-01
-1.887147985552770357e-01
-1.863595844620153097e-01
-1.839188170742816208e-01
-1.814006146471352776e-01
-1.788130954356354496e-01
-1.761643776948413898e-01
-1.734625796798123509e-01
-1.707158196456075583e-01
-1.679322158472862647e-01
-1.651198865399077231e-01
-1.622869499785311309e-01
-1.594415244182156854e-01
-1.565917281140207229e-01
-1.537456793210053851e-01
-1.509114962942289528e-01
-1.480972972887506789e-01
-1.453112005596297884e-01
-1.425612899475286188e-01
-1.398526509387832961e-01
-1.371850864098121403e-01
-1.345578615120825439e-01
-1.319702413970618715e-01
-1.294214912162175712e-01
-1.269108761210170355e-01
-1.244376612629276568e-01
-1.220011117934168554e-01
-1.196004928639520098e-01
-1.172350696260005543e-01
-1.149041072310298534e-01
-1.126068708305072719e-01
-1.103426255759002994e-01
-1.081106366186764117e-01
-1.059101691103027515e-01
-1.037404882022468916e-01
-1.016008590459762384e-01
-9.949054679295823989e-02
-9.740881659466013587e-02
-9.535493360254944373e-02
-9.332816296809352818e-02
-9.132776984275982335e-02
-8.935301937801572170e-02
-8.740317672532861570e-02
-8.547750703616589785e-02
-8.357527546199494672e-02
-8.169574715428327971e-02
-7.983818726449813663e-02
-7.800192537440016338e-02
-7.618692402894962357e-02
-7.439350503642148948e-02
-7.262199432862921633e-02
-7.087271783738649522e-02
-6.914600149450697564e-02
-6.744217123180419604e-02
-6.576155298109186143e-02
-6.410447267418352413e-02
-6.247125624289279200e-02
-6.086222961903331452e-02
-5.927771873441874811e-02
-5.771804952086258961e-02
-5.618354791017856481e-02
-5.467453983418021912e-02
-5.319135122468121590e-02
-5.173430801349516994e-02
-5.030373613243566827e-02
-4.889996151331633262e-02
-4.752331008795078471e-02
-4.617410778815266015e-02
-4.485268054573553209e-02
-4.355935429251305696e-02
-4.229445496029880791e-02
-4.105830848090643442e-02
-3.985124078614957210e-02
-3.867357780784178717e-02
-3.752564547779670134e-02
-3.640776929908854515e-02
-3.532005697516578391e-02
-3.426204469982895712e-02
-3.323317605916385059e-02
-3.223289463925618076e-02
-3.126064402619169874e-02
-3.031586780605608974e-02
-2.939800956493510489e-02
-2.850651288891447102e-02
-2.764082136407992538e-02
-2.680037857651720173e-02
-2.598462811231199918e-02
-2.519301355755007230e-02
-2.442497849831714793e-02
-2.367996652069898414e-02
-2.295742121078124531e-02
-2.225678615464969992e-02
-2.157750493839006786e-02
-2.091902114808808985e-02
-2.028077836982949966e-02
-1.966222018969999985e-02
-1.906279019378533460e-02
-1.848193196817123421e-02
-1.791908909894343246e-02
-1.737370517218764926e-02
-1.684522377398962531e-02
-1.633308849043507011e-02
-1.583674290760973824e-02
-1.535563061159934094e-02
-1.488920312375121256e-02
-1.443704525300997486e-02
-1.399885240602885723e-02
-1.357432333714959395e-02
-1.316315680071389327e-02
-1.276505155106348946e-02
-1.237970634254010639e-02
-1.200681992948548008e-02
-1.164609106624131529e-02
-1.129721850714934805e-02
-1.095990100655130743e-02
-1.063383731878890688e-02
-1.031872619820389109e-02
-1.001426639913796136e-02
-9.720156675932857190e-03
-9.436095782930300699e-03
-9.161782474472020960e-03
-8.896915504899731431e-03
-8.641193628555168121e-03
-8.394315599780049694e-03
-8.155980172916110424e-03
-7.925886102305065503e-03
-7.703732142288642268e-03
-7.489217047208568921e-03
-7.282039571406566728e-03
-7.081898469224364757e-03
-6.888492495003685143e-03
-6.701520403086260423e-03
-6.520680947813804924e-03
-6.345699161167167937e-03
-6.176405185683680500e-03
-6.012655441539796475e-03
-5.854306348911967987e-03
-5.701214327976645430e-03
-5.553235798910282663e-03
-5.410227181889329211e-03
-5.272044897090244139e-03
-5.138545364689469166e-03
-5.009585004863459888e-03
-4.885020237788670165e-03
-4.764707483641549522e-03
-4.648503162598551820e-03
-4.536263694836130921e-03
-4.427845500530732878e-03
-4.323104999858815023e-03
-4.221898612996832952e-03
-4.124082760121227514e-03
-4.029513861408456910e-03
-3.938048337034974131e-03
-3.849542607177227835e-03
-3.763853092011673184e-03
-3.680836211714761438e-03
-3.600348386462942987e-03
-3.522246036432671260e-03
-3.446385581800400551e-03
-3.372623442742577783e-03
-3.300816039435656817e-03
-3.230821217479458527e-03
-3.162543914238403597e-03
-3.095945820044339845e-03
-3.030992004010435361e-03
-2.967647535249855629e-03
-2.905877482875768303e-03
-2.845646916001334532e-03
-2.786920903739722403e-03
-2.729664515204099137e-03
-2.673842819507628917e-03
-2.619420885763479399e-03
-2.566363783084814765e-03
-2.514636580584802238e-03
-2.464204347376607734e-03
-2.415032152573398476e-03
-2.367085065288337346e-03
-2.320328154634590263e-03
-2.274726489725325315e-03
-2.230245139673707553e-03
-2.186849173592902464e-03
-2.144503660596076833e-03
-2.103173669796396580e-03
-2.062824270307025889e-03
-2.023420531241135450e-03
-1.984927521711885110e-03
-1.947310310832443174e-03
-1.910533967715976863e-03
-1.874563561475650793e-03
-1.839364161224630667e-03
-1.804903170446835094e-03
-1.771162398719758552e-03
-1.738129145715071886e-03
-1.705790721911719203e-03
-1.674134437788640057e-03
-1.643147603824778556e-03
-1.612817530499078373e-03
-1.583131528290480797e-03
-1.554076907677929718e-03
-1.525640979140367292e-03
-1.497811053156736325e-03
-1.470574440205979407e-03
-1.443918450767041079e-03
-1.417830395318860895e-03
-1.392297584340382744e-03
-1.367307328310550518e-03
-1.342846937708305505e-03
-1.318903723012591596e-03
-1.295464994702350730e-03
-1.272518063256525929e-03
-1.250050239154059566e-03
-1.228048832873895966e-03
-1.206501154894975550e-03
-1.185394515696241990e-03
-1.164716225756638095e-03
-1.144453595555106019e-03
-1.124593935570589653e-03
-1.105124556282031153e-03
-1.086032793937874224e-03
-1.067308229954355573e-03
-1.048944401366143017e-03
-1.030935247856364090e-03
-1.013274709108143070e-03
-9.959567248046070562e-04
-9.789752346288816288e-04
-9.623241782640922599e-04
-9.459974953933651806e-04
-9.299891256998257544e-04
-9.142930088666012967e-04
-8.989030845768153279e-04
-8.838132925135950549e-04
-8.690175723600660580e-04
-8.545098637993542431e-04
-8.402841065145850823e-04
-8.263342401888848065e-04
-8.126542045053792131e-04
-7.992379391471944247e-04
-7.860793837974558050e-04
-7.731724781392891512e-04
-7.605111618558205860e-04
-7.480893746301754731e-04
-7.359010561454801518e-04
-7.239401460848602027e-04
-7.122005841314416399e-04
-7.006763099683503693e-04
-6.893612632787116459e-04
-6.782493837456524599e-04
-6.673347935730096102e-04
-6.566134080480969491e-04
-6.460821601937190468e-04
-6.357379947140056513e-04
-6.255778563130867274e-04
-6.155986896950920231e-04
-6.057974395641516118e-04
-5.961710506243952414e-04
-5.867164675799533104e-04
-5.774306351349550248e-04
-5.683104979935303495e-04
-5.593530008598092493e-04
-5.505550884379217975e-04
-5.419137054319979590e-04
-5.334257965461670480e-04
-5.250883064845595716e-04
-5.168981799513053862e-04
-5.088523616505341313e-04
-5.009477962863755551e-04
-4.931814285629598392e-04
-4.855502031844165689e-04
-4.780510648548759261e-04
-4.706809582784677128e-04
-4.634368281593217315e-04
-4.563156192015680552e-04
-4.493142761093367032e-04
-4.424297435867569897e-04
-4.356589663379592048e-04
-4.289988898634952154e-04
-4.224468642464401335e-04
-4.160013012007793146e-04
-4.096607844677120939e-04
-4.034238977884384574e-04
-3.972892249041577945e-04
-3.912553495560701453e-04
-3.853208554853746826e-04
-3.794843264332713921e-04
-3.737443461409597719e-04
-3.680994983496394825e-04
-3.625483668005103472e-04
-3.570895352347719723e-04
-3.517215873936239642e-04
-3.464431070182659835e-04
-3.412526778498979076e-04
-3.361488836297190719e-04
-3.311303080989291912e-04
-3.261955349987281970e-04
-3.213431480703154248e-04
-3.165717310548906436e-04
-3.118798676936536222e-04
-3.072661417278039131e-04
-3.027291368985411766e-04
-2.982674369470653987e-04
-2.938796256145757521e-04
-2.895642866422720599e-04
-2.853200037713539286e-04
-2.811453607430212899e-04
-2.770389412984735331e-04
-2.729993291789105901e-04
-2.690251081255316877e-04
-2.651148618795369201e-04
-2.612671741821259480e-04
-2.574806287744981067e-04
-2.537538093978531110e-04
-2.500852997933908383e-04
-2.464736837023107866e-04
-2.429175448658126707e-04
-2.394154670250962054e-04
-2.359660339213609970e-04
-2.325678292958068688e-04
-2.292194368896331019e-04
-2.259194404440396551e-04
-2.226664237002261076e-04
-2.194589703993921471e-04
-2.162956642827374072e-04
-2.131750890914615212e-04
-2.100958285667643667e-04
-2.070564664498451704e-04
-2.040555864819041082e-04
-2.010917724041403254e-04
-1.981636079577540248e-04
-1.952696768839442978e-04
-1.924085629239114014e-04
-1.895788498188546436e-04
-1.867791213099735225e-04
-1.840079611384681595e-04
