-1.783513538360301798e-01
-1.821526652228749876e-01
-1.857096854484568405e-01
-1.890271504392299351e-01
-1.921097961216490235e-01
-1.949623584221681083e-01
-1.975895732672420246e-01
-1.999961765833248861e-01
-2.021869042968713059e-01
-2.041664923343354532e-01
-2.059396766221720798e-01
-2.075111930868354104e-01
-2.088857776547798362e-01
-2.100681662524598592e-01
-2.110630948063298151e-01
-2.118752992428442894e-01
-2.125095154884573956e-01
-2.129704794696238856e-01
-2.132629271127979564e-01
-2.133915943444340824e-01
-2.133612170909867933e-01
-2.131765312789103139e-01
-2.128422728346592019e-01
-2.123631776846878483e-01
-2.117439817554506165e-01
-2.109894209734020087e-01
-2.101042312649963606e-01
-2.090931485566880632e-01
-2.079609087749317020e-01
-2.067122478461815294e-01
-2.053519016968920752e-01
-2.038846062535176473e-01
-2.023150974425127480e-01
-2.006481111903317960e-01
-1.988883834234291548e-01
-1.970406500682592710e-01
-1.951096470512765635e-01
-1.931001102989353957e-01
-1.910167757376903253e-01
-1.888643792939956045e-01
-1.866476568943057357e-01
-1.843713444650751931e-01
-1.820401779327582847e-01
-1.796588932238094849e-01
-1.772322262646832403e-01
-1.747649129818338587e-01
-1.722616893017158701e-01
-1.697272911507836657e-01
-1.671664544554916365e-01
-1.645839151422942293e-01
-1.619844091376457795e-01
-1.593726723680007895e-01
-1.567534407598137058e-01
-1.541314502395388364e-01
-1.515114367336306556e-01
-1.488981361685436933e-01
-1.462962844707321741e-01
-1.437106175666506280e-01
-1.411453923116758047e-01
-1.386019090716170687e-01
-1.360803415080827639e-01
-1.335808610647595263e-01
-1.311036391853338812e-01
-1.286488473134924648e-01
-1.262166568929218580e-01
-1.238072393673087246e-01
-1.214207661803396732e-01
-1.190574087757012844e-01
-1.167173385970802085e-01
-1.144007270881629429e-01
-1.121077456926362209e-01
-1.098385658541865678e-01
-1.075933590165006476e-01
-1.053722966232650271e-01
-1.031755501181663287e-01
-1.010032909448911193e-01
-9.885569054712610437e-02
-9.673292036855782317e-02
-9.463515185287288412e-02
-9.256255644375795122e-02
-9.051530558489953582e-02
-8.849357071998434354e-02
-8.649752329269889961e-02
-8.452733474672985414e-02
-8.258317652576382950e-02
-8.066522007348740642e-02
-7.877363649013863212e-02
-7.690856695299874701e-02
-7.507009991999330500e-02
-7.325831848266392554e-02
-7.147330573255218644e-02
-6.971514476119970716e-02
-6.798391866014810714e-02
-6.627971052093901971e-02
-6.460260343511400882e-02
-6.295268049421470780e-02
-6.133002478978273608e-02
-5.973471941335967150e-02
-5.816684745648715432e-02
-5.662649201070675542e-02
-5.511373616756019833e-02
-5.362866301858892903e-02
-5.217135565533465719e-02
-5.074189716933896754e-02
-4.934037065214351425e-02
-4.796685919528982656e-02
-4.662144589031957248e-02
-4.530421382877433678e-02
-4.401524610219573891e-02
-4.275462580212541219e-02
-4.152243602010493445e-02
-4.031875984767591126e-02
-3.914368037637996206e-02
-3.799728069775873407e-02
-3.687964390335377735e-02
-3.579081819424348443e-02
-3.473050900759513948e-02
-3.369822723135298959e-02
-3.269348152047153039e-02
-3.171578052990531305e-02
-3.076463291460891647e-02
-2.983954732953685712e-02
-2.894003242964371392e-02
-2.806559686988399291e-02
-2.721574930521225219e-02
-2.638999839058305680e-02
-2.558785278095095789e-02
-2.480882113127046498e-02
-2.405241209649615006e-02
-2.331813433158254692e-02
-2.260549649148422061e-02
-2.191400723115571880e-02
-2.124317520555155797e-02
-2.059250906962630315e-02
-1.996151747833450549e-02
-1.934970908663071962e-02
-1.875659254946946547e-02
-1.818167652180530114e-02
-1.762446965859276737e-02
-1.708448061478643268e-02
-1.656121804534083433e-02
-1.605419060521049920e-02
-1.556290694934999233e-02
-1.508687581661287240e-02
-1.462564856655507520e-02
-1.417888839612663036e-02
-1.374627662446601360e-02
-1.332749457071168500e-02
-1.292222355400212894e-02
-1.253014489347577601e-02
-1.215093990827110192e-02
-1.178428991752656328e-02
-1.142987624038063234e-02
-1.108738019597177438e-02
-1.075648310343843214e-02
-1.043686628191908307e-02
-1.012821105055218551e-02
-9.830198728476213441e-03
-9.542510634829606125e-03
-9.264828088750837534e-03
-8.996832409378371226e-03
-8.738204915850669025e-03
-8.488626927306194489e-03
-8.247779762883407709e-03
-8.015344741720765304e-03
-7.791003182956737771e-03
-7.574436405729786936e-03
-7.365325729178372888e-03
-7.163352472440953980e-03
-6.968197954655996375e-03
-6.779543494961968834e-03
-6.597070412497321908e-03
-6.420465617008327443e-03
-6.249509922981724350e-03
-6.084062064000531761e-03
-5.923983132185439530e-03
-5.769134219657123634e-03
-5.619376418536280865e-03
-5.474570820943589801e-03
-5.334578518999744633e-03
-5.199260604825422204e-03
-5.068478170541314103e-03
-4.942092308268106714e-03
-4.819964110126483819e-03
-4.701954668237137008e-03
-4.587925074720745726e-03
-4.477736421697998959e-03
-4.371249801289583091e-03
-4.268326305616186242e-03
-4.168827026798489592e-03
-4.072613056957184730e-03
-3.979545488212954570e-03
-3.889485412686487665e-03
-3.802293922498467798e-03
-3.717832109769580919e-03
-3.635961066620515582e-03
-3.556541885171956435e-03
-3.479435657544590731e-03
-3.404503475859104421e-03
-3.331606432236185189e-03
-3.260605618796516818e-03
-3.191379248397250949e-03
-3.123874016841416724e-03
-3.058053740668502472e-03
-2.993882236418003023e-03
-2.931323320629408442e-03
-2.870340809842210524e-03
-2.810898520595901933e-03
-2.752960269429975335e-03
-2.696489872883920356e-03
-2.641451147497228796e-03
-2.587807909809394617e-03
-2.535523976359908317e-03
-2.484563163688261692e-03
-2.434889288333947407e-03
-2.386466166836455956e-03
-2.339257615735280873e-03
-2.293227451569915688e-03
-2.248339490879846560e-03
-2.204557550204569623e-03
-2.161845446083575806e-03
-2.120166995056356474e-03
-2.079486013662403422e-03
-2.039766318441210181e-03
-2.000971725932266382e-03
-1.963066052675065121e-03
-1.926013115209099930e-03
-1.889776730073858919e-03
-1.854320713808835838e-03
-1.819609195622048968e-03
-1.785616634363209167e-03
-1.752329937721509119e-03
-1.719736754526355379e-03
-1.687824733607151033e-03
-1.656581523793302637e-03
-1.625994773914212627e-03
-1.596052132799286689e-03
-1.566741249277930296e-03
-1.538049772179547400e-03
-1.509965350333543257e-03
-1.482475632569322252e-03
-1.455568267716289641e-03
-1.429230904603849594e-03
-1.403451192061408231e-03
-1.378216778918369073e-03
-1.353515314004136074e-03
-1.329334446148115788e-03
-1.305661824179711519e-03
-1.282485096928329170e-03
-1.259791913223373130e-03
-1.237569921894247568e-03
-1.215806771770358173e-03
-1.194490111681110632e-03
-1.173607590455907164e-03
-1.153146856924153456e-03
-1.133095559915255198e-03
-1.113441348258616126e-03
-1.094171870783641493e-03
-1.075275426001717945e-03
-1.056744321804237857e-03
-1.038572394038367016e-03
-1.020753481559057282e-03
-1.003281423221258351e-03
-9.861500578799242515e-04
-9.693532243900056548e-04
-9.528847616064544225e-04
-9.367385083842220917e-04
-9.209083035782609583e-04
-9.053879860435223425e-04
-8.901713946349579980e-04
-8.752523682075204377e-04
-8.606247456161600059e-04
-8.462823657158291069e-04
-8.322190673614796030e-04
-8.184286894080629229e-04
-8.049050707105311455e-04
-7.916420501238356994e-04
-7.786334665029285554e-04
-7.658731587027612503e-04
-7.533549655782861886e-04
-7.410727259844539314e-04
-7.290202787762168832e-04
-7.171914628085265808e-04
-7.055801169363349950e-04
-6.941800800145936628e-04
-6.829851908982543379e-04
-6.719893007680662750e-04
-6.611873346898885801e-04
-6.505761097394978029e-04
-6.401526355832592606e-04
-6.299139218875362102e-04
-6.198569783186940775e-04
-6.099788145430964448e-04
-6.002764402271075451e-04
-5.907468650370918282e-04
-5.813870986394136355e-04
-5.721941507004376336e-04
-5.631650308865268628e-04
-5.542967488640463151e-04
-5.455863142993601150e-04
-5.370307368588328207e-04
-5.286270262088281231e-04
-5.203721920157106887e-04
-5.122632439458449675e-04
-5.042971916655947587e-04
-4.964710448413245120e-04
-4.887818131393983521e-04
-4.812265062261807287e-04
-4.738021337680356037e-04
-4.665057054313273728e-04
-4.593342308824204315e-04
-4.522847197876789585e-04
-4.453541818134671868e-04
-4.385396266261491326e-04
-4.318380638920898420e-04
-4.252465892260292430e-04
-4.187631425995600376e-04
-4.123861432324223879e-04
-4.061140158450526547e-04
-3.999451851578871443e-04
-3.938780758913621631e-04
-3.879111127659140177e-04
-3.820427205019790145e-04
-3.762713238199936225e-04
-3.705953474403937686e-04
-3.650132160836159221e-04
-3.595233544700963892e-04
-3.541241873202714764e-04
-3.488141393545775987e-04
-3.435916352934508455e-04
-3.384550998573276860e-04
-3.334029577666443723e-04
-3.284336337418373194e-04
-3.235455525033427253e-04
-3.187371387715966795e-04
-3.140068172670357053e-04
-3.093530127100961092e-04
-3.047741498212142518e-04
-3.002686533208262227e-04
-2.958349479293685452e-04
-2.914714583672775800e-04
-2.871766093549893081e-04
-2.829488256129403072e-04
-2.787865322163486257e-04
-2.746883344697450147e-04
-2.706533106022122295e-04
-2.666806154757690251e-04
-2.627694039524342104e-04
-2.589188308942263236e-04
-2.551280511631644991e-04
-2.513962196212670037e-04
-2.477224911305527010e-04
-2.441060205530405896e-04
-2.405459627507490180e-04
-2.370414725856970391e-04
-2.335917049199032723e-04
-2.301958146153863642e-04
-2.268529565341652050e-04
-2.235622855382585227e-04
-2.203229564896849366e-04
-2.171341242504632287e-04
-2.139949436826121267e-04
-2.109045696481503585e-04
-2.078621570090966519e-04
-2.048668606274698430e-04
-2.019178353652884971e-04
-1.990142360845715316e-04
-1.961552176473377285e-04
-1.933399349156055718e-04
-1.905675427513938704e-04
-1.878371960167213794e-04
-1.851480495736069077e-04
-1.824992582840691561e-04
-1.798899770101268795e-04
-1.773193606137986973e-04
-1.747865639571034727e-04
-1.722907419020599878e-04
-1.698310493106868076e-04
-1.674066410450027415e-04
-1.650166719670265441e-04
-1.626602969387768620e-04
-1.603366708222725586e-04
-1.580449484795323615e-04
-1.557842847725749173e-04
-1.535538345634191435e-04
-1.513527527140834698e-04
-1.491801940865868407e-04
-1.470353135429479298e-04
-1.449172659451854921e-04
-1.428252061553183096e-04
-1.407582890353650557e-04
-1.387156694473445397e-04
-1.366965022532752724e-04
-1.346999423151763612e-04
-1.327251444950661001e-04
-1.307712636549637048e-04
-1.288374546568874152e-04
-1.269228723628564742e-04
-1.250266716348893113e-04
-1.231480073350045459e-04
-1.212860343252212311e-04
