-1.783513538360301798e-01
-1.866519684235731780e-01
-1.938305932333897197e-01
-1.999286017444421582e-01
-2.049873674356930409e-01
-2.090482637861047488e-01
-2.121526642746395797e-01
-2.143419423802602475e-01
-2.156574715819289390e-01
-2.161406253586082016e-01
-2.158327771892604718e-01
-2.147753005528480752e-01
-2.130095689283335592e-01
-2.105769557946792214e-01
-2.075188346308476650e-01
-2.038765789158011044e-01
-1.996915621285021147e-01
-1.950051577479131604e-01
-1.898587392529965112e-01
-1.842936801227147148e-01
-1.783513538360301798e-01
-1.720731338719053427e-01
-1.655003937093026400e-01
-1.586745068271844528e-01
-1.516368467045132729e-01
-1.444287868202514258e-01
-1.370917006533614313e-01
-1.296669616828057259e-01
-1.221959433875466766e-01
-1.147200192465467616e-01
-1.072805627387683758e-01
-9.991894734317401106e-02
-9.267654653872602066e-02
-8.559473380438682721e-02
-7.871488261911892270e-02
-7.207836646188471585e-02
-6.572655881164661540e-02
-5.970083314736708557e-02
-5.404256294800850041e-02
-4.879312169253332415e-02
-4.399388285990400022e-02
-3.967476861652952103e-02
-3.581989587860515828e-02
-3.240193024977279512e-02
-2.939353733367428695e-02
-2.676738273395150650e-02
-2.449613205424630916e-02
-2.255245089820057114e-02
-2.090900486945614437e-02
-1.953845957165490158e-02
-1.841348060843872245e-02
-1.750673358344944155e-02
-1.679088410032895592e-02
-1.623859776271910013e-02
-1.582254017426175385e-02
-1.551537693859879156e-02
-1.528977365937206345e-02
-1.511839594022343879e-02
-1.497390938479478337e-02
-1.482897959672795953e-02
-1.465627217966483480e-02
-1.443376036769030563e-02
-1.416064791666133207e-02
-1.384144621287794301e-02
-1.348066664264012914e-02
-1.308282059224789677e-02
-1.265241944800125570e-02
-1.219397459620020184e-02
-1.171199742314474497e-02
-1.121099931513488794e-02
-1.069549165847064054e-02
-1.016998583945199694e-02
-9.638993244378975603e-03
-9.107025259551563764e-03
-8.578593271269785089e-03
-8.058208665833623344e-03
-7.550382829543098723e-03
-7.059627148698215809e-03
-6.590453009598967911e-03
-6.147371798545371753e-03
-5.734894901837421510e-03
-5.356470834059010554e-03
-5.011296622929536232e-03
-4.697506424452287284e-03
-4.413234394630542907e-03
-4.156614689467593576e-03
-3.925781464966717621e-03
-3.718868877131200311e-03
-3.534011081964331252e-03
-3.369342235469388342e-03
-3.222996493649658151e-03
-3.093108012508424647e-03
-2.977810948048973533e-03
-2.875239456274584441e-03
-2.783527693188546977e-03
-2.700809814794140774e-03
-2.625219977094651966e-03
-2.554892336093365392e-03
-2.487961047793564150e-03
-2.422560268198532211e-03
-2.356824153311555710e-03
-2.289245531271076693e-03
-2.219751918756185990e-03
-2.148629504581133810e-03
-2.076164477560170363e-03
-2.002643026507543254e-03
-1.928351340237503342e-03
-1.853575607564302355e-03
-1.778602017302188332e-03
-1.703716758265414084e-03
-1.629206019268225484e-03
-1.555355989124874473e-03
-1.482452856649611045e-03
-1.410782810656686492e-03
-1.340632039960347553e-03
-1.272286733374846388e-03
-1.206033079714432122e-03
-1.142157267793356698e-03
-1.080945486425867290e-03
-1.022683924426214539e-03
-9.676587706086493042e-04
-9.160816464201240392e-04
-8.678659038384061363e-04
-8.228503274739625223e-04
-7.808737019372631594e-04
-7.417748118387774677e-04
-7.053924417889750843e-04
-6.715653763983240199e-04
-6.401324002772935864e-04
-6.109322980363530954e-04
-5.838038542859720756e-04
-5.585858536366199471e-04
-5.351170806987645039e-04
-5.132363200828758167e-04
-4.927823563994227635e-04
-4.735939742588749814e-04
-4.555099582717005895e-04
-4.383690930483693875e-04
-4.220101631993504704e-04
-4.062719533351128788e-04
-3.909932480661260329e-04
-3.760408431043453016e-04
-3.613935785676737514e-04
-3.470583056755012106e-04
-3.330418756472177245e-04
-3.193511397022119830e-04
-3.059929490598743565e-04
-2.929741549395943482e-04
-2.803016085607621115e-04
-2.679821611427664449e-04
-2.560226639049974478e-04
-2.444299680668450027e-04
-2.332109248476983959e-04
-2.223723854669477809e-04
-2.119212011439823898e-04
-2.018642230981920239e-04
-1.922083025489664031e-04
-1.829602907156954099e-04
-1.741270388177683034e-04
-1.657153980745749934e-04
-1.577322197055050913e-04
-1.501803072258054805e-04
-1.430462733341513728e-04
-1.363126830250748725e-04
-1.299621012931084362e-04
-1.239770931327842493e-04
-1.183402235386348499e-04
-1.130340575051922878e-04
-1.080411600269889384e-04
-1.033440960985571228e-04
-9.892543071442925693e-05
-9.476772886913744493e-05
-9.085355555721406212e-05
-8.716547577319142957e-05
-8.368605451160185480e-05
-8.039785676697767242e-05
-7.728344753385108152e-05
-7.432539180675443028e-05
-7.150625458022006687e-05
-6.880860084878029879e-05
-6.621499560696732516e-05
-6.371063249772578269e-05
-6.129121975764929972e-05
-5.895509427174379315e-05
-5.670059292501522053e-05
-5.452605260246937000e-05
-5.242981018911221946e-05
-5.041020256994965191e-05
-4.846556662998763846e-05
-4.659423925423199437e-05
-4.479455732768866362e-05
-4.306485773536353602e-05
-4.140347736226256912e-05
-3.980875309339161882e-05
-3.827902181375658169e-05
-3.681262040836339496e-05
-3.540788576221796198e-05
-3.406315476032617930e-05
-3.277676428769395027e-05
-3.154705122932725277e-05
-3.037235247023186479e-05
-2.925095931444806558e-05
-2.818098074215337042e-05
-2.716048015255957562e-05
-2.618752094487849445e-05
-2.526016651832193338e-05
-2.437648027210174634e-05
-2.353452560542969915e-05
-2.273236591751765927e-05
-2.196806460757737221e-05
-2.123968507482068172e-05
-2.054529071845941123e-05
-1.988294493770537060e-05
-1.925071113177035615e-05
-1.864665269986620486e-05
-1.806883304120471983e-05
-1.751531555499771431e-05
-1.698416364045702529e-05
-1.647344069679442536e-05
-1.598121012322174133e-05
-1.550553531895080002e-05
-1.504474720594658490e-05
-1.459824679718682802e-05
-1.416570262840241981e-05
-1.374678323532427100e-05
-1.334115715368328555e-05
-1.294849291921038099e-05
-1.256845906763643079e-05
-1.220072413469235585e-05
-1.184495665610905845e-05
-1.150082516761743407e-05
-1.116799820494839515e-05
-1.084614430383284736e-05
-1.053493200000168111e-05
-1.023402982918582577e-05
-9.943106327116153111e-06
-9.661830029523580665e-06
-9.389869472139014084e-06
-9.126893190693348865e-06
-8.872569720917497442e-06
-8.626567598542358699e-06
-8.388572831962772216e-06
-8.158341320229306489e-06
-7.935646435056469016e-06
-7.720261548158748662e-06
-7.511960031250654619e-06
-7.310515256046693540e-06
-7.115700594261366993e-06
-6.927289417609174856e-06
-6.745055097804622085e-06
-6.568771006562211097e-06
-6.398210515596446004e-06
-6.233146996621832610e-06
-6.073353821352865709e-06
-5.918604361504047717e-06
-5.768671988789886980e-06
-5.623330074924885916e-06
-5.482351991623544399e-06
-5.345511110600365693e-06
-5.212580803569854758e-06
-5.083334442246514008e-06
-4.957570922454566112e-06
-4.835191236457088483e-06
-4.716121900626890643e-06
-4.600289431336773645e-06
-4.487620344959543622e-06
-4.378041157868003321e-06
-4.271478386434954640e-06
-4.167858547033202868e-06
-4.067108156035550749e-06
-3.969153729814806113e-06
-3.873921784743764930e-06
-3.781338837195233756e-06
-3.691331403542015338e-06
-3.603826000156914117e-06
-3.518749143412734109e-06
-3.436027349682278484e-06
-3.355587135338349564e-06
-3.277355016753753483e-06
-3.201257510301292988e-06
-3.127221132353768707e-06
-3.055177024433359495e-06
-2.985074828659741441e-06
-2.916868812301962929e-06
-2.850513242629073192e-06
-2.785962386910121463e-06
-2.723170512414157821e-06
-2.662091886410231922e-06
-2.602680776167389187e-06
-2.544891448954682660e-06
-2.488678172041158609e-06
-2.433995212695867536e-06
-2.380796838187859522e-06
-2.329037315786181257e-06
-2.278670912759885362e-06
-2.229651896378018105e-06
-2.181934533909632106e-06
-2.135473092623771093e-06
-2.090221839789487685e-06
-2.046135042675830692e-06
-2.003166968551848923e-06
-1.961275788460838033e-06
-1.920435288543078949e-06
-1.880623158713097115e-06
-1.841817088885420516e-06
-1.803994768974578831e-06
-1.767133888895092635e-06
-1.731212138561493299e-06
-1.696207207888306056e-06
-1.662096786790058257e-06
-1.628858565181276616e-06
-1.596470232976488271e-06
-1.564909480090219936e-06
-1.534153996436998114e-06
-1.504181471931351427e-06
-1.474969596487804258e-06
-1.446496060020884170e-06
-1.418738552445118724e-06
-1.391674763675033788e-06
-1.365282383625157136e-06
-1.339539102210015693e-06
-1.314424144025190109e-06
-1.289922872390481012e-06
-1.266022185306744871e-06
-1.242708980774833706e-06
-1.219970156795603352e-06
-1.197792611369910064e-06
-1.176163242498606288e-06
-1.155068948182548916e-06
-1.134496626422592087e-06
-1.114433175219590787e-06
-1.094865492574400003e-06
-1.075780476487875144e-06
-1.057165024960869078e-06
-1.039006035994238275e-06
-1.021290407588837296e-06
-1.004005037745520494e-06
-9.871368244651436998e-07
-9.706726657485610542e-07
-9.545994595966275429e-07
-9.389041040101988933e-07
-9.235744330226818925e-07
-9.086020247976985785e-07
-8.939793935314234257e-07
-8.796990534200316494e-07
-8.657535186596971946e-07
-8.521353034465958061e-07
-8.388369219769008994e-07
-8.258508884467885370e-07
-8.131697170524328755e-07
-8.007859219900081774e-07
-7.886920174556892347e-07
-7.768805176456511569e-07
-7.653439367560684183e-07
-7.540747889831158108e-07
-7.430655885229680206e-07
-7.323088495717998394e-07
-7.217970863257856358e-07
-7.115228129811011545e-07
-7.014785437339197051e-07
-6.916567927804165032e-07
-6.820506141614094338e-07
-6.726552212962899194e-07
-6.634663674490915229e-07
-6.544798058838485482e-07
-6.456912898645950876e-07
-6.370965726553651274e-07
-6.286914075201933950e-07
-6.204715477231132415e-07
-6.124327465281590768e-07
-6.045707571993650989e-07
-5.968813330007652942e-07
-5.893602271963938607e-07
-5.820031930502849967e-07
-5.748059838264726883e-07
-5.677643527889910278e-07
-5.608740532018746367e-07
-5.541308383291570780e-07
-5.475304614348724439e-07
-5.410686757830550382e-07
-5.347412346377389532e-07
-5.285438912629583870e-07
-5.224723989227473259e-07
-5.165225108811400738e-07
-5.106899804021708290e-07
-5.049705607498733659e-07
-4.993600051882819885e-07
-4.938540669814306831e-07
-4.884484993933536479e-07
-4.831390556880851868e-07
-4.779214891296592860e-07
-4.727915529821102497e-07
-4.677450005094715347e-07
-4.627775849757781862e-07
-4.578850596450634492e-07
-4.530631777813622632e-07
-4.483076926487078732e-07
-4.436143575111355361e-07
-4.389789256326784971e-07
-4.343971502773708484e-07
-4.298647847092472645e-07
