-1.783513538360301798e-01
-1.985999793501860011e-01
-2.176916215348262962e-01
-2.356546517345912972e-01
-2.525174412941210700e-01
-2.683083615580558190e-01
-2.830557838710353602e-01
-2.967880795777002589e-01
-3.095336200226903589e-01
-3.213207765506458924e-01
-3.321779205062069251e-01
-3.421334232340135229e-01
-3.512156560787059179e-01
-3.594529903849241759e-01
-3.668737974973085292e-01
-3.735064487604987105e-01
-3.793793155191353406e-01
-3.845207691178582632e-01
-3.889591809013076551e-01
-3.927229222141235820e-01
-3.958403644009463318e-01
-3.983398788064158036e-01
-4.002498367751722852e-01
-4.015986096518559534e-01
-4.024145687811066519e-01
-4.027260855075646129e-01
-4.025615311758701798e-01
-4.019492771306632517e-01
-4.009176947165838945e-01
-3.994951552782724513e-01
-3.977100301603688215e-01
-3.955906907075134038e-01
-3.931655082643459864e-01
-3.904628541755067461e-01
-3.875110997856361372e-01
-3.843386164393740034e-01
-3.809737754813603550e-01
-3.774449482562356462e-01
-3.737805061086397762e-01
-3.700088203832128109e-01
-3.661582624245949824e-01
-3.622527514413785288e-01
-3.582983980979634331e-01
-3.542968609227019061e-01
-3.502497984439463807e-01
-3.461588691900489012e-01
-3.420257316893615673e-01
-3.378520444702367564e-01
-3.336394660610266238e-01
-3.293896549900833248e-01
-3.251042697857591812e-01
-3.207849689764061263e-01
-3.164334110903768149e-01
-3.120512546560229583e-01
-3.076401582016971004e-01
-3.032017802557512853e-01
-2.987377793465377795e-01
-2.942498140024087383e-01
-2.897395427517164279e-01
-2.852086241228130037e-01
-2.806587166440507319e-01
-2.760917694257401522e-01
-2.715108939060251192e-01
-2.669194921050083158e-01
-2.623209660427920920e-01
-2.577187177394786866e-01
-2.531161492151706716e-01
-2.485166624899703136e-01
-2.439236595839801569e-01
-2.393405425173024126e-01
-2.347707133100397636e-01
-2.302175739822942824e-01
-2.256845265541687073e-01
-2.211749730457651386e-01
-2.166923154771862037e-01
-2.122399558685341137e-01
-2.078212962399114128e-01
-2.034397386114205342e-01
-1.990986850031636890e-01
-1.948015374352434770e-01
-1.905516979277621925e-01
-1.863520766913606130e-01
-1.822036166988326433e-01
-1.781067691135105324e-01
-1.740619850987265571e-01
-1.700697158178130219e-01
-1.661304124341020927e-01
-1.622445261109261017e-01
-1.584125080116173256e-01
-1.546348092995079582e-01
-1.509118811379303315e-01
-1.472441746902166393e-01
-1.436321411196992415e-01
-1.400762315897102206e-01
-1.365768972635820200e-01
-1.331345893046467777e-01
-1.297497588762367982e-01
-1.264228571416843305e-01
-1.231543352643216516e-01
-1.199446444074810381e-01
-1.167942357344948084e-01
-1.137034270673000086e-01
-1.106720028622539403e-01
-1.076996142343186330e-01
-1.047859122984563240e-01
-1.019305481696290011e-01
-9.913317296279881841e-02
-9.639343779292795789e-02
-9.371099377497844884e-02
-9.108549202391254263e-02
-8.851658365469221301e-02
-8.600391978227964196e-02
-8.354715152163694203e-02
-8.114592998772626742e-02
-7.879990629550966130e-02
-7.650873155994929176e-02
-7.427205689600727134e-02
-7.208953341864578201e-02
-6.996081224282682531e-02
-6.788554448351256931e-02
-6.586338125566512658e-02
-6.389388611058224865e-02
-6.197627234490418746e-02
-6.010966569160663964e-02
-5.829319188366544058e-02
-5.652597665405642569e-02
-5.480714573575541648e-02
-5.313582486173816510e-02
-5.151113976498050001e-02
-4.993221617845823579e-02
-4.839817983514719396e-02
-4.690815646802318217e-02
-4.546127181006195950e-02
-4.405665159423936827e-02
-4.269342155353120921e-02
-4.137070742091333159e-02
-4.008763492936146672e-02
-3.884332981185145695e-02
-3.763691780135910991e-02
-3.646752463086024021e-02
-3.533427603333066935e-02
-3.423631212377359345e-02
-3.317283054530209552e-02
-3.214304332305666784e-02
-3.114616248217779923e-02
-3.018140004780593341e-02
-2.924796804508158696e-02
-2.834507849914525909e-02
-2.747194343513745252e-02
-2.662777487819860053e-02
-2.581178485346921972e-02
-2.502318538608980930e-02
-2.426118850120083034e-02
-2.352500622394281329e-02
-2.281385057945619146e-02
-2.212693359288148837e-02
-2.146346728935917894e-02
-2.082266369402976589e-02
-2.020373483203371373e-02
-1.960589272851152171e-02
-1.902834940860367169e-02
-1.847036234514951372e-02
-1.793137080178381151e-02
-1.741085948984015183e-02
-1.690831312065217001e-02
-1.642321640555346671e-02
-1.595505405587766337e-02
-1.550331078295835892e-02
-1.506747129812916614e-02
-1.464702031272370475e-02
-1.424144253807559102e-02
-1.385022268551842212e-02
-1.347284546638581777e-02
-1.310879559201138383e-02
-1.275755777372874003e-02
-1.241861672287150435e-02
-1.209145715077326530e-02
-1.177556376876765128e-02
-1.147042128818827333e-02
-1.117551442036874600e-02
-1.089032787664266991e-02
-1.061438952057349762e-02
-1.034739982464403553e-02
-1.008910241356692113e-02
-9.839240912054797103e-03
-9.597558944820292273e-03
-9.363800136576052799e-03
-9.137708112034714433e-03
-8.919026495908921603e-03
-8.707498912911304859e-03
-8.502868987754510360e-03
-8.304880345151172127e-03
-8.113276609813934587e-03
-7.927801406455431757e-03
-7.748198359788301126e-03
-7.574211094525187121e-03
-7.405583235378725496e-03
-7.242058407061553738e-03
-7.083380234286316274e-03
-6.929292341765654929e-03
-6.779538354212193314e-03
-6.633887076146935749e-03
-6.492208031324288829e-03
-6.354395923307014707e-03
-6.220345455657875534e-03
-6.089951331939635198e-03
-5.963108255715061055e-03
-5.839710930546910053e-03
-5.719654059997948681e-03
-5.602832347630934753e-03
-5.489140497008633025e-03
-5.378473211693809986e-03
-5.270725195249223449e-03
-5.165791151237639038e-03
-5.063565783221818037e-03
-4.963943794764526934e-03
-4.866819889428525281e-03
-4.772088770776579565e-03
-4.679645142371446735e-03
-4.589383707775891545e-03
-4.501199170552678749e-03
-4.414996707261701486e-03
-4.330723386451385513e-03
-4.248336749667282371e-03
-4.167794338454949669e-03
-4.089053694359940684e-03
-4.012072358927814761e-03
-3.936807873704121705e-03
-3.863217780234418693e-03
-3.791259620064260302e-03
-3.720890934739201975e-03
-3.652069265804798719e-03
-3.584752154806607714e-03
-3.518897143290180499e-03
-3.454461772801077288e-03
-3.391403584884847451e-03
-3.329680121087047733e-03
-3.269248922953234878e-03
-3.210067532028962594e-03
-3.152093489859786758e-03
-3.095284337991262378e-03
-3.039601127138389508e-03
-2.985018944693947074e-03
-2.931516387220162948e-03
-2.879072051279255896e-03
-2.827664533433453791e-03
-2.777272430244980168e-03
-2.727874338276061166e-03
-2.679448854088919019e-03
-2.631974574245779866e-03
-2.585430095308867242e-03
-2.539794013840407285e-03
-2.495044926402623531e-03
-2.451161429557740384e-03
-2.408122119867980512e-03
-2.365905593895570921e-03
-2.324490448202735579e-03
-2.283855279351698023e-03
-2.243978683904683524e-03
-2.204839258423916919e-03
-2.166415599471623044e-03
-2.128687665563756218e-03
-2.091640863031186525e-03
-2.055261960158516563e-03
-2.019537725230348500e-03
-1.984454926531284934e-03
-1.950000332345928683e-03
-1.916160710958878877e-03
-1.882922830654738550e-03
-1.850273459718110953e-03
-1.818199366433597385e-03
-1.786687319085798493e-03
-1.755724085959317095e-03
-1.725296435338754056e-03
-1.695391135508712626e-03
-1.665994954753794322e-03
-1.637094661358600876e-03
-1.608677023607734237e-03
-1.580728809785795922e-03
-1.553236788177389614e-03
-1.526187727067114443e-03
-1.499569041431687150e-03
-1.473370733016276472e-03
-1.447583450258164419e-03
-1.422197841594634304e-03
-1.397204555462967053e-03
-1.372594240300445976e-03
-1.348357544544353951e-03
-1.324485116631971037e-03
-1.300967605000581846e-03
-1.277795658087466871e-03
-1.254959924329909424e-03
-1.232451052165191730e-03
-1.210259690030595801e-03
-1.188376486363404297e-03
-1.166792089600899446e-03
-1.145497148180364124e-03
-1.124482310539079476e-03
-1.103738225114327511e-03
-1.083255540343392191e-03
-1.063024904663554659e-03
-1.043037123984203894e-03
-1.023283634103151546e-03
-1.003756028290316883e-03
-9.844458998156185251e-04
-9.653448419489758488e-04
-9.464444479603054128e-04
-9.277363111195271366e-04
-9.092120246965595303e-04
-8.908631819613209955e-04
-8.726813761837301509e-04
-8.546582006337058316e-04
-8.367852485811663309e-04
-8.190541132960302674e-04
-8.014563880482171269e-04
-7.839836661076442269e-04
-7.666275407442306195e-04
-7.493796052278949233e-04
-7.322314528285554314e-04
-7.151746768161315214e-04
-6.982008704605412695e-04
-6.813018140233188455e-04
-6.644700357324617073e-04
-6.476982508075840566e-04
-6.309791744682968426e-04
-6.143055219342139417e-04
-5.976700084249487966e-04
-5.810653491601135492e-04
-5.644842593593219675e-04
-5.479194542421868437e-04
-5.313636490283211869e-04
-5.148095589373382231e-04
-4.982498991888512866e-04
-4.816773850024722481e-04
-4.650847315978144962e-04
-4.484646541944915820e-04
-4.318098680121160268e-04
-4.151130882703012734e-04
-3.983670301886600598e-04
-3.815644089868054493e-04
-3.646979398843512099e-04
-3.477609839276759522e-04
-3.307494854702288235e-04
-3.136600346922251148e-04
-2.964892217738803338e-04
-2.792336368954097172e-04
-2.618898702370290438e-04
-2.444545119789533877e-04
-2.269241523013982838e-04
-2.092953813845798631e-04
-1.915647894087121157e-04
-1.737289665540111454e-04
-1.557845030006922704e-04
-1.377279889289710255e-04
-1.195560145190628507e-04
-1.012651699511831046e-04
-8.285204540554714603e-05
-6.431323106237045548e-05
-4.564531710186927260e-05
-2.684489370425733313e-05
-7.908551049750917327e-06
1.116549268438891794e-05
3.037250733271820439e-05
4.970613473274721795e-05
6.916001672198633958e-05
8.872779513794587568e-05
1.084031118181362106e-04
1.281796086000666851e-04
1.480509273212495403e-04
1.680107098191940763e-04
1.880525979314107588e-04
2.081702334954098094e-04
2.283572583487016396e-04
2.486073143287965796e-04
2.689140432732048782e-04
2.892710870194369738e-04
3.096720874050022752e-04
3.301106862674127386e-04
3.505805254441780438e-04
3.710752467728084666e-04
3.915884920908142288e-04
4.121139032357057689e-04
4.326451220449934170e-04
4.531757903561873949e-04
4.736995500067972195e-04
4.942100428343349557e-04
5.147009106763101747e-04
5.351657953702332066e-04
5.555983387536141647e-04
5.759921826639635960e-04
5.963409689387917222e-04
6.166383394156080061e-04
6.368779359319254882e-04
6.570534003252509209e-04
6.771583744330983206e-04
6.971865000929740059e-04
7.171314191423922100e-04
7.369867734188600104e-04
7.567462047598890384e-04
7.764033550029915756e-04
7.959518659856743743e-04
