-1.783513538360301798e-01
-1.668693717270117727e-01
-1.560061848262318529e-01
-1.457474521504799059e-01
-1.360788327165458889e-01
-1.269859855412192595e-01
-1.184545696412899196e-01
-1.104702440335474239e-01
-1.030186677347816465e-01
-9.608549976178211438e-02
-8.965639913133865990e-02
-8.371702486024097667e-02
-7.825303596527868888e-02
-7.325009146324160114e-02
-6.869385037091932378e-02
-6.456997170510170303e-02
-6.086411448257829371e-02
-5.756193772013892124e-02
-5.464910043457316124e-02
-5.211126164267083916e-02
-4.993408036122162774e-02
-4.810321560701519977e-02
-4.660432639684129741e-02
-4.542307174748962811e-02
-4.454511067574987160e-02
-4.395610219841174920e-02
-4.364170533226498228e-02
-4.358757909409923664e-02
-4.377938250070426834e-02
-4.420277456886973627e-02
-4.484341431538538258e-02
-4.568696075704089393e-02
-4.671907291062599860e-02
-4.792540979293037628e-02
-4.929163042074374834e-02
-5.080339381085581529e-02
-5.244635898005627073e-02
-5.420618494513484292e-02
-5.606853072288126710e-02
-5.801905533008516053e-02
-6.004341778353631393e-02
-6.212727710002438619e-02
-6.425629229633909867e-02
-6.641612238927017964e-02
-6.859242639560732269e-02
-7.077086333214017977e-02
-7.293709221565851386e-02
-7.507677206295204630e-02
-7.717556189081044293e-02
-7.921912071602346672e-02
-8.119310755538072799e-02
-8.308318142567200359e-02
-8.487500134368698712e-02
-8.655422632621539991e-02
-8.810651539004688004e-02
-8.951752755197124600e-02
-9.077292182877810811e-02
-9.185835723725718771e-02
-9.276176663828042401e-02
-9.348511545828215585e-02
-9.403571686811225405e-02
-9.442089456567656636e-02
-9.464797224888085725e-02
-9.472427361563091897e-02
-9.465712236383257150e-02
-9.445384219139159321e-02
-9.412175679621384572e-02
-9.366818987620505188e-02
-9.310046512927107332e-02
-9.242590625331767451e-02
-9.165183694625066158e-02
-9.078558090597578512e-02
-8.983446183039896227e-02
-8.880580341742588812e-02
-8.770692936496241043e-02
-8.654516337091430755e-02
-8.532782913318739948e-02
-8.406225034968749232e-02
-8.275575071832035057e-02
-8.141565393699180808e-02
-8.004928370360764323e-02
-7.866396371607367599e-02
-7.726701767229567086e-02
-7.586576927017946170e-02
-7.446754220763084076e-02
-7.307966018255561413e-02
-7.170941641049627391e-02
-7.036144833109425623e-02
-6.903571434122686423e-02
-6.773169655084514129e-02
-6.644887706990010301e-02
-6.518673800834275112e-02
-6.394476147612408734e-02
-6.272242958319519668e-02
-6.151922443950703229e-02
-6.033462815501066528e-02
-5.916812283965708352e-02
-5.801919060339728873e-02
-5.688731355618232427e-02
-5.577197380796321963e-02
-5.467265346869101122e-02
-5.358883464831663834e-02
-5.251999945679119985e-02
-5.146563000406567667e-02
-5.042520840009112604e-02
-4.939821675481850805e-02
-4.838413717819887300e-02
-4.738245178018323650e-02
-4.639264267072262804e-02
-4.541419195976806322e-02
-4.444658175727056459e-02
-4.348929417318112001e-02
-4.254181131745077976e-02
-4.160361530003058028e-02
-4.067418823087148166e-02
-3.975306272718020367e-02
-3.884026758944288810e-02
-3.793611324660323136e-02
-3.704091336006924695e-02
-3.615498159124894834e-02
-3.527863160155042532e-02
-3.441217705238167057e-02
-3.355593160515073919e-02
-3.271020892126563079e-02
-3.187532266213439353e-02
-3.105158648916507211e-02
-3.023931406376570777e-02
-2.943881904734430358e-02
-2.865041510130891811e-02
-2.787441588706755791e-02
-2.711113506602827808e-02
-2.636088629959911986e-02
-2.562398324918809325e-02
-2.490073957620323603e-02
-2.419146894205258594e-02
-2.349648500814419116e-02
-2.281610143588605477e-02
-2.215063188668622493e-02
-2.150039002195272900e-02
-2.086568950309361167e-02
-2.024684399151691419e-02
-1.964416714863063615e-02
-1.905797263584283266e-02
-1.848857378620244116e-02
-1.793611712634062688e-02
-1.740031148022131574e-02
-1.688079474624502169e-02
-1.637720482281222398e-02
-1.588917960832343310e-02
-1.541635700117911616e-02
-1.495837489977977497e-02
-1.451487120252588706e-02
-1.408548380781796290e-02
-1.366985061405648696e-02
-1.326760951964193504e-02
-1.287839842297481066e-02
-1.250185522245560177e-02
-1.213761781648481190e-02
-1.178532410346289951e-02
-1.144461198179038026e-02
-1.111511934986773344e-02
-1.079648410609545563e-02
-1.048834414887403997e-02
-1.019033737660396573e-02
-9.902101687685727766e-03
-9.623274980519819222e-03
-9.353495153506731496e-03
-9.092400105046949052e-03
-8.839627733540966759e-03
-8.594815937389267343e-03
-8.357602614992359555e-03
-8.127625664750712242e-03
-7.904529816862094008e-03
-7.688074554369019910e-03
-7.478114578488445630e-03
-7.274507472601803547e-03
-7.077110820090511296e-03
-6.885782204336002993e-03
-6.700379208719704077e-03
-6.520759416623049531e-03
-6.346780411427456123e-03
-6.178299776514357099e-03
-6.015175095265182237e-03
-5.857263951061356111e-03
-5.704423927284311101e-03
-5.556512607315468311e-03
-5.413387574536260120e-03
-5.274906412328114573e-03
-5.140926704072458844e-03
-5.011306033150718375e-03
-4.885901982944323811e-03
-4.764572136834700593e-03
-4.647174078203282835e-03
-4.533565390431489039e-03
-4.423603656900753321e-03
-4.317146460992501121e-03
-4.214051386088161349e-03
-4.114176015569162050e-03
-4.017377932816930397e-03
-3.923514721212897904e-03
-3.832443964138486977e-03
-3.744036355573505167e-03
-3.658215031891277631e-03
-3.574916240063505564e-03
-3.494076227061895367e-03
-3.415631239858146068e-03
-3.339517525423961464e-03
-3.265671330731045353e-03
-3.194028902751101101e-03
-3.124526488455826867e-03
-3.057100334816928184e-03
-2.991686688806107115e-03
-2.928221797395067459e-03
-2.866641907555509978e-03
-2.806883266259139337e-03
-2.748882120477656732e-03
-2.692574717182765962e-03
-2.637897303346170823e-03
-2.584786125939569478e-03
-2.533177431934667892e-03
-2.483007468303168996e-03
-2.434212482016773118e-03
-2.386728720047184490e-03
-2.340492429366106478e-03
-2.295439856945239842e-03
-2.251507249756288815e-03
-2.208630854770957195e-03
-2.166746918960944443e-03
-2.125791689297954791e-03
-2.085702069552628889e-03
-2.046436662186475793e-03
-2.007980219989121025e-03
-1.970319052606936058e-03
-1.933439469686289549e-03
-1.897327780873554488e-03
-1.861970295815097362e-03
-1.827353324157289863e-03
-1.793463175546502380e-03
-1.760286159629104435e-03
-1.727808586051467719e-03
-1.696016764459960888e-03
-1.664897004500954765e-03
-1.634435615820819957e-03
-1.604618908065926419e-03
-1.575433190882644108e-03
-1.546864773917342112e-03
-1.518899966816392340e-03
-1.491525079226163879e-03
-1.464726420793027555e-03
-1.438490301163353104e-03
-1.412803029983510919e-03
-1.387650916899871387e-03
-1.363020271558805551e-03
-1.338897403606681413e-03
-1.315268622689870015e-03
-1.292120238454742614e-03
-1.269438560547667865e-03
-1.247209898615017024e-03
-1.225421217203261212e-03
-1.204063522441442763e-03
-1.183129360686620540e-03
-1.162611281327798757e-03
-1.142501833753979462e-03
-1.122793567354167087e-03
-1.103479031517364982e-03
-1.084550775632576926e-03
-1.066001349088806704e-03
-1.047823301275057229e-03
-1.030009181580332283e-03
-1.012551539393635649e-03
-9.954429241039719749e-04
-9.786758851003430921e-04
-9.622429717717527822e-04
-9.461367335072051526e-04
-9.303497196957037684e-04
-9.148744797262520862e-04
-8.997035629878537798e-04
-8.848295188695126309e-04
-8.702448967602314459e-04
-8.559422460490149825e-04
-8.419141161248655048e-04
-8.281530563767874453e-04
-8.146516161937839354e-04
-8.014023449648586487e-04
-7.883977920790153672e-04
-7.756305069252575476e-04
-7.630930543495826213e-04
-7.507793458885704194e-04
-7.386856657273420607e-04
-7.268085395665492207e-04
-7.151444931068406475e-04
-7.036900520488676911e-04
-6.924417420932799669e-04
-6.813960889407280662e-04
-6.705496182918617128e-04
-6.598988558473312810e-04
-6.494403273077877957e-04
-6.391705583738795712e-04
-6.290860747462581745e-04
-6.191834021255733294e-04
-6.094590662124753019e-04
-5.999095927076142495e-04
-5.905315073116404381e-04
-5.813213357252041335e-04
-5.722756036489552766e-04
-5.633908367835443499e-04
-5.546635608296209691e-04
-5.460903014878357251e-04
-5.376675844588387756e-04
-5.293919354432800612e-04
-5.212598801418101731e-04
-5.132679442550790519e-04
-5.054126534837369636e-04
-4.976905335284336320e-04
-4.900981100898201904e-04
-4.826320081776677273e-04
-4.752898284145590062e-04
-4.680697251707394233e-04
-4.609698591722376790e-04
-4.539883911450826905e-04
-4.471234818153035917e-04
-4.403732919089288662e-04
-4.337359821519875939e-04
-4.272097132705088545e-04
-4.207926459905211858e-04
-4.144829410380534507e-04
-4.082787591391346207e-04
-4.021782610197936671e-04
-3.961796074060594530e-04
-3.902809590239606787e-04
-3.844804765995263698e-04
-3.787763208587853893e-04
-3.731666525277667085e-04
-3.676496323324990280e-04
-3.622234209990112647e-04
-3.568861792533322276e-04
-3.516360678214908880e-04
-3.464712474295162173e-04
-3.413898788034369159e-04
-3.363901226692819009e-04
-3.314701397530804149e-04
-3.266280907808606702e-04
-3.218621364786520178e-04
-3.171704380089730864e-04
-3.125513782713566172e-04
-3.080039220067494303e-04
-3.035271282379779041e-04
-2.991200559878686338e-04
-2.947817642792483232e-04
-2.905113121349434590e-04
-2.863077585777803655e-04
-2.821701626305858548e-04
-2.780975833161864136e-04
-2.740890796574083662e-04
-2.701437106770785790e-04
-2.662605353980235386e-04
-2.624386128430695694e-04
-2.586770020350434292e-04
-2.549747619967717674e-04
-2.513309517510808541e-04
-2.477446303207973930e-04
-2.442148567287478166e-04
-2.407406899977588557e-04
-2.373211891506568888e-04
-2.339554132102685110e-04
-2.306424211994203177e-04
-2.273812721409389042e-04
-2.241710250576508384e-04
-2.210107389723824989e-04
-2.178994729079604539e-04
-2.148362858872112713e-04
-2.118202369329615737e-04
-2.088503850680378750e-04
-2.059257893152667703e-04
-2.030455086974746924e-04
-2.002086022374882906e-04
-1.974141289581342145e-04
-1.946611478822387069e-04
-1.919487180326285257e-04
-1.892758984321301849e-04
-1.866417481035702525e-04
-1.840453260697751613e-04
-1.814856913535716420e-04
-1.789619029777861272e-04
-1.764730199652453206e-04
-1.740181013387754650e-04
-1.715962061212033456e-04
-1.692063933353553948e-04
-1.668477220040582621e-04
-1.645192511501384074e-04
-1.622200397964224799e-04
-1.599491469657369938e-04
-1.577056316809083002e-04
-1.554885529647633197e-04
-1.532969698401281868e-04
-1.511299413298298761e-04
-1.489865264566944951e-04
-1.468657842435490185e-04
-1.447667737132197975e-04
-1.426885538885332106e-04
-1.406301837923161241e-04
