-1.783513538360301798e-01
-1.675565610327892085e-01
-1.572678048344399448e-01
-1.474722702691866894e-01
-1.381571423652336317e-01
-1.293096061507849615e-01
-1.209168466540448544e-01
-1.129660489032177084e-01
-1.054443979265076159e-01
-9.833907875211882199e-02
-9.163727640825554410e-02
-8.532617592312201349e-02
-7.939296232492244754e-02
-7.382482064186107751e-02
-6.860893590214212079e-02
-6.373249313396972537e-02
-5.918267736554827518e-02
-5.494667362508186964e-02
-5.101166694077475389e-02
-4.736484234083114531e-02
-4.399338485345528210e-02
-4.088447950685138166e-02
-3.802531132922366136e-02
-3.540306534877635941e-02
-3.300492659371367932e-02
-3.081808009223983152e-02
-2.882971087255906811e-02
-2.702700396287558218e-02
-2.539714439139362581e-02
-2.392731718631739557e-02
-2.260470737585112966e-02
-2.141649998819903852e-02
-2.034988005156535343e-02
-1.939203259415427788e-02
-1.853014264417005355e-02
-1.775139522981689782e-02
-1.704297537929902115e-02
-1.639206812082065826e-02
-1.578585848258602653e-02
-1.521153149279934336e-02
-1.465627217966483826e-02
-1.410950490306840319e-02
-1.356961134962264039e-02
-1.303721253762182494e-02
-1.251292948536023020e-02
-1.199738321113213470e-02
-1.149119473323181005e-02
-1.099498506995353134e-02
-1.050937523959157190e-02
-1.003498626044021201e-02
-9.572439150793730228e-03
-9.122354928946389482e-03
-8.685354613192478729e-03
-8.262059221826260902e-03
-7.853089773142016283e-03
-7.459067285434026022e-03
-7.080612776996554787e-03
-6.718347266123887197e-03
-6.372891771110288789e-03
-6.044867310250045048e-03
-5.734894901837422378e-03
-5.443354823945771061e-03
-5.169664393764697094e-03
-4.913000188262889485e-03
-4.672538784409023364e-03
-4.447456759171782535e-03
-4.236930689519850801e-03
-4.040137152421905027e-03
-3.856252724846631185e-03
-3.684453983762706140e-03
-3.523917506138814562e-03
-3.373819868943634618e-03
-3.233337649145852279e-03
-3.101647423714143110e-03
-2.977925769617193949e-03
-2.861349263823681228e-03
-2.751094483302290485e-03
-2.646338005021701186e-03
-2.546256405950594100e-03
-2.450026263057652164e-03
-2.356824153311555710e-03
-2.265965036345937537e-03
-2.177317402454236397e-03
-2.090888124594843939e-03
-2.006684075726149208e-03
-1.924712128806544287e-03
-1.844979156794417791e-03
-1.767492032648160499e-03
-1.692257629326165361e-03
-1.619282819786819474e-03
-1.548574476988516004e-03
-1.480139473889643563e-03
-1.413984683448594234e-03
-1.350116978623756413e-03
-1.288543232373522834e-03
-1.229270317656281893e-03
-1.172305107430425455e-03
-1.117654474654343434e-03
-1.065325292286426612e-03
-1.015324433285064902e-03
-9.676587706086506053e-04
-9.223196362339244891e-04
-8.792361982110450530e-04
-8.383220836085217590e-04
-7.994909194948651536e-04
-7.626563329385833978e-04
-7.277319510081870380e-04
-6.946314007721862954e-04
-6.632683092990908488e-04
-6.335563036574109195e-04
-6.054090109156553190e-04
-5.787400581423342684e-04
-5.534630724059578805e-04
-5.294916807750360511e-04
-5.067395103180778087e-04
-4.851201881035936995e-04
-4.645473412000931859e-04
-4.449345966760867598e-04
-4.261955816000833415e-04
-4.082439230405929893e-04
-3.909932480661255992e-04
-3.743693787742872646e-04
-3.583469173790685986e-04
-3.429126611235551111e-04
-3.280534072508336672e-04
-3.137559530039906439e-04
-3.000070956261127438e-04
-2.867936323602856392e-04
-2.741023604495963035e-04
-2.619200771371308430e-04
-2.502335796659758515e-04
-2.390296652792179232e-04
-2.282951312199428659e-04
-2.180167747312374091e-04
-2.081813930561879572e-04
-1.987757834378810770e-04
-1.897867431194027663e-04
-1.812010693438396189e-04
-1.730055593542780391e-04
-1.651870103938044313e-04
-1.577322197055052810e-04
-1.506281747322365009e-04
-1.438626237159332027e-04
-1.374235050983000880e-04
-1.312987573210420750e-04
-1.254763188258635671e-04
-1.199441280544694826e-04
-1.146901234485645638e-04
-1.097022434498536747e-04
-1.049684265000412186e-04
-1.004766110408321546e-04
-9.621473551393121119e-05
-9.217073836104303574e-05
-8.833255802387250590e-05
-8.468813294412416053e-05
-8.122540156350286375e-05
-7.793230232371330351e-05
-7.479677366646028972e-05
-7.180675403344842901e-05
-6.895018186638251774e-05
-6.621499560696729805e-05
-6.359062680205995494e-05
-6.107247941912752603e-05
-5.865745053078939012e-05
-5.634243720966508189e-05
-5.412433652837400725e-05
-5.200004555953568732e-05
-4.996646137576951445e-05
-4.802048104969496912e-05
-4.615900165393153177e-05
-4.437892026109869641e-05
-4.267713394381584185e-05
-4.105053977470244855e-05
-3.949603482637800375e-05
-3.801051617146196078e-05
-3.659088088257380012e-05
-3.523402603233292090e-05
-3.393684869335881712e-05
-3.269624593827097603e-05
-3.150911483968884419e-05
-3.037235247023184446e-05
-2.928311459068041038e-05
-2.823959171445876068e-05
-2.724023304315206380e-05
-2.628348777834549493e-05
-2.536780512162418861e-05
-2.449163427457333022e-05
-2.365342443877807801e-05
-2.285162481582362414e-05
-2.208468460729509636e-05
-2.135105301477766650e-05
-2.064917923985651991e-05
-1.997751248411681486e-05
-1.933450194914371301e-05
-1.871859683652237261e-05
-1.812824634783796886e-05
-1.756189968467567020e-05
-1.701800604862063488e-05
-1.649501464125802794e-05
-1.599137466417304492e-05
-1.550553531895080341e-05
-1.503613179668294367e-05
-1.458254324648696443e-05
-1.414433480698679390e-05
-1.372107161680637215e-05
-1.331231881456964942e-05
-1.291764153890056576e-05
-1.253660492842305616e-05
-1.216877412176107594e-05
-1.181371425753854653e-05
-1.147099047437941646e-05
-1.114016791090763258e-05
-1.082081170574713157e-05
-1.051248699752185688e-05
-1.021475892485574858e-05
-9.927192626372753517e-06
-9.649353240696806669e-06
-9.380805906451865047e-06
-9.121115762261843306e-06
-8.869847946750698453e-06
-8.626567598542372252e-06
-8.390879181879463475e-06
-8.162544463479229454e-06
-7.941364535677577753e-06
-7.727140490810424411e-06
-7.519673421213680383e-06
-7.318764419223271023e-06
-7.124214577175088651e-06
-6.935824987405058623e-06
-6.753396742249091892e-06
-6.576730934043098568e-06
-6.405628655122998076e-06
-6.239890997824701370e-06
-6.079319054484118558e-06
-5.923713917437172455e-06
-5.772876679019762157e-06
-5.626608431567807089e-06
-5.484710267417221594e-06
-5.346983278903915781e-06
-5.213228558363807381e-06
-5.083247198132805654e-06
-4.956859960966468350e-06
-4.833966291298920064e-06
-4.714485303983931339e-06
-4.598336113875264247e-06
-4.485437835826686789e-06
-4.375709584691969509e-06
-4.269070475324879560e-06
-4.165439622579183250e-06
-4.064736141308650274e-06
-3.966879146367045246e-06
-3.871787752608139554e-06
-3.779381074885700355e-06
-3.689578228053492684e-06
-3.602298326965282002e-06
-3.517460486474840968e-06
-3.434983821435935467e-06
-3.354787446702331806e-06
-3.276790477127798411e-06
-3.200912027566104552e-06
-3.127071212871016114e-06
-3.055193328144982744e-06
-2.985228389485159492e-06
-2.917132593237385595e-06
-2.850862135747503255e-06
-2.786373213361350440e-06
-2.723622022424767656e-06
-2.662564759283592023e-06
-2.603157620283662354e-06
-2.545356801770819582e-06
-2.489118500090903366e-06
-2.434398911589749980e-06
-2.381154232613199083e-06
-2.329340659507090336e-06
-2.278914388617262977e-06
-2.229831616289555819e-06
-2.182048538869808100e-06
-2.135521352703859056e-06
-2.090206254137547501e-06
-2.046059439516714366e-06
-2.003037105187195501e-06
-1.961098952221443808e-06
-1.920218700598365165e-06
-1.880373575023474665e-06
-1.841540800202291851e-06
-1.803697600840332666e-06
-1.766821201643115804e-06
-1.730888827316158267e-06
-1.695877702564976420e-06
-1.661765052095088112e-06
-1.628528100612010132e-06
-1.596144072821260539e-06
-1.564590193428357394e-06
-1.533843687138816216e-06
-1.503881778658155911e-06
-1.474681692691893268e-06
-1.446220653945546984e-06
-1.418475887124631941e-06
-1.391424616934666411e-06
-1.365044068081168242e-06
-1.339311465269654647e-06
-1.314205658052740122e-06
-1.289711995371428510e-06
-1.265817451013820725e-06
-1.242508998768017682e-06
-1.219773612422121777e-06
-1.197598265764231595e-06
-1.175969932582449957e-06
-1.154875586664876717e-06
-1.134302201799613849e-06
-1.114236751774761631e-06
-1.094666210378422250e-06
-1.075577551398695348e-06
-1.056957748623682899e-06
-1.038793775841486240e-06
-1.021072606840205015e-06
-1.003781215407941198e-06
-9.869065753327952789e-07
-9.704356604028688074e-07
-9.543554444062624862e-07
-9.386529011310776530e-07
-9.233159407374820749e-07
-9.083362188739121994e-07
-8.937063275608731270e-07
-8.794188588188657228e-07
-8.654664046683950870e-07
-8.518415571299651553e-07
-8.385369082240783809e-07
-8.255450499712390172e-07
-8.128585743919506820e-07
-8.004700735067166758e-07
-7.883721393360407225e-07
-7.765573639004270752e-07
-7.650183392203779755e-07
-7.537476573163974650e-07
-7.427379102089893733e-07
-7.319816899186571066e-07
-7.214715884659042831e-07
-7.112001978712346265e-07
-7.011601101551513312e-07
-6.913439173381587565e-07
-6.817446804441765055e-07
-6.723573365107958515e-07
-6.631772915790226767e-07
-6.541999516898650864e-07
-6.454207228843300217e-07
-6.368350112034249528e-07
-6.284382226881565029e-07
-6.202257633795324599e-07
-6.121930393185600824e-07
-6.043354565462460994e-07
-5.966484211035976636e-07
-5.891273390316222453e-07
-5.817676163713272089e-07
-5.745646591637194951e-07
-5.675138734498064685e-07
-5.606106652705953875e-07
-5.538504406670930872e-07
-5.472286056803075671e-07
-5.407405663512451329e-07
-5.343817287209133608e-07
-5.281477791606684565e-07
-5.220355253632642152e-07
-5.160420553518025322e-07
-5.101644571493860441e-07
-5.043998187791169639e-07
-4.987452282640978222e-07
-4.931977736274310437e-07
-4.877545428922190534e-07
-4.824126240815640641e-07
-4.771691052185687124e-07
-4.720210743263352643e-07
-4.669656194279663562e-07
-4.619998285465641483e-07
-4.571207897052311712e-07
-4.523255909270697438e-07
-4.476113202351825556e-07
-4.429750656526716078e-07
-4.384139152026394310e-07
-4.339249569081887148e-07
-4.295052787924214604e-07
-4.251519688784403572e-07
-4.208621151893477241e-07
-4.166328057482459860e-07
-4.124611285782375676e-07
-4.083441717024248936e-07
-4.042790231439102829e-07
-4.002627709257961604e-07
-3.962925030711849508e-07
-3.923653076031791317e-07
-3.884782725448810751e-07
-3.846284859193933115e-07
-3.808130357498178423e-07
-3.770290100592575686e-07
-3.732734968708145447e-07
-3.695435842075915130e-07
-3.658363600926903158e-07
-3.621489125492142779e-07
-3.584783296002650830e-07
-3.548216992689451029e-07
-3.511761095783572388e-07
