-1.783513538360301798e-01
-2.033899551856680477e-01
-2.287962641622814097e-01
-2.545514775501354632e-01
-2.806367921334955717e-01
-3.070334046966268216e-01
-3.337225120237945486e-01
-3.606853108992641443e-01
-3.879029981073007782e-01
-4.153567704321695087e-01
-4.430278246581359491e-01
-4.708973575694652691e-01
-4.989465659504225825e-01
-5.271566465852732808e-01
-5.555087962582825334e-01
-5.839842117537158428e-01
-6.125640898558379899e-01
-6.412296273489148657e-01
-6.699620210172109180e-01
-6.987424676449922600e-01
-7.275521640165238946e-01
-7.563723069160708246e-01
-7.851840931278982749e-01
-8.139687194362720257e-01
-8.427073826254568578e-01
-8.713812794797184402e-01
-8.999716067833213318e-01
-9.284595613205317566e-01
-9.568263398756141624e-01
-9.850531392328338853e-01
-1.013121156176457038e+00
-1.041011587490747736e+00
-1.068705629959972203e+00
-1.096184480368394665e+00
-1.123429335500281345e+00
-1.150421392139897359e+00
-1.177141847071507597e+00
-1.203571897079377173e+00
-1.229692738947772090e+00
-1.255485569460957462e+00
-1.280931585403197737e+00
-1.306011983558758915e+00
-1.330707960711906335e+00
-1.355000713646904664e+00
-1.378871439148019240e+00
-1.402301333999515842e+00
-1.425271594985659807e+00
-1.447763418890715803e+00
-1.469758002498948946e+00
-1.491236542594625458e+00
-1.512180235962009789e+00
-1.532570279385367940e+00
-1.552387869648963692e+00
-1.571614203537064158e+00
-1.590230477833933564e+00
-1.608217889323837024e+00
-1.625557634791040762e+00
-1.642230911019809003e+00
-1.658218914794407528e+00
-1.673502842899101228e+00
-1.688063892118156106e+00
-1.701883259235836610e+00
-1.714942141036408518e+00
-1.727221734304136502e+00
-1.738703235823287008e+00
-1.749367842378124038e+00
-1.759196750752913596e+00
-1.768171157731920573e+00
-1.776272260099410527e+00
-1.783481254639648572e+00
-1.789779338136899156e+00
-1.795147707375428725e+00
-1.799567559139502615e+00
-1.803020231132371087e+00
-1.805500818925667605e+00
-1.807029527766589316e+00
-1.807629235143839219e+00
-1.807322818546122756e+00
-1.806133155462143147e+00
-1.804083123380602949e+00
-1.801195599790208046e+00
-1.797493462179660106e+00
-1.792999588037665237e+00
-1.787736854852925106e+00
-1.781728140114144932e+00
-1.774996321310028602e+00
-1.767564275929279116e+00
-1.759454881460600584e+00
-1.750691015392697336e+00
-1.741295555214272595e+00
-1.731291378414031357e+00
-1.720701362480675067e+00
-1.709548384902910056e+00
-1.697855323169438879e+00
-1.685645054768965423e+00
-1.672940457190194019e+00
-1.659764407921827445e+00
-1.646139784452570920e+00
-1.632089464271127666e+00
-1.617636324866200903e+00
-1.602803243726496296e+00
-1.587613098340715068e+00
-1.572088766197563325e+00
-1.556253124785743402e+00
-1.540129051593959852e+00
-1.523739424110916785e+00
-1.507107119825317199e+00
-1.490255016225864981e+00
-1.473205990801265131e+00
-1.455982921040220202e+00
-1.438607317805403518e+00
-1.421093502139940012e+00
-1.403453439023675475e+00
-1.385699092069832439e+00
-1.367842424891631214e+00
-1.349895401102292114e+00
-1.331869984315037669e+00
-1.313778138143088414e+00
-1.295631826199664660e+00
-1.277443012097988051e+00
-1.259223659451279786e+00
-1.240985731872760178e+00
-1.222741192975651536e+00
-1.204502006373173728e+00
-1.186280135678547953e+00
-1.168087544504995856e+00
-1.149936196465738192e+00
-1.131838055173996160e+00
-1.113805084242990073e+00
-1.095849247285941797e+00
-1.077982507916072086e+00
-1.060216829746602363e+00
-1.042564176390752495e+00
-1.025036511461745015e+00
-1.007645798572799567e+00
-9.904040013371387952e-01
-9.733230833679823446e-01
-9.564150082785520812e-01
-9.396917396820687607e-01
-9.231652411917526946e-01
-9.068474764208269701e-01
-8.907504089825102334e-01
-8.748860024900251275e-01
-8.592662205565918532e-01
-8.439030267954321651e-01
-8.288083848197665970e-01
-8.139938419250066781e-01
-7.994631413750288296e-01
-7.852130955131380041e-01
-7.712402757579794876e-01
-7.575412535281990101e-01
-7.441126002424424124e-01
-7.309508873193558687e-01
-7.180526861775848868e-01
-7.054145682357751967e-01
-6.930331049125726395e-01
-6.809048676266235001e-01
-6.690264277965730644e-01
-6.573943568410673954e-01
-6.460052261787521122e-01
-6.348556072282729446e-01
-6.239420714082758446e-01
-6.132611901374070973e-01
-6.028095348343117665e-01
-5.925836769176358043e-01
-5.825801878060252736e-01
-5.727956389181260155e-01
-5.632266016725835378e-01
-5.538696474880436815e-01
-5.447213477831526207e-01
-5.357782739765559743e-01
-5.270369974868991392e-01
-5.184940897328285114e-01
-5.101461221329897100e-01
-5.019896661060283538e-01
-4.940212930705906169e-01
-4.862375744453220627e-01
-4.786350816488684212e-01
-4.712103860998754223e-01
-4.639600592169895177e-01
-4.568806724188558266e-01
-4.499687971241202455e-01
-4.432210048109589406e-01
-4.366338830678768157e-01
-4.302040573147472569e-01
-4.239281583961227451e-01
-4.178028171565558169e-01
-4.118246644405989532e-01
-4.059903310928047460e-01
-4.002964479577252321e-01
-3.947396458799133923e-01
-3.893165557039212632e-01
-3.840238082743016035e-01
-3.788580344356067275e-01
-3.738158650323891719e-01
-3.688939309092013619e-01
-3.640888629105957230e-01
-3.593972918811249029e-01
-3.548158486653410493e-01
-3.503411641077972538e-01
-3.459698690530452758e-01
-3.416985943456378183e-01
-3.375239708301273067e-01
-3.334426293510664996e-01
-3.294512007530074338e-01
-3.255463158805029233e-01
-3.217246055781052272e-01
-3.179827006903669373e-01
-3.143172320618405347e-01
-3.107248305370783337e-01
-3.072021269606329263e-01
-3.037457521770566826e-01
-3.003523370309020279e-01
-2.970185123667216653e-01
-2.937409090290679647e-01
-2.905161578624931296e-01
-2.873408897115500293e-01
-2.842117354207910340e-01
-2.811253258347683470e-01
-2.780785594842062336e-01
-2.750702017262983134e-01
-2.720998128984326025e-01
-2.691669562755678591e-01
-2.662711951326631743e-01
-2.634120927446775839e-01
-2.605892123865700127e-01
-2.578021173332994964e-01
-2.550503708598249042e-01
-2.523335362411052163e-01
-2.496511767520994685e-01
-2.470028556677667242e-01
-2.443881362630658527e-01
-2.418065818129558342e-01
-2.392577555923957877e-01
-2.367412208763446380e-01
-2.342565409397612264e-01
-2.318032790576045610e-01
-2.293809985048338163e-01
-2.269892625564077504e-01
-2.246276344872854824e-01
-2.222956775724260203e-01
-2.199929550867882055e-01
-2.177190303053311571e-01
-2.154734665030138829e-01
-2.132558269547952523e-01
-2.110656749356341899e-01
-2.089025737204897870e-01
-2.067660865843210238e-01
-2.046557768020869084e-01
-2.025712076487462820e-01
-2.005119423992583194e-01
-1.984775443285818619e-01
-1.964675767116760008e-01
-1.944816028234995775e-01
-1.925191859390116833e-01
-1.905798921612330277e-01
-1.886633689508649958e-01
-1.867693553751853808e-01
-1.848975953883628953e-01
-1.830478329445659746e-01
-1.812198119979631372e-01
-1.794132765027232346e-01
-1.776279704130144521e-01
-1.758636376830055581e-01
-1.741200222668650988e-01
-1.723968681187616481e-01
-1.706939191928637245e-01
-1.690109194433399298e-01
-1.673476128243588101e-01
-1.657037432900889395e-01
-1.640790547946989475e-01
-1.624732912923572414e-01
-1.608861967372325064e-01
-1.593175150834932607e-01
-1.577669902853080786e-01
-1.562343662968455060e-01
-1.547193870722741726e-01
-1.532217965657625969e-01
-1.517413387314793527e-01
-1.502777575235930141e-01
-1.488307968962720995e-01
-1.474002008036851830e-01
-1.459857132000009217e-01
-1.445870780393877231e-01
-1.432040392760142722e-01
-1.418363408640490597e-01
-1.404837267576607707e-01
-1.391459409110178680e-01
-1.378227272782889257e-01
-1.365138298136424899e-01
-1.352189924712471625e-01
-1.339379592188623125e-01
-1.326704974548666149e-01
-1.314164460790816225e-01
-1.301756575821752249e-01
-1.289479844548153398e-01
-1.277332791876700513e-01
-1.265313942714071938e-01
-1.253421821966947125e-01
-1.241654954542006362e-01
-1.230011865345928823e-01
-1.218491079285393686e-01
-1.207091121267080402e-01
-1.195810516197668844e-01
-1.184647788983838601e-01
-1.173601464532269406e-01
-1.162670067749639463e-01
-1.151852123542629336e-01
-1.141146156817918200e-01
-1.130550692482185926e-01
-1.120064255442111273e-01
-1.109685370604374111e-01
-1.099412562875654448e-01
-1.089244357162631599e-01
-1.079179278371984602e-01
-1.069215851410392909e-01
-1.059352601184536252e-01
-1.049588052601093946e-01
-1.039920730566745860e-01
-1.030349159988171032e-01
-1.020871865772049469e-01
-1.011487372825060349e-01
-1.002194206053882986e-01
-9.929908903651976648e-02
-9.838759506656827303e-02
-9.748479118620184680e-02
-9.659052988608843315e-02
-9.570466365689593580e-02
-9.482705019950890546e-02
-9.395759617253050811e-02
-9.309623505903832918e-02
-9.224290061686736542e-02
-9.139752660385279392e-02
-9.056004677782956980e-02
-8.973039489663284241e-02
-8.890850471809763622e-02
-8.809431000005907286e-02
-8.728774450035219068e-02
-8.648874197681204190e-02
-8.569723618727374814e-02
-8.491316088957240327e-02
-8.413644984154297624e-02
-8.336703680102061642e-02
-8.260485552584037605e-02
-8.184983977383732123e-02
-8.110192330284653195e-02
-8.036103987070306043e-02
-7.962712323524202829e-02
-7.890010715429847388e-02
-7.817992538570749106e-02
-7.746651168730410431e-02
-7.675979981692340748e-02
-7.605972353240048056e-02
-7.536621659157037578e-02
-7.467921275226820088e-02
-7.399864577232900809e-02
-7.332444940958786350e-02
-7.265655742187984711e-02
-7.199490356704005278e-02
-7.133942160290350498e-02
-7.069004528730528369e-02
-7.004670837808051054e-02
-6.940934463306419611e-02
-6.877788781009143426e-02
-6.815227166699733274e-02
-6.753242996161688827e-02
-6.691829645178523633e-02
-6.630980489533747080e-02
-6.570688905010857450e-02
-6.510948267393366906e-02
-6.451751952464782058e-02
-6.393093336008612293e-02
-6.334965793808360057e-02
-6.277362701647537513e-02
-6.220277435309648495e-02
-6.163703370578203083e-02
-6.107633883236705807e-02
-6.052062349068664665e-02
-5.996982143857589043e-02
-5.942386643386980000e-02
-5.888269223440350392e-02
-5.834623259801205442e-02
-5.781442128253052454e-02
-5.728719204579399427e-02
-5.676447864563756440e-02
-5.624621483989622472e-02
-5.573233438640511073e-02
-5.522277104299928158e-02
-5.471745856751378950e-02
-5.421633071778372837e-02
-5.371932125164416427e-02
-5.322636392693019108e-02
-5.273739250147681246e-02
-5.225234073311921246e-02
-5.177114237969231841e-02
-5.129373119903133521e-02
-5.082004094897123875e-02
-5.035000538734717146e-02
-4.988355827199419251e-02
-4.942063336074729168e-02
-4.896116441144166692e-02
