-1.783513538360301798e-01
-1.631518114122914864e-01
-1.500397112723222959e-01
-1.389338050078406106e-01
-1.297528442105645718e-01
-1.224155804722121821e-01
-1.168407653845013466e-01
-1.129471505391503872e-01
-1.106534875278771257e-01
-1.098785279423996897e-01
-1.105410233744360538e-01
-1.125597254157043314e-01
-1.158533856579225391e-01
-1.203407556928087069e-01
-1.259405871120808929e-01
-1.325716315074570717e-01
-1.401526404706553985e-01
-1.486023655933938481e-01
-1.578395584673904228e-01
-1.677829706843632362e-01
-1.783513538360302630e-01
-1.894634595141095890e-01
-2.010380393103192720e-01
-2.129938448163773701e-01
-2.252496276240018025e-01
-2.377241393249106549e-01
-2.503361315108220131e-01
-2.630043557734540460e-01
-2.756475637045245897e-01
-2.881845068957516465e-01
-3.005339369388534410e-01
-3.126146054255479201e-01
-3.243452639475531973e-01
-3.356446640965871087e-01
-3.464315574643679341e-01
-3.566246956426136205e-01
-3.661428302230421150e-01
-3.749047127973716975e-01
-3.828290949573202595e-01
-3.898347282946058034e-01
-3.958403644009463318e-01
-4.007879207609537642e-01
-4.047119784308143564e-01
-4.076702843596083370e-01
-4.097205854964160454e-01
-4.109206287903175436e-01
-4.113281611903926716e-01
-4.110009296457221017e-01
-4.099966811053856186e-01
-4.083731625184635616e-01
-4.061881208340359928e-01
-4.034993030011831960e-01
-4.003644559689853444e-01
-3.968413266865222222e-01
-3.929876621028744466e-01
-3.888612091671219684e-01
-3.845197148283450161e-01
-3.800209260356235963e-01
-3.754225897380380483e-01
-3.707824528846684342e-01
-3.661582624245950379e-01
-3.615971043991683676e-01
-3.571034212188216039e-01
-3.526709943862585406e-01
-3.482936054041825824e-01
-3.439650357752974674e-01
-3.396790670023068226e-01
-3.354294805879141639e-01
-3.312100580348233403e-01
-3.270145808457377568e-01
-3.228368305233612623e-01
-3.186705885703973729e-01
-3.145096364895497709e-01
-3.103477557835219169e-01
-3.061787279550177154e-01
-3.019963345067406824e-01
-2.977943569413944447e-01
-2.935665767616826294e-01
-2.893067754703088079e-01
-2.850087345699767183e-01
-2.806662355633900430e-01
-2.762750159695830932e-01
-2.718386373729131944e-01
-2.673626173740684675e-01
-2.628524735737370888e-01
-2.583137235726072900e-01
-2.537518849713670255e-01
-2.491724753707044715e-01
-2.445810123713078321e-01
-2.399830135738651171e-01
-2.353839965790645028e-01
-2.307894789875941377e-01
-2.262049784001422537e-01
-2.216360124173966384e-01
-2.170880986400458013e-01
-2.125667546687776133e-01
-2.080774981042802785e-01
-2.036258465472420010e-01
-1.992173175983507349e-01
-1.948574288582947678e-01
-1.905516979277622758e-01
-1.863047032713608109e-01
-1.821172668093773706e-01
-1.779892713260183001e-01
-1.739205996054901393e-01
-1.699111344319992334e-01
-1.659607585897519277e-01
-1.620693548629549285e-01
-1.582368060358145534e-01
-1.544629948925373142e-01
-1.507478042173295285e-01
-1.470911167943977360e-01
-1.434928154079483653e-01
-1.399527828421879283e-01
-1.364709018813227426e-01
-1.330470553095593478e-01
-1.296811259111041725e-01
-1.263729964701637287e-01
-1.231225497709443756e-01
-1.199296685976525417e-01
-1.167942357344947668e-01
-1.137161207369247057e-01
-1.106951402453853067e-01
-1.077310976715666196e-01
-1.048237964271587913e-01
-1.019730399238519825e-01
-9.917863157333638158e-02
-9.644037478730201063e-02
-9.375807297743905810e-02
-9.113152955543768474e-02
-8.856054793298802352e-02
-8.604493152178023518e-02
-8.358448373350436944e-02
-8.117900797985062866e-02
-7.882830767250911808e-02
-7.653218622317005393e-02
-7.429044704352347206e-02
-7.210289354525956096e-02
-6.996932914006843973e-02
-6.788955723964024136e-02
-6.586338125566518209e-02
-6.389048485208319306e-02
-6.197007270183394617e-02
-6.010122973010700170e-02
-5.828304086209196849e-02
-5.651459102297824028e-02
-5.479496513795546753e-02
-5.312324813221318970e-02
-5.149852493094098788e-02
-4.991988045932829743e-02
-4.838639964256474107e-02
-4.689716740583984439e-02
-4.545126867434313989e-02
-4.404778837326423641e-02
-4.268581142779260401e-02
-4.136442276311780991e-02
-4.008270730442940744e-02
-3.883974997691697073e-02
-3.763463570576998374e-02
-3.646644941617802060e-02
-3.533427603333062772e-02
-3.423722348814534772e-02
-3.317449173445172206e-02
-3.214530373180722600e-02
-3.114888243976939725e-02
-3.018445081789573881e-02
-2.925123182574378838e-02
-2.834844842287105246e-02
-2.747532356883503404e-02
-2.663108022319325696e-02
-2.581494134550326933e-02
-2.502612989532254292e-02
-2.426386883220860505e-02
-2.352738111571897953e-02
-2.281588970541117631e-02
-2.212861756084273657e-02
-2.146478764157113903e-02
-2.082362290715391098e-02
-2.020434631714858667e-02
-1.960618083111267604e-02
-1.902834940860367516e-02
-1.847011814616148981e-02
-1.793092568825550154e-02
-1.741025381633747385e-02
-1.690758431185917024e-02
-1.642239895627232646e-02
-1.595417953102872335e-02
-1.550240781758010708e-02
-1.506656559737825675e-02
-1.464613465187490290e-02
-1.424059676252181772e-02
-1.384943371077076296e-02
-1.347212727807349519e-02
-1.310815924588177271e-02
-1.275701139564734861e-02
-1.241816550882198465e-02
-1.209110336685744434e-02
-1.177530675120548251e-02
-1.147025744331785745e-02
-1.117543722464634307e-02
-1.089032787664267338e-02
-1.061445495215382340e-02
-1.034751908960761593e-02
-1.008926469882706276e-02
-9.839436189635191246e-03
-9.597777971855023585e-03
-9.364034455309585420e-03
-9.137950049821895460e-03
-8.919269165214979353e-03
-8.707736211311852340e-03
-8.503095597935538333e-03
-8.305091734909064716e-03
-8.113469032055450197e-03
-7.927971899197716957e-03
-7.748344746158890642e-03
-7.574331982761990829e-03
-7.405678018830041433e-03
-7.242127264186069835e-03
-7.083424128653086939e-03
-6.929313022054120995e-03
-6.779538354212195049e-03
-6.633869548813672162e-03
-6.492176084998295404e-03
-6.354352455769141789e-03
-6.220293154129298736e-03
-6.089892673081844128e-03
-5.963045505629867120e-03
-5.839646144776439521e-03
-5.719589083524647885e-03
-5.602768814877575297e-03
-5.489079831838301372e-03
-5.378416627409911797e-03
-5.270673694595488790e-03
-5.165745526398109362e-03
-5.063526615820864406e-03
-4.963911455866826597e-03
-4.866794539539080755e-03
-4.772070359840711699e-03
-4.679633409774798178e-03
-4.589378182344426745e-03
-4.501199170552675280e-03
-4.415001385014430055e-03
-4.330731906791783145e-03
-4.248348334558631548e-03
-4.167808266988863586e-03
-4.089069302756378858e-03
-4.012089040535070025e-03
-3.936825078998832349e-03
-3.863235016821560223e-03
-3.791276452677149345e-03
-3.720906985239492808e-03
-3.652084213182485873e-03
-3.584765735180026839e-03
-3.518909149906002728e-03
-3.454472056034310970e-03
-3.391412052238848129e-03
-3.329686737193508599e-03
-3.269253709572184606e-03
-3.210070568048772281e-03
-3.152094911297166884e-03
-3.095284337991262378e-03
-3.039599943460730581e-03
-2.985016809658339564e-03
-2.931513515192637857e-03
-2.879068638672173126e-03
-2.827660758705493466e-03
-2.777268453901146541e-03
-2.727870302867677413e-03
-2.679444884213635046e-03
-2.631970776547567972e-03
-2.585426558478022552e-03
-2.539790808613544282e-03
-2.495042105562682126e-03
-2.451159027933982014e-03
-2.408120154335992042e-03
-2.365904063377260742e-03
-2.324489333666334041e-03
-2.283854543811760038e-03
-2.243978272422084662e-03
-2.204839098105858177e-03
-2.166415599471624778e-03
-2.128687722521669864e-03
-2.091640882833228042e-03
-2.055261863377269484e-03
-2.019537447124766533e-03
-1.984454417046689362e-03
-1.949999556114010314e-03
-1.916159647297700644e-03
-1.882921473568729877e-03
-1.850271817898070789e-03
-1.818197463256693335e-03
-1.786685192615568990e-03
-1.755721788945670964e-03
-1.725294035217967044e-03
-1.695388714403430874e-03
-1.665992609473033494e-03
-1.637092503397746595e-03
-1.608675179148539485e-03
-1.580727419696383636e-03
-1.553236008012251392e-03
-1.526187727067113142e-03
-1.499569997277693011e-03
-1.473372788843720083e-03
-1.447586709410677176e-03
-1.422202366624046458e-03
-1.397210368129311832e-03
-1.372601321571952646e-03
-1.348365834597452803e-03
-1.324494514851293821e-03
-1.300977969978958735e-03
-1.277806807625929495e-03
-1.254971635437688053e-03
-1.232463061059717443e-03
-1.210271692137498967e-03
-1.188388136316516526e-03
-1.166803001242250337e-03
-1.145506894560183436e-03
-1.124490423915798423e-03
-1.103744196954576815e-03
-1.083258821322001433e-03
-1.063024904663554876e-03
-1.043033243642263116e-03
-1.023275390991331248e-03
-1.003743088461510335e-03
-9.844280778035475413e-04
-9.653221007681931721e-04
-9.464168991061972088e-04
-9.277042145683081151e-04
-9.091757889052759804e-04
-8.908233638678504608e-04
-8.726386812067805617e-04
-8.546134826728165896e-04
-8.367395100167079837e-04
-8.190085049892025567e-04
-8.014122093410509405e-04
-7.839423648230027910e-04
-7.665907131858073304e-04
-7.493489961802138897e-04
-7.322089555569720161e-04
-7.151623330668312574e-04
-6.982008704605418116e-04
-6.813163795450751176e-04
-6.645009523522980941e-04
-6.477467509703002018e-04
-6.310459374871709012e-04
-6.143906739910000867e-04
-5.977731225698772188e-04
-5.811854453118917583e-04
-5.646198043051333824e-04
-5.480683616376923108e-04
-5.315232793976568115e-04
-5.149767196731169956e-04
-4.984208445521626490e-04
-4.818478161228831238e-04
-4.652497964733682059e-04
-4.486189476917074644e-04
-4.319474318659902515e-04
-4.152274110843061903e-04
-3.984510474347459342e-04
-3.816105030053971547e-04
-3.646979398843504510e-04
-3.477066022010824923e-04
-3.306340622506199751e-04
-3.134789743693763711e-04
-2.962399928937654229e-04
-2.789157721602007647e-04
-2.615049665050963017e-04
-2.440062302648662916e-04
-2.264182177759231759e-04
-2.087395833746812665e-04
-1.909689813975541976e-04
-1.731050661809558472e-04
-1.551464920612997684e-04
-1.370919133749997579e-04
-1.189399844584695584e-04
-1.006893596481228041e-04
-8.233869328037402360e-05
-6.388663969163537392e-05
-4.533185321832132274e-05
-2.667298819684557203e-05
-7.908698963621796645e-06
1.096236014493619302e-05
2.994153479241475939e-05
4.903017064240014966e-05
6.822961335847789954e-05
8.754120860423586221e-05
1.069663020432595903e-04
1.265062393391353142e-04
1.461623661554493588e-04
1.659360281557879682e-04
1.858285710037374809e-04
2.058413403628833141e-04
2.259756818968143273e-04
2.462329412691133083e-04
2.666144641433702551e-04
2.871215961831676032e-04
3.077556830520953505e-04
3.285180704137363934e-04
3.494101039316785070e-04
3.704331292695100088e-04
3.915884920908134698e-04
