-1.783513538360301798e-01
-1.821529780476060234e-01
-1.857102807800193600e-01
-1.890279988207187734e-01
-1.921108689571532635e-01
-1.949636279767714142e-01
-1.975910126670222255e-01
-1.999977598153542813e-01
-2.021886062092166370e-01
-2.041682886360577653e-01
-2.059415438833267220e-01
-2.075131087384721740e-01
-2.088877199889429548e-01
-2.100701144221877870e-01
-2.110650288256555318e-01
-2.118771999867950506e-01
-2.125113646930548994e-01
-2.129722597318841615e-01
-2.132646218907314206e-01
-2.133931879570454826e-01
-2.133626947182753197e-01
-2.131778789618695436e-01
-2.128434774752769876e-01
-2.123642270459464576e-01
-2.117448644613267872e-01
-2.109901265088666711e-01
-2.101047499760150261e-01
-2.090934716502204638e-01
-2.079610283189319841e-01
-2.067121567695982265e-01
-2.053515937896680521e-01
-2.038840761665902390e-01
-2.023143406878136485e-01
-2.006471241407869199e-01
-1.988871633129589978e-01
-1.970391949917785213e-01
-1.951079559646944073e-01
-1.930981830191554338e-01
-1.910146129426103789e-01
-1.888619825225079651e-01
-1.866450285462970538e-01
-1.843684878014264505e-01
-1.820370970753449058e-01
-1.796555931555012531e-01
-1.772287128293442704e-01
-1.747611928843226525e-01
-1.722577701078853718e-01
-1.697231812874810952e-01
-1.671621632105586563e-01
-1.645794526645668332e-01
-1.619797864369543761e-01
-1.593679013151702017e-01
-1.567485340866630050e-01
-1.541264215388815362e-01
-1.515063004592746565e-01
-1.488929076352912551e-01
-1.462909798543799156e-01
-1.437052539039895271e-01
-1.411399872887326434e-01
-1.385964797168287577e-01
-1.360749036942713874e-01
-1.335754295081519882e-01
-1.310982274455619045e-01
-1.286434677935927029e-01
-1.262113208393356445e-01
-1.238019568698822542e-01
-1.214155461723240015e-01
-1.190522590337522585e-01
-1.167122657412584391e-01
-1.143957365819340266e-01
-1.121028418428704210e-01
-1.098337518111589944e-01
-1.075886367738912719e-01
-1.053676670181586256e-01
-1.031710128310524971e-01
-1.009988444996643003e-01
-9.885133231108549079e-02
-9.672864655240749621e-02
-9.463095751072173045e-02
-9.255843547311963515e-02
-9.051125072669261029e-02
-8.848957355853212525e-02
-8.649357425572956615e-02
-8.452342310537638848e-02
-8.257929039456403386e-02
-8.066134641038390229e-02
-7.876976110507072359e-02
-7.690467525646665914e-02
-7.506617824190613131e-02
-7.325435420658707453e-02
-7.146928729570749261e-02
-6.971106165446529224e-02
-6.797976142805851885e-02
-6.627547076168509299e-02
-6.459827380054303236e-02
-6.294825468983028527e-02
-6.132549757474482777e-02
-5.973008660048460816e-02
-5.816210591224762333e-02
-5.662163965523184239e-02
-5.510877197463529692e-02
-5.362358701565583807e-02
-5.216616892349153212e-02
-5.073660184334030654e-02
-4.933496992040019291e-02
-4.796135729986907709e-02
-4.661584812694499064e-02
-4.529852654682588187e-02
-4.400947670470975459e-02
-4.274878274579455711e-02
-4.151652881527827244e-02
-4.031279905835885580e-02
-3.913767762023428326e-02
-3.799124864610256558e-02
-3.687359628116161636e-02
-3.578476966982965107e-02
-3.472447410886402713e-02
-3.369221973067406534e-02
-3.268751442761899662e-02
-3.170986609205818374e-02
-3.075878261635097560e-02
-2.983377189285667599e-02
-2.893434181393461993e-02
-2.806000027194411814e-02
-2.721025515924449523e-02
-2.638461436819509315e-02
-2.558258579115524692e-02
-2.480367732048425686e-02
-2.404739684854145798e-02
-2.331325226768617490e-02
-2.260075147027773915e-02
-2.190940234867548922e-02
-2.123871279523872196e-02
-2.058819070232677587e-02
-1.995734396229898594e-02
-1.934568046751467332e-02
-1.875270811033315221e-02
-1.817793478311376457e-02
-1.762086837821582458e-02
-1.708101678799866727e-02
-1.655788790482162418e-02
-1.605098962104399909e-02
-1.555982982902513398e-02
-1.508391650551188512e-02
-1.462280049611814833e-02
-1.417614513503996122e-02
-1.374363198418063030e-02
-1.332494260544345166e-02
-1.291975856073173355e-02
-1.252776141194875820e-02
-1.214863272099782343e-02
-1.178205404978223056e-02
-1.142770696020528436e-02
-1.108527301417027919e-02
-1.075443377358049554e-02
-1.043487080033924860e-02
-1.012626565634982753e-02
-9.828299903515542307e-03
-9.540655103739673418e-03
-9.263012818925520434e-03
-8.995054610976386394e-03
-8.736462041795569136e-03
-8.486916673286368229e-03
-8.246100067352069365e-03
-8.013693785895977320e-03
-7.789379390821388194e-03
-7.572838444031603292e-03
-7.363752507429912643e-03
-7.161803142919617553e-03
-6.966671912404011520e-03
-6.778040377786401054e-03
-6.595590100970071847e-03
-6.419008225415599733e-03
-6.248075647303374600e-03
-6.082651055768279434e-03
-5.922595494664677392e-03
-5.767770007846915147e-03
-5.618035639169358456e-03
-5.473253432486361800e-03
-5.333284431652289201e-03
-5.197989680521488201e-03
-5.067230222948323690e-03
-4.940867102787151882e-03
-4.818761363892329862e-03
-4.700774050118219048e-03
-4.586766205319172188e-03
-4.476598873349548098e-03
-4.370133098063706464e-03
-4.267229923316004370e-03
-4.167750392960799764e-03
-4.071555550852449731e-03
-3.978506440845310486e-03
-3.888464106793745618e-03
-3.801289592552105703e-03
-3.716843941974753030e-03
-3.634988198916044681e-03
-3.555583407230337306e-03
-3.478490610771988855e-03
-3.403570853395358146e-03
-3.330685178954804863e-03
-3.259694631304683055e-03
-3.190477395932389895e-03
-3.122980224857485523e-03
-3.057167011732563229e-03
-2.993001650210221944e-03
-2.930448033943057126e-03
-2.869470056583665538e-03
-2.810031611784643505e-03
-2.752096593198589524e-03
-2.695628894478096452e-03
-2.640592409275761918e-03
-2.586951031244182683e-03
-2.534668654035955940e-03
-2.483709171303677583e-03
-2.434036476699943941e-03
-2.385614463877351772e-03
-2.338407026488498273e-03
-2.292378058185980637e-03
-2.247491452622391722e-03
-2.203711103450330458e-03
-2.161000904322394039e-03
-2.119324748891176623e-03
-2.078646530809277141e-03
-2.038930143729290618e-03
-2.000139481303814248e-03
-1.962238437185444360e-03
-1.925190905026777930e-03
-1.888960778480410418e-03
-1.853511951198938152e-03
-1.818808627696859867e-03
-1.784825282444825207e-03
-1.751548766822523138e-03
-1.718966669067484299e-03
-1.687066577417238025e-03
-1.655836080109315172e-03
-1.625262765381243774e-03
-1.595334221470554254e-03
-1.566038036614777031e-03
-1.537361799051441226e-03
-1.509293097018077475e-03
-1.481819518752214900e-03
-1.454928652491383921e-03
-1.428608086473114091e-03
-1.402845408934936264e-03
-1.377628208114378911e-03
-1.352944072248971367e-03
-1.328780589576244705e-03
-1.305125348333728477e-03
-1.281965936758952453e-03
-1.259289943089446188e-03
-1.237084955562740320e-03
-1.215338562416363967e-03
-1.194038351887848634e-03
-1.173171912214721491e-03
-1.152726831634513175e-03
-1.132690698384754757e-03
-1.113051100702974489e-03
-1.093795626826703660e-03
-1.074912523932201576e-03
-1.056394105701878019e-03
-1.038234235544414560e-03
-1.020426779919136927e-03
-1.002965605285368244e-03
-9.858445781024344559e-04
-9.690575648296607470e-04
-9.525984319263705678e-04
-9.364610458518899706e-04
-9.206392730655429480e-04
-9.051269800266544679e-04
-8.899180331945497156e-04
-8.750062990285540927e-04
-8.603856439879905074e-04
-8.460499345321846869e-04
-8.319930371204615994e-04
-8.182088182121456709e-04
-8.046911442665621948e-04
-7.914338817430355971e-04
-7.784308971008906293e-04
-7.656760567994523679e-04
-7.531632272980457810e-04
-7.408862750559947526e-04
-7.288390665326250099e-04
-7.170154681872604368e-04
-7.054093464792266519e-04
-6.940145678678478645e-04
-6.828249988124493680e-04
-6.718345179831878688e-04
-6.610380679189867010e-04
-6.504324655215281683e-04
-6.400147184867511618e-04
-6.297818345105932712e-04
-6.197308212889933877e-04
-6.098586865178896432e-04
-6.001624378932199529e-04
-5.906390831109225572e-04
-5.812856298669359136e-04
-5.720990858571988044e-04
-5.630764587776480607e-04
-5.542147563242228988e-04
-5.455109861928611253e-04
-5.369621560795011976e-04
-5.285652736800811394e-04
-5.203173466905394078e-04
-5.122153828068141349e-04
-5.042563897248436696e-04
-4.964373751405661440e-04
-4.887553467499193647e-04
-4.812073122488422770e-04
-4.737902793332724165e-04
-4.665012556991483491e-04
-4.593372490424084235e-04
-4.522952670589906092e-04
-4.453723174448333093e-04
-4.385654078958744931e-04
-4.318715461080529974e-04
-4.252878254285757465e-04
-4.188121806427201979e-04
-4.124430241272418387e-04
-4.061787737405770206e-04
-4.000178473411621495e-04
-3.939586627874338480e-04
-3.879996379378284677e-04
-3.821391906507824688e-04
-3.763757387847325823e-04
-3.707077001981148347e-04
-3.651334927493657401e-04
-3.596515342969218670e-04
-3.542602426992198382e-04
-3.489580358146959511e-04
-3.437433315017865572e-04
-3.386145476189282794e-04
-3.335701020245576318e-04
-3.286084125771110203e-04
-3.237278971350247966e-04
-3.189269735567354207e-04
-3.142040597006793526e-04
-3.095575734252932151e-04
-3.049859325890133597e-04
-3.004875550502761924e-04
-2.960608586675182816e-04
-2.917042612991763042e-04
-2.874161808036861782e-04
-2.831950350394846889e-04
-2.790392422253458156e-04
-2.749474036316149972e-04
-2.709186008588422112e-04
-2.669519933405286737e-04
-2.630467405101759803e-04
-2.592020018012855640e-04
-2.554169366473589119e-04
-2.516907044818972403e-04
-2.480224647384020905e-04
-2.444113768503749498e-04
-2.408566002513171697e-04
-2.373572943747302645e-04
-2.339126186541156402e-04
-2.305217325229747568e-04
-2.271837954148089932e-04
-2.238979667631198634e-04
-2.206634060014087465e-04
-2.174792725631769397e-04
-2.143447258819261201e-04
-2.112589253911575579e-04
-2.082210305243726862e-04
-2.052302007150731277e-04
-2.022855953967600713e-04
-1.993863740029351399e-04
-1.965316959670997934e-04
-1.937207207227552481e-04
-1.909526077034030182e-04
-1.882265163425445910e-04
-1.855416060736813993e-04
-1.828970363303148491e-04
-1.802919665459464004e-04
-1.777255561540773778e-04
-1.751969645882094041e-04
-1.727053512818439121e-04
-1.702498756684820910e-04
-1.678296971816255635e-04
-1.654439752547757353e-04
-1.630918693214339853e-04
-1.607725388151017736e-04
-1.584851431692806145e-04
-1.562288418174718866e-04
-1.540027941931771044e-04
-1.518061597298974840e-04
-1.496380978611345938e-04
-1.474977680203898669e-04
-1.453843296411647362e-04
-1.432969421569606889e-04
-1.412347650012790224e-04
-1.391969576076213595e-04
-1.371826794094888080e-04
-1.351910898403832885e-04
-1.332213483338057192e-04
-1.312726143232579939e-04
-1.293440472422411117e-04
-1.274348065242569394e-04
-1.255440516028066660e-04
-1.236709419113916160e-04
-1.218146368835135206e-04
