-1.783513538360301798e-01
-1.973422733220778491e-01
-2.153246344254764744e-01
-2.323191156997580498e-01
-2.483463956984546250e-01
-2.634271529750979446e-01
-2.775820660832204467e-01
-2.908318135763537371e-01
-3.031970740080300319e-01
-3.146985259317809924e-01
-3.253568479011391124e-01
-3.351927184696361639e-01
-3.442268161908039192e-01
-3.524798196181747612e-01
-3.599724073052803508e-01
-3.667252578056529599e-01
-3.727590496728243608e-01
-3.780944614603266585e-01
-3.827521717216917918e-01
-3.867528590104518660e-01
-3.901172018801388197e-01
-3.928658788842845917e-01
-3.950195685764211762e-01
-3.965989495100807893e-01
-3.976247002387952034e-01
-3.981174993160964126e-01
-3.980980252955164667e-01
-3.975869567305871932e-01
-3.966049721748410306e-01
-3.951727501818095289e-01
-3.933109693050249045e-01
-3.910403080980190405e-01
-3.883814451143240420e-01
-3.853550589074719590e-01
-3.819818280309946745e-01
-3.782824310384239608e-01
-3.742775464832922006e-01
-3.699878529191312215e-01
-3.654340288994730734e-01
-3.606367529778496395e-01
-3.556167037077929693e-01
-3.503945596428351683e-01
-3.449909993365080640e-01
-3.394267013423437063e-01
-3.337223442138743668e-01
-3.278986065046314846e-01
-3.219761667681474426e-01
-3.159757035579541795e-01
-3.099178954275836895e-01
-3.038234209305679112e-01
-2.977129586204388390e-01
-2.916071870507284669e-01
-2.855267847749690113e-01
-2.794924303466920779e-01
-2.735248023194298272e-01
-2.676445792467145313e-01
-2.618724396820777955e-01
-2.562290621790517253e-01
-2.507324741685880154e-01
-2.453843422186763601e-01
-2.401800978497561911e-01
-2.351151603085514519e-01
-2.301849488417859468e-01
-2.253848826961834806e-01
-2.207103811184678577e-01
-2.161568633553630214e-01
-2.117197486535927764e-01
-2.073944562598810382e-01
-2.031764054209514725e-01
-1.990610153835280505e-01
-1.950437053943345489e-01
-1.911198947000948001e-01
-1.872850025475327196e-01
-1.835344481833720842e-01
-1.798636508543367263e-01
-1.762680298071505058e-01
-1.727430042885372274e-01
-1.692839935452208622e-01
-1.658864168239250758e-01
-1.625456933713738672e-01
-1.592572424342909299e-01
-1.560164832594002071e-01
-1.528188350934254480e-01
-1.496597171830905681e-01
-1.465345487751193998e-01
-1.434387491162357753e-01
-1.403677596071371270e-01
-1.373189518134728948e-01
-1.342930979358437638e-01
-1.312913163306882181e-01
-1.283147253544447974e-01
-1.253644433635519861e-01
-1.224415887144483794e-01
-1.195472797635724893e-01
-1.166826348673627861e-01
-1.138487723822578512e-01
-1.110468106646962105e-01
-1.082778680711162650e-01
-1.055430629579566792e-01
-1.028435136816559237e-01
-1.001803385986526213e-01
-9.755465606538511747e-02
-9.496758443829202145e-02
-9.242024207381188683e-02
-8.991374732838325334e-02
-8.744921855844452196e-02
-8.502777412043432959e-02
-8.265053237079117432e-02
-8.031861166595358204e-02
-7.803313036236006472e-02
-7.579520681644916213e-02
-7.360595938465934462e-02
-7.146650642342920745e-02
-6.937796628919729036e-02
-6.734145733840199433e-02
-6.535796953863817760e-02
-6.342723156549916197e-02
-6.154825619838544259e-02
-5.972004799981136397e-02
-5.794161153229141631e-02
-5.621195135834000656e-02
-5.453007204047156942e-02
-5.289497814120056735e-02
-5.130567422304138647e-02
-4.976116484850844762e-02
-4.826045458011621325e-02
-4.680254798037914582e-02
-4.538644961181161064e-02
-4.401116403692805629e-02
-4.267569581824291747e-02
-4.137904951827062888e-02
-4.012022969952564605e-02
-3.889824092452235510e-02
-3.771208775577519767e-02
-3.656077475579862235e-02
-3.544330648710706383e-02
-3.435868751221490824e-02
-3.330592239363662499e-02
-3.228401569388662101e-02
-3.129197197547934489e-02
-3.032879580092924868e-02
-2.939349173275071156e-02
-2.848506433345818212e-02
-2.760251842741484260e-02
-2.674499185813895841e-02
-2.591197151350652789e-02
-2.510300084071942148e-02
-2.431762328697946451e-02
-2.355538229948851356e-02
-2.281582132544836966e-02
-2.209848381206087897e-02
-2.140291320652787724e-02
-2.072865295605121755e-02
-2.007524650783271830e-02
-1.944223730907420830e-02
-1.882916880697753717e-02
-1.823558444874453024e-02
-1.766102768157704409e-02
-1.710504195267687627e-02
-1.656717070924588336e-02
-1.604695739848590111e-02
-1.554394546759875657e-02
-1.505767836378630806e-02
-1.458769953425036008e-02
-1.413355242619275878e-02
-1.369478048681534166e-02
-1.327092716331995138e-02
-1.286153590290841156e-02
-1.246615015278255793e-02
-1.208431336014422451e-02
-1.171556897219526092e-02
-1.135946043613748555e-02
-1.101553616901267650e-02
-1.068342806564288178e-02
-1.036283728799432605e-02
-1.005346709468445988e-02
-9.755020744330723456e-03
-9.467201495550572540e-03
-9.189712606961457711e-03
-8.922257337180833012e-03
-8.664538944826136874e-03
-8.416260688514823340e-03
-8.177125826864346456e-03
-7.946837618492153324e-03
-7.725099322015696254e-03
-7.511614196052416280e-03
-7.306085499219770914e-03
-7.108216490135207261e-03
-6.917710427416177629e-03
-6.734270569680126522e-03
-6.557600175544507116e-03
-6.387402503626767383e-03
-6.223380812544362234e-03
-6.065238360914732701e-03
-5.912678407355332830e-03
-5.765404210483613193e-03
-5.623119028917021762e-03
-5.485526121273009981e-03
-5.352328746169024952e-03
-5.223230162222522455e-03
-5.097933628050944389e-03
-4.976178891008599739e-03
-4.857851653397229387e-03
-4.742874106255429156e-03
-4.631168440621794870e-03
-4.522656847534923218e-03
-4.417261518033410890e-03
-4.314904643155853710e-03
-4.215508413940851837e-03
-4.118995021426995022e-03
-4.025286656652881691e-03
-3.934305510657109400e-03
-3.845973774478274841e-03
-3.760213639154972535e-03
-3.676947295725801340e-03
-3.596096935229355345e-03
-3.517584748704232541e-03
-3.441332927189033088e-03
-3.367263661722343700e-03
-3.295299143342766274e-03
-3.225361563088897932e-03
-3.157373111999333196e-03
-3.091255981112669624e-03
-3.026932361467503038e-03
-2.964324444102429696e-03
-2.903354420056046721e-03
-2.843944480366951237e-03
-2.786016816073736899e-03
-2.729493618215001697e-03
-2.674297773939687470e-03
-2.620375167820048531e-03
-2.567699399932887264e-03
-2.516245720394346894e-03
-2.465989379320569341e-03
-2.416905626827701298e-03
-2.368969713031879917e-03
-2.322156888049251022e-03
-2.276442401995958272e-03
-2.231801504988143153e-03
-2.188209447141950190e-03
-2.145641478573521738e-03
-2.104072849399000154e-03
-2.063478809734529528e-03
-2.023834609696253950e-03
-1.985115499400314041e-03
-1.947296728962853241e-03
-1.910353548500015207e-03
-1.874261208127942294e-03
-1.838994957962777508e-03
-1.804530048120665591e-03
-1.770841728717747598e-03
-1.737905249870167184e-03
-1.705695861694069091e-03
-1.674188814305592639e-03
-1.643359357820883002e-03
-1.613182742356083620e-03
-1.583634218027336199e-03
-1.554689034950784829e-03
-1.526324051512173777e-03
-1.498526051205484756e-03
-1.471285599936541545e-03
-1.444593271056860426e-03
-1.418439637917954643e-03
-1.392815273871341342e-03
-1.367710752268536372e-03
-1.343116646461054928e-03
-1.319023529800412856e-03
-1.295421975638126654e-03
-1.272302557325710433e-03
-1.249655848214680908e-03
-1.227472421656555009e-03
-1.205742851002845548e-03
-1.184457709605069671e-03
-1.163607570814743442e-03
-1.143183007983382057e-03
-1.123174594462500930e-03
-1.103572903603616557e-03
-1.084368508758244134e-03
-1.065551983277899292e-03
-1.047113900514098743e-03
-1.029044833818356600e-03
-1.011335356542188710e-03
-9.939760420371115696e-04
-9.769574636546403748e-04
-9.602701947462910807e-04
-9.439048086635793170e-04
-9.278518956587299528e-04
-9.121035184582759227e-04
-8.966543340476410950e-04
-8.814992634858364456e-04
-8.666332278318702401e-04
-8.520511481447541049e-04
-8.377479454834971728e-04
-8.237185409071091187e-04
-8.099578554745998343e-04
-7.964608102449792114e-04
-7.832223262772580090e-04
-7.702373246304443843e-04
-7.575007263635489879e-04
-7.450074525355817115e-04
-7.327524242055521216e-04
-7.207305624324700016e-04
-7.089367882753456768e-04
-6.973660227931887138e-04
-6.860131870450090043e-04
-6.748732020898165485e-04
-6.639409889866205875e-04
-6.532114687944313384e-04
-6.426795625722584761e-04
-6.323401913791118923e-04
-6.221882762740015872e-04
-6.122187383159373442e-04
-6.024264985639290549e-04
-5.928064780769859606e-04
-5.833535979141192540e-04
-5.740629431237904024e-04
-5.649312097868500714e-04
-5.559560083893390564e-04
-5.471349599126230315e-04
-5.384656853380677790e-04
-5.299458056470386473e-04
-5.215729418209017441e-04
-5.133447148410225265e-04
-5.052587456887667767e-04
-4.973126553455000601e-04
-4.895040647925879423e-04
-4.818305950113960972e-04
-4.742898669832904695e-04
-4.668795016896366791e-04
-4.595971201118002371e-04
-4.524403432311469258e-04
-4.454067920290425819e-04
-4.384940874868528248e-04
-4.316998505859430575e-04
-4.250217023076791165e-04
-4.184572636334266214e-04
-4.120041555445514629e-04
-4.056599990224190981e-04
-3.994224150483954177e-04
-3.932890246038458246e-04
-3.872574486701366430e-04
-3.813253082286325170e-04
-3.754902242606999877e-04
-3.697498183064473970e-04
-3.641019957476044093e-04
-3.585454067707805688e-04
-3.530788222511484589e-04
-3.477010130638807711e-04
-3.424107500841503597e-04
-3.372068041871298079e-04
-3.320879462479914821e-04
-3.270529471419082908e-04
-3.221005777440529797e-04
-3.172296089295978611e-04
-3.124388115737159518e-04
-3.077269565515797266e-04
-3.030928147383619314e-04
-2.985351570092350409e-04
-2.940527542393720178e-04
-2.896443773039452827e-04
-2.853087970781274731e-04
-2.810447844370913889e-04
-2.768511102560095591e-04
-2.727265454100547839e-04
-2.686698607743995379e-04
-2.646798272242166755e-04
-2.607552156346787256e-04
-2.568947968809584884e-04
-2.530973418382284927e-04
-2.493616213816612676e-04
-2.456864063864296673e-04
-2.420704677277063564e-04
-2.385125762806638368e-04
-2.350115029204749085e-04
-2.315660185223121547e-04
-2.281748939613482670e-04
-2.248369001127559913e-04
-2.215508078517078024e-04
-2.183153880533764189e-04
-2.151294115929345868e-04
-2.119916493455547809e-04
-2.089008721864098010e-04
-2.058558509906723119e-04
-2.028553566335149238e-04
-1.998981599901104638e-04
-1.969830319356312442e-04
-1.941087433452501191e-04
-1.912740650941397531e-04
-1.884777680574727023e-04
-1.857186231104218210e-04
-1.829954011281595839e-04
-1.803068729858588182e-04
-1.776518095586918631e-04
-1.750289817218317898e-04
-1.724371603504508562e-04
-1.698751163197221334e-04
-1.673416205048178251e-04
-1.648354437809110295e-04
-1.623553570231741944e-04
-1.599001311067797945e-04
-1.574685369069008737e-04
