-1.783513538360301798e-01
-1.470762757693641620e-01
-1.185269353847335783e-01
-9.264931804787077119e-02
-6.938940912450834719e-02
-4.869319398037874613e-02
-3.050665798121462643e-02
-1.477578649274830826e-02
-1.446564880712497081e-03
9.535021489160402583e-03
1.822298725113786697e-02
2.467134703948735755e-02
2.893411548847634254e-02
3.106530723237235087e-02
3.111893690544285940e-02
2.914901914195532767e-02
2.520956857617727420e-02
1.935459984237607525e-02
1.163812757481941587e-02
2.114166407774598164e-03
-9.163269024490860656e-03
-2.214016408770933669e-02
-3.676250414761342289e-02
-5.297627456993587308e-02
-7.072746072040887733e-02
-8.996204796476497956e-02
-1.106260216687368486e-01
-1.326653671980570492e-01
-1.560260699184577993e-01
-1.806541151956717883e-01
-2.064954883954316645e-01
-2.334961748834696593e-01
-2.616021600255186152e-01
-2.907594291873107362e-01
-3.209139677345788089e-01
-3.520117610330550373e-01
-3.839987944484721805e-01
-4.168210533465627199e-01
-4.504245230930592481e-01
-4.847551890536942465e-01
-5.197590365941997526e-01
-5.553820510803092469e-01
-5.915702178777542120e-01
-6.282695223522678507e-01
-6.654259498695822561e-01
-7.029854857954304093e-01
-7.408941154955444031e-01
-7.790978243356568855e-01
-8.175425976815005047e-01
-8.561744208988077975e-01
-8.949392793533108570e-01
-9.337831584107428862e-01
-9.726520434368354229e-01
-1.011491919797322003e+00
-1.050248772857935053e+00
-1.088868587984406000e+00
-1.127297350542468601e+00
-1.165481045897854617e+00
-1.203365659416297140e+00
-1.240897176463527929e+00
-1.278021582405280077e+00
-1.314684862607285787e+00
-1.350833002435278152e+00
-1.386411987254989153e+00
-1.421367802432151439e+00
-1.455646433332497880e+00
-1.489193865321759791e+00
-1.521956083765671375e+00
-1.553879074029963947e+00
-1.584908821480370156e+00
-1.614991311482622871e+00
-1.644072529402454297e+00
-1.672098460605597303e+00
-1.699015307070710801e+00
-1.724790418616268139e+00
-1.749429742275212529e+00
-1.772943332703394548e+00
-1.795341244556664551e+00
-1.816633532490874003e+00
-1.836830251161872374e+00
-1.855941455225512238e+00
-1.873977199337643285e+00
-1.890947538154116980e+00
-1.906862526330783014e+00
-1.921732218523493296e+00
-1.935566669388097960e+00
-1.948375933580448249e+00
-1.960170065756395186e+00
-1.970959120571788015e+00
-1.980753152682479312e+00
-1.989562216744319434e+00
-1.997396367413158291e+00
-2.004265659344847350e+00
-2.010180147195236966e+00
-2.015149885620179049e+00
-2.019184929275523732e+00
-2.022295332817120261e+00
-2.024491150900822323e+00
-2.025782438182478717e+00
-2.026179249317940467e+00
-2.025691638963059482e+00
-2.024329661773684563e+00
-2.022103372405668065e+00
-2.019022825514860564e+00
-2.015098075757112195e+00
-2.010339177788274867e+00
-2.004756186264198270e+00
-1.998359155840732981e+00
-1.991158141173731355e+00
-1.983163196919042415e+00
-1.974386193940848022e+00
-1.964848558175356530e+00
-1.954574846701935043e+00
-1.943589618416161624e+00
-1.931917432213614116e+00
-1.919582846989867253e+00
-1.906610421640501540e+00
-1.893024715061091712e+00
-1.878850286147215609e+00
-1.864111693794450630e+00
-1.848833496898374174e+00
-1.833040254354562304e+00
-1.816756525058593752e+00
-1.800006867906045249e+00
-1.782815841792492639e+00
-1.765208005613514430e+00
-1.747207918264687576e+00
-1.728840138641589474e+00
-1.710129225639796413e+00
-1.691099738154886456e+00
-1.671776235082436113e+00
-1.652183275318023670e+00
-1.632345417757224526e+00
-1.612287221295617856e+00
-1.592033244828778837e+00
-1.571608047252286422e+00
-1.551036187461716898e+00
-1.530342224352647440e+00
-1.509550716820655447e+00
-1.488686223761317429e+00
-1.467773304070213003e+00
-1.446836516642915571e+00
-1.425900420375004973e+00
-1.404989574162057275e+00
-1.384128536899650541e+00
-1.363341867483360836e+00
-1.342653609387974623e+00
-1.322078144334635663e+00
-1.301621273242788757e+00
-1.281288498755953853e+00
-1.261085323517654233e+00
-1.241017250171411179e+00
-1.221089781360746640e+00
-1.201308419729183674e+00
-1.181678667920242232e+00
-1.162206028577445371e+00
-1.142896004344315486e+00
-1.123754097864373858e+00
-1.104785811781141991e+00
-1.085996648738142722e+00
-1.067392111378897335e+00
-1.048977702346927776e+00
-1.030758924285757105e+00
-1.012741279838905273e+00
-9.949302716498952259e-01
-9.773314023622492464e-01
-9.599501746194889495e-01
-9.427920910651360620e-01
-9.258626543427125322e-01
-9.091673670957400866e-01
-8.927117319677416729e-01
-8.765012516022377964e-01
-8.605414286427512938e-01
-8.448377657328042245e-01
-8.293957655159176490e-01
-8.142209306356142928e-01
-7.993187637354156605e-01
-7.846947674588437005e-01
-7.703544444494202503e-01
-7.563032973506680356e-01
-7.425468288061077837e-01
-7.290905414592619982e-01
-7.159399269390814835e-01
-7.030974960562242915e-01
-6.905587598614393308e-01
-6.783182257026880713e-01
-6.663704009279320939e-01
-6.547097928851327575e-01
-6.433309089222517541e-01
-6.322282563872499983e-01
-6.213963426280892932e-01
-6.108296749927307756e-01
-6.005227608291364705e-01
-5.904701074852670706e-01
-5.806662223090844899e-01
-5.711056126485499762e-01
-5.617827858516249995e-01
-5.526922492662711406e-01
-5.438285102404494253e-01
-5.351860761221223228e-01
-5.267594542592499707e-01
-5.185431519997943939e-01
-5.105316766917168403e-01
-5.027195356829791129e-01
-4.951012363215422374e-01
-4.876712859553679613e-01
-4.804241919324174770e-01
-4.733544616006524208e-01
-4.664566023080342627e-01
-4.597251214025241950e-01
-4.531545262320836875e-01
-4.467393241446742103e-01
-4.404740224882573441e-01
-4.343531286107943368e-01
-4.283711498602468803e-01
-4.225225935845758896e-01
-4.168019671317436114e-01
-4.112037778497108498e-01
-4.057225330864391855e-01
-4.003530447886965993e-01
-3.950922491561081884e-01
-3.899379869924367581e-01
-3.848881024440928833e-01
-3.799404396574873055e-01
-3.750928427790309327e-01
-3.703431559551343399e-01
-3.656892233322083241e-01
-3.611288890566635157e-01
-3.566599972749107117e-01
-3.522803921333607091e-01
-3.479879177784241939e-01
-3.437804183565119631e-01
-3.396557380140345361e-01
-3.356117208974029320e-01
-3.316462111530278367e-01
-3.277570529273197697e-01
-3.239420903666895279e-01
-3.201991676175480195e-01
-3.165261288263058193e-01
-3.129208181393737243e-01
-3.093810797031625315e-01
-3.059047576640829269e-01
-3.024896961685455410e-01
-2.991337393629614483e-01
-2.958347313937409462e-01
-2.925905164072948872e-01
-2.893989385500341793e-01
-2.862578419683693420e-01
-2.831650708087113943e-01
-2.801184692174708002e-01
-2.771158813410584676e-01
-2.741551513258849160e-01
-2.712341233183612754e-01
-2.683506414648978988e-01
-2.655025499119055832e-01
-2.626877223082950685e-01
-2.599048810308937085e-01
-2.571537041015048985e-01
-2.544339205222523326e-01
-2.517452592952592050e-01
-2.490874494226490710e-01
-2.464602199065454857e-01
-2.438632997490714494e-01
-2.412964179523507391e-01
-2.387593035185067158e-01
-2.362516854496626573e-01
-2.337732927479420908e-01
-2.313238544154685161e-01
-2.289030994543651831e-01
-2.265107568667555638e-01
-2.241465556547632687e-01
-2.218102248205114924e-01
-2.195014933661236234e-01
-2.172200902937232170e-01
-2.149657446054336618e-01
-2.127381853033784020e-01
-2.105371413896807709e-01
-2.083623418664643512e-01
-2.062135157358523652e-01
-2.040903919999683680e-01
-2.019926996609357484e-01
-1.999201677208778949e-01
-1.978725251819182795e-01
-1.958495010461802355e-01
-1.938508243157872346e-01
-1.918762239928627489e-01
-1.899254290795301670e-01
-1.879981685779129885e-01
-1.860941714901343802e-01
-1.842131668183179527e-01
-1.823548835645871224e-01
-1.805190507297268487e-01
-1.787053950071769148e-01
-1.769136360492258309e-01
-1.751434921697947733e-01
-1.733946816828049742e-01
-1.716669229021777210e-01
-1.699599341418340515e-01
-1.682734337156951976e-01
-1.666071399376823914e-01
-1.649607711217168926e-01
-1.633340455817197945e-01
-1.617266816316123290e-01
-1.601383975853156449e-01
-1.585689117567510853e-01
-1.570179424598398266e-01
-1.554852080085028510e-01
-1.539704267166615292e-01
-1.524733168982370657e-01
-1.509935968671506090e-01
-1.495309849373233080e-01
-1.480851994226765056e-01
-1.466559586371312951e-01
-1.452429808946088807e-01
-1.438459845090305222e-01
-1.424646877943173406e-01
-1.410988090643904846e-01
-1.397480666331712695e-01
-1.384121788145808996e-01
-1.370908639225404402e-01
-1.357838402709711789e-01
-1.344908261737943478e-01
-1.332115399449310955e-01
-1.319456998983026541e-01
-1.306930243478301168e-01
-1.294532316074347988e-01
-1.282260399910378212e-01
-1.270111678125604715e-01
-1.258083449533330678e-01
-1.246174099876667107e-01
-1.234382610439559436e-01
-1.222707968605954015e-01
-1.211149161759799281e-01
-1.199705177285040891e-01
-1.188375002565626309e-01
-1.177157624985503276e-01
-1.166052031928617588e-01
-1.155057210778917404e-01
-1.144172148920348797e-01
-1.133395833736859371e-01
-1.122727252612396726e-01
-1.112165392930906521e-01
-1.101709242076337192e-01
-1.091357787432634674e-01
-1.081110016383746292e-01
-1.070964916313619231e-01
-1.060921474606200537e-01
-1.050978678645437120e-01
-1.041135515815276302e-01
-1.031390973499665270e-01
-1.021744039082550376e-01
-1.012193699947878667e-01
-1.002738943479597605e-01
-9.933787570616540996e-02
-9.841121280779951963e-02
-9.749380439125679421e-02
-9.658554919493192448e-02
-9.568634595721964287e-02
-9.479609341651464016e-02
-9.391469031121157940e-02
-9.304203537970522075e-02
-9.217802736039022726e-02
-9.132256499166128971e-02
-9.047554701191318216e-02
-8.963687215954055376e-02
-8.880643917293809531e-02
-8.798414679050056697e-02
-8.716989375062265955e-02
-8.636357879169902219e-02
-8.556510065212438731e-02
-8.477435807029345960e-02
-8.399124978460095758e-02
-8.321567453344157206e-02
-8.244753105520997993e-02
-8.168671808830094139e-02
-8.093313437110910558e-02
-8.018667864202923268e-02
-7.944724963945595797e-02
-7.871474610178405551e-02
-7.798906676740814670e-02
-7.727011037472299171e-02
-7.655777566212330909e-02
-7.585196136800373412e-02
-7.515256623075902698e-02
-7.445948898878390620e-02
-7.377262838047300708e-02
-7.309188314422107591e-02
-7.241715201842281735e-02
-7.174833374147292220e-02
-7.108532705176608124e-02
-7.042803068769702690e-02
-6.977634338766047772e-02
-6.913016389005104123e-02
-6.848939093326358862e-02
-6.785392325569263028e-02
-6.722365959573302352e-02
-6.659849869177934811e-02
-6.597833928222641975e-02
-6.536308010546890146e-02
-6.475261989990142852e-02
-6.414685740391880275e-02
