-1.783513538360301798e-01
-1.513731600088225604e-01
-1.262863308884498992e-01
-1.030589485193409566e-01
-8.165909494592475670e-02
-6.205485221263012247e-02
-4.421430236388602941e-02
-2.810552744412123105e-02
-1.369660949776480181e-02
-9.556305692454530312e-04
1.014932729700789189e-02
1.965018205656623995e-02
2.757885166500078158e-02
3.396725407788261930e-02
3.884730725078289204e-02
4.225092913927258609e-02
4.421003769892301039e-02
4.475655088530502979e-02
4.392238665399000874e-02
4.173946296054885374e-02
3.823969776055276271e-02
3.345500900957291274e-02
2.741731466318032134e-02
2.015853267694603726e-02
1.171058100644126188e-02
2.105377607237170125e-03
-8.625159565095257344e-03
-2.044911255498496269e-02
-3.333456340686061226e-02
-4.724959416515120414e-02
-6.216228687428564104e-02
-7.804072357869286380e-02
-9.485298632280166065e-02
-1.125671571510410557e-01
-1.311513181078398094e-01
-1.505735512376268070e-01
-1.708019385848310312e-01
-1.918045621938813394e-01
-2.135495041092066726e-01
-2.360048463752359160e-01
-2.591386710363977608e-01
-2.829190601371213698e-01
-3.073140957218353231e-01
-3.322918598349688390e-01
-3.578204345209506365e-01
-3.838679018242096008e-01
-4.104023437891747839e-01
-4.373918424602747934e-01
-4.648044798819386259e-01
-4.926083380985954441e-01
-5.207714991546735783e-01
-5.492620450946026356e-01
-5.780480579628107796e-01
-6.070976198037275617e-01
-6.363788126617816454e-01
-6.658597185814013608e-01
-6.955084196070164815e-01
-7.252929977830551156e-01
-7.551815351539469257e-01
-7.851421137641199088e-01
-8.151428156580040607e-01
-8.451517228800269343e-01
-8.751369174746187474e-01
-9.050664814862074969e-01
-9.349084969592224015e-01
-9.646310459380925684e-01
-9.942022104672461058e-01
-1.023590072591113120e+00
-1.052762714354121387e+00
-1.081688217800700347e+00
-1.110334664975278329e+00
-1.138670137922284775e+00
-1.166662718686148459e+00
-1.194280545531959836e+00
-1.221497245527125353e+00
-1.248296463427956082e+00
-1.274662910101075575e+00
-1.300581296413107824e+00
-1.326036333230677267e+00
-1.351012731420406787e+00
-1.375495201848921711e+00
-1.399468455382844922e+00
-1.422917202888801080e+00
-1.445826155233413512e+00
-1.468180023283307101e+00
-1.489963517905105395e+00
-1.511161349965432610e+00
-1.531758230330911852e+00
-1.551738869868167336e+00
-1.571087979443824167e+00
-1.589790269924505228e+00
-1.607830452176834513e+00
-1.625193237067436458e+00
-1.641863335462934614e+00
-1.657825458229953197e+00
-1.673064316235116422e+00
-1.687564620345047173e+00
-1.701311081426370997e+00
-1.714288410345711000e+00
-1.726481317969691176e+00
-1.737874515164935962e+00
-1.748452712798068021e+00
-1.758200621735713121e+00
-1.767102952844493924e+00
-1.775144416991034868e+00
-1.782309725041959947e+00
-1.788583587863893376e+00
-1.793950716323458039e+00
-1.798395821287279484e+00
-1.801903613621980149e+00
-1.804463465480496520e+00
-1.806089272043046812e+00
-1.806802964547449264e+00
-1.806626478892809695e+00
-1.805581750978234368e+00
-1.803690716702826879e+00
-1.800975311965694825e+00
-1.797457472665942024e+00
-1.793159134702672963e+00
-1.788102233974995459e+00
-1.782308706382013996e+00
-1.775800487822831730e+00
-1.768599514196557365e+00
-1.760727721402294721e+00
-1.752207045339148728e+00
-1.743059421906225426e+00
-1.733306787002630189e+00
-1.722971076527468171e+00
-1.712074226379844966e+00
-1.700638172458865061e+00
-1.688684850663635162e+00
-1.676236196893259978e+00
-1.663314147046844660e+00
-1.649940637023495249e+00
-1.636137602722315787e+00
-1.621926980042413202e+00
-1.607330704882892203e+00
-1.592370713142858163e+00
-1.577068940721416457e+00
-1.561447323517672015e+00
-1.545527797430731543e+00
-1.529332298359698639e+00
-1.512882762203680231e+00
-1.496201124861779919e+00
-1.479309322233105295e+00
-1.462229290216760180e+00
-1.444982701811508896e+00
-1.427586301851842210e+00
-1.410052458368419082e+00
-1.392393387250494552e+00
-1.374621304387324994e+00
-1.356748425668167002e+00
-1.338786966982276283e+00
-1.320749144218909210e+00
-1.302647173267322378e+00
-1.284493270016771049e+00
-1.266299650356512263e+00
-1.248078530175802170e+00
-1.229842125363896255e+00
-1.211602651810051556e+00
-1.193372325403523337e+00
-1.175163362033568637e+00
-1.156987977589443828e+00
-1.138858387960403951e+00
-1.120786809035705822e+00
-1.102785456704605593e+00
-1.084866546856359859e+00
-1.067042295380224326e+00
-1.049324918165455145e+00
-1.031726631101308467e+00
-1.014259650077041552e+00
-9.969361909819091094e-01
-9.797684697051676217e-01
-9.627687021360743502e-01
-9.459491041638838915e-01
-9.293218916778539507e-01
-9.128992805672397903e-01
-8.966934867212976723e-01
-8.807167260292839694e-01
-8.649812143804551656e-01
-8.494991676640670786e-01
-8.342828017693756371e-01
-8.193443168461083115e-01
-8.046916535338669574e-01
-7.903227500013656481e-01
-7.762341101527078235e-01
-7.624222378919970344e-01
-7.488836371233372757e-01
-7.356148117508325424e-01
-7.226122656785858300e-01
-7.098725028107013557e-01
-6.973920270512823372e-01
-6.851673423044331024e-01
-6.731949524742569801e-01
-6.614713614648574103e-01
-6.499930731803388317e-01
-6.387565915248040183e-01
-6.277584204023575198e-01
-6.169950637171023322e-01
-6.064630253731433385e-01
-5.961588092745828682e-01
-5.860789193255250273e-01
-5.762198594300736998e-01
-5.665781334923325474e-01
-5.571502454164051210e-01
-5.479326991063953045e-01
-5.389219984664069818e-01
-5.301146474005433706e-01
-5.215071498129086880e-01
-5.130960096076061516e-01
-5.048777306887395344e-01
-4.968488169604127758e-01
-4.890057723267293710e-01
-4.813451006917932040e-01
-4.738633059597079922e-01
-4.665568920345770088e-01
-4.594223628205045817e-01
-4.524562222215942620e-01
-4.456549741419492117e-01
-4.390151356966381369e-01
-4.325333161331616494e-01
-4.262061639332292984e-01
-4.200303277235267752e-01
-4.140024561307399376e-01
-4.081191977815545324e-01
-4.023772013026561956e-01
-3.967731153207310069e-01
-3.913035884624643801e-01
-3.859652693545421731e-01
-3.807548066236500217e-01
-3.756688488964739503e-01
-3.707040447996996502e-01
-3.658570429600127016e-01
-3.611244920040990181e-01
-3.565030405586445128e-01
-3.519893372503344886e-01
-3.475800307058550254e-01
-3.432717695518918144e-01
-3.390612024151306580e-01
-3.349449779222572476e-01
-3.309197446999573855e-01
-3.269821513749169295e-01
-3.231288465738213489e-01
-3.193564789233567791e-01
-3.156616970502087449e-01
-3.120411495810629376e-01
-3.084914851426052707e-01
-3.050093523615214908e-01
-3.015913998644972893e-01
-2.982342762782183576e-01
-2.949346302293707756e-01
-2.916891103446398459e-01
-2.884943652507118150e-01
-2.853470435742719857e-01
-2.822437939420063824e-01
-2.791813105452494725e-01
-2.761575983791523803e-01
-2.731721383689698079e-01
-2.702244901756697959e-01
-2.673142134602201625e-01
-2.644408678835888371e-01
-2.616040131067440822e-01
-2.588032087906531609e-01
-2.560380145962843912e-01
-2.533079901846057025e-01
-2.506126952165849131e-01
-2.479516893531900357e-01
-2.453245322553889163e-01
-2.427307835841494843e-01
-2.401700030004396413e-01
-2.376417501652274833e-01
-2.351455847394806342e-01
-2.326810663841671623e-01
-2.302477547602550245e-01
-2.278452095287120671e-01
-2.254729903505062194e-01
-2.231306568866054107e-01
-2.208177687979777370e-01
-2.185338857455907668e-01
-2.162785673904127348e-01
-2.140513733934114315e-01
-2.118518634155547309e-01
-2.096795971178106455e-01
-2.075341341611469381e-01
-2.054150342065317048e-01
-2.033218569149327914e-01
-2.012541619473181831e-01
-1.992115089646557813e-01
-1.971934576279134044e-01
-1.951995675980590095e-01
-1.932293985360605537e-01
-1.912825101255463955e-01
-1.893585011169073296e-01
-1.874570894776077801e-01
-1.855780158356474530e-01
-1.837210208190257765e-01
-1.818858450557423179e-01
-1.800722291737965053e-01
-1.782799138011879336e-01
-1.765086395659160867e-01
-1.747581470959805594e-01
-1.730281770193807522e-01
-1.713184699641162878e-01
-1.696287665581865944e-01
-1.679588074295913225e-01
-1.663083332063299835e-01
-1.646770845164019781e-01
-1.630648019878068733e-01
-1.614712262485442640e-01
-1.598960979266135785e-01
-1.583391576500143560e-01
-1.568001460467461639e-01
-1.552788037448085412e-01
-1.537748713722009164e-01
-1.522880895569229676e-01
-1.508181989269739842e-01
-1.493649401103536722e-01
-1.479280537350614877e-01
-1.465072804290969699e-01
-1.451023608204596027e-01
-1.437130355371490087e-01
-1.423390452071646162e-01
-1.409801304585059367e-01
-1.396360319191725929e-01
-1.383064902171639576e-01
-1.369912459804797089e-01
-1.356900398371192473e-01
-1.344026124150821677e-01
-1.331287125988222242e-01
-1.318681668544368080e-01
-1.306208441558622813e-01
-1.293866139124336401e-01
-1.281653455334862690e-01
-1.269569084283551086e-01
-1.257611720063755156e-01
-1.245780056768826111e-01
-1.234072788492116129e-01
-1.222488609326976700e-01
-1.211026213366759585e-01
-1.199684294704816828e-01
-1.188461547434501026e-01
-1.177356665649162137e-01
-1.166368343442153593e-01
-1.155495274906826741e-01
-1.144736154136532791e-01
-1.134089675224624477e-01
-1.123554532264453287e-01
-1.113129419349370708e-01
-1.102813030572729197e-01
-1.092604060027880519e-01
-1.082501201808175884e-01
-1.072503150006967332e-01
-1.062608598717606767e-01
-1.052816242033446231e-01
-1.043124774047837211e-01
-1.033532888854131471e-01
-1.024039280545681607e-01
-1.014642643215838691e-01
-1.005341670957954903e-01
-9.961350578653818677e-02
-9.870214980314712117e-02
-9.779996855495751151e-02
-9.690683145130452036e-02
-9.602260790152333803e-02
-9.514716731494916868e-02
-9.428037910091713325e-02
-9.342211266876247755e-02
-9.257223742782041964e-02
-9.173062278742602493e-02
-9.089713815691453924e-02
-9.007165294562111124e-02
-8.925403656288098675e-02
-8.844415841802930056e-02
-8.764188792040124298e-02
-8.684709447933200432e-02
-8.605964750415676101e-02
-8.527941640421074498e-02
-8.450627058882903553e-02
-8.374007946734690622e-02
-8.298071244909947797e-02
-8.222803894342192721e-02
-8.148192835964954139e-02
-8.074225010711738593e-02
-8.000887359516069275e-02
-7.928166823311467992e-02
-7.856050343031444061e-02
-7.784524859609522063e-02
-7.713577313979218253e-02
-7.643194647074050274e-02
-7.573363799827539933e-02
-7.504071713173199321e-02
-7.435305328044557183e-02
-7.367051585375115896e-02
-7.299297426098412533e-02
-7.232029791147945308e-02
-7.165235621457251292e-02
-7.098901857959832862e-02
-7.033015441589220151e-02
-6.967563313278928028e-02
-6.902532413962467195e-02
-6.837909684573369173e-02
