-1.783513538360301798e-01
-1.668694595098103306e-01
-1.560063510104610918e-01
-1.457476876950289935e-01
-1.360791289205607602e-01
-1.269863340441027000e-01
-1.184549624227015929e-01
-1.104706734134038998e-01
-1.030191263732562756e-01
-9.608598065930515353e-02
-8.965689562859728567e-02
-8.371753063817909124e-02
-7.825354504509718367e-02
-7.325059820639816255e-02
-6.869434947912854417e-02
-6.457045822033499749e-02
-6.086458378706394862e-02
-5.756238553636210814e-02
-5.464952282527590216e-02
-5.211165501085199964e-02
-4.993444145013697238e-02
-4.810354150017732977e-02
-4.660461451801967137e-02
-4.542331986071057592e-02
-4.454531688529660138e-02
-4.395626494882431262e-02
-4.364182340834029533e-02
-4.358765162089109357e-02
-4.377940894352329998e-02
-4.420275473328345167e-02
-4.484334834721815516e-02
-4.568684914237396144e-02
-4.671891647579744927e-02
-4.792520970453516965e-02
-4.929138818563369440e-02
-5.080311127613960920e-02
-5.244603833309944424e-02
-5.420582871355982685e-02
-5.606814177456730108e-02
-5.801863687316839713e-02
-6.004297336640972843e-02
-6.212681061133785987e-02
-6.425580796499934244e-02
-6.641562478444076878e-02
-6.859192042670871070e-02
-7.077035424884967063e-02
-7.293658560791030365e-02
-7.507627386093713995e-02
-7.717507836497675133e-02
-7.921865847707572350e-02
-8.119267355428055888e-02
-8.308278295363792643e-02
-8.487464603219430082e-02
-8.655392214699630937e-02
-8.810627065509051004e-02
-8.951735091352348850e-02
-9.077282227934174719e-02
-9.185834410959192731e-02
-9.276184948973548172e-02
-9.348530335697936844e-02
-9.403601812091379186e-02
-9.442131671764937562e-02
-9.464852208329670169e-02
-9.472495715396637983e-02
-9.465794486576904754e-02
-9.445480815481527292e-02
-9.412286995721572125e-02
-9.366945320908096062e-02
-9.310188084652162854e-02
-9.242747580564832088e-02
-9.165356102257161963e-02
-9.078745943340217617e-02
-8.983649397425060024e-02
-8.880798758122745995e-02
-8.770926319044339281e-02
-8.654764373800902244e-02
-8.533045216003493083e-02
-8.406501139263176936e-02
-8.275864437191009226e-02
-8.141867403398055092e-02
-8.005242331495372732e-02
-7.866721515094025896e-02
-7.727037247805072784e-02
-7.586921823239575757e-02
-7.447107535008597179e-02
-7.308326676723196635e-02
-7.171308494303596515e-02
-7.036516703605871781e-02
-6.903947199942658819e-02
-6.773548258457262605e-02
-6.645268154292995055e-02
-6.519055162593162533e-02
-6.394857558501074180e-02
-6.272623617160046072e-02
-6.152301613713380413e-02
-6.033839823304389116e-02
-5.917186521076382710e-02
-5.802289982172666172e-02
-5.689098481736552804e-02
-5.577560294911350358e-02
-5.467623696840375608e-02
-5.359236962666923121e-02
-5.252348367534311752e-02
-5.146906186585848558e-02
-5.042858694964848232e-02
-4.940154167814611585e-02
-4.838740880278452616e-02
-4.738567107499679076e-02
-4.639581124621602187e-02
-4.541731206787530395e-02
-4.444965629140773533e-02
-4.349232666824637272e-02
-4.254480594982435609e-02
-4.160657688757476991e-02
-4.067712223293069168e-02
-3.975597517934726516e-02
-3.884316446270415918e-02
-3.793900008359600562e-02
-3.704379527090674584e-02
-3.615786325352041142e-02
-3.528151726032102004e-02
-3.441507052019252694e-02
-3.355883626201899839e-02
-3.271312771468437575e-02
-3.187825810707265589e-02
-3.105454066806788774e-02
-3.024228862655405428e-02
-2.944181521141513852e-02
-2.865343365153515467e-02
-2.787745717579809615e-02
-2.711419901308796676e-02
-2.636397239228878767e-02
-2.562709054228453145e-02
-2.490386669195919500e-02
-2.419461407019680294e-02
-2.349964590588135560e-02
-2.281927542789682559e-02
-2.215381586512723405e-02
-2.150358044645657440e-02
-2.086888240076885739e-02
-2.025003495694808683e-02
-1.964735134387823878e-02
-1.906114479044333093e-02
-1.849172819754580852e-02
-1.793924785145648362e-02
-1.740341283902883951e-02
-1.688386140309982783e-02
-1.638023178650635167e-02
-1.589216223208535922e-02
-1.541929098267372927e-02
-1.496125628110840482e-02
-1.451769637022629587e-02
-1.408824949286433328e-02
-1.367255389185943054e-02
-1.327024781004849593e-02
-1.288096949026846551e-02
-1.250435717535624582e-02
-1.214004910814877637e-02
-1.178768353148294985e-02
-1.144689868819569883e-02
-1.111733282112393507e-02
-1.079862417310459115e-02
-1.049041098697458402e-02
-1.019233150557082197e-02
-9.904023971730227180e-03
-9.625126628289721806e-03
-9.355277718086231487e-03
-9.094115483956667981e-03
-8.841278168737951720e-03
-8.596404015266994464e-03
-8.359131266380733991e-03
-8.129098164916073385e-03
-7.905949770182057676e-03
-7.689445636917971102e-03
-7.479440324443328500e-03
-7.275791267776835630e-03
-7.078355901937180908e-03
-6.886991661943066625e-03
-6.701555982813195943e-03
-6.521906299566270285e-03
-6.347900047220978066e-03
-6.179394660796024182e-03
-6.016247575310110923e-03
-5.858316225781931043e-03
-5.705458047230193772e-03
-5.557530474673585789e-03
-5.414390943130811991e-03
-5.275896887620570332e-03
-5.141905743161563104e-03
-5.012274944772484794e-03
-4.886861927472037695e-03
-4.765524126278915425e-03
-4.648118976211827215e-03
-4.534503912289461480e-03
-4.424536369530523115e-03
-4.318073782953710076e-03
-4.214973587577721184e-03
-4.115093218421254397e-03
-4.018290110503009403e-03
-3.924421698841689364e-03
-3.833345418455987464e-03
-3.744931843681910746e-03
-3.659104106124700002e-03
-3.575798476706896004e-03
-3.494951226351049496e-03
-3.416498625979701251e-03
-3.340376946515397679e-03
-3.266522458880684321e-03
-3.194871433998108454e-03
-3.125360142790209982e-03
-3.057924856179536181e-03
-2.992501845088633029e-03
-2.929027380440044331e-03
-2.867437733156316063e-03
-2.807669174159994202e-03
-2.749657974373621687e-03
-2.693340404719745361e-03
-2.638652736120912067e-03
-2.585531239499661710e-03
-2.533912185778541999e-03
-2.483731845880099778e-03
-2.434926490726877120e-03
-2.387432391241421301e-03
-2.341185818346276561e-03
-2.296123042963988010e-03
-2.252180336017100756e-03
-2.209293968428161642e-03
-2.167400211119712740e-03
-2.126435335014300026e-03
-2.086336267381957554e-03
-2.047061619269019937e-03
-2.008596134075540246e-03
-1.970926110988217329e-03
-1.934037849193747435e-03
-1.897917647878827460e-03
-1.862551806230152351e-03
-1.827926623434418573e-03
-1.794028398678323456e-03
-1.760843431148563032e-03
-1.728358020031834632e-03
-1.696558464514834287e-03
-1.665431063784257593e-03
-1.634962117026802532e-03
-1.605137923429165786e-03
-1.575944782178042300e-03
-1.547368992460128540e-03
-1.519396853462121619e-03
-1.492014664370718219e-03
-1.465208724372614804e-03
-1.438965332654507405e-03
-1.413270788403093135e-03
-1.388111390805067810e-03
-1.363473439047129627e-03
-1.339343232315972449e-03
-1.315707069798293608e-03
-1.292551250680790652e-03
-1.269862074150159177e-03
-1.247625839393095648e-03
-1.225829502474814255e-03
-1.204464073252489503e-03
-1.183522106464254082e-03
-1.162996159889344945e-03
-1.142878791306996440e-03
-1.123162558496446388e-03
-1.103840019236931739e-03
-1.084903731307687493e-03
-1.066346252487951687e-03
-1.048160140556959755e-03
-1.030337953293948214e-03
-1.012872248478153799e-03
-9.957555838888141123e-04
-9.789805173051632867e-04
-9.625396065064388161e-04
-9.464254092718775435e-04
-9.306304833807152281e-04
-9.151473866121889299e-04
-8.999686767455349502e-04
-8.850869115599896983e-04
-8.704946488347894756e-04
-8.561844463491713421e-04
-8.421488618823706231e-04
-8.283804532136245955e-04
-8.148717781221694522e-04
-8.016153943872416027e-04
-7.886038597880777818e-04
-7.758297321039142906e-04
-7.632855845071608199e-04
-7.509653313004532480e-04
-7.388652496385297993e-04
-7.269818571944644146e-04
-7.153116716413285411e-04
-7.038512106521961197e-04
-6.925969919001392482e-04
-6.815455330582306749e-04
-6.706933517995433648e-04
-6.600369657971495241e-04
-6.495728927241230938e-04
-6.392976502535350873e-04
-6.292077560584590119e-04
-6.192997278119676159e-04
-6.095700831871334307e-04
-6.000153398570293129e-04
-5.906320154947279025e-04
-5.814166277733019477e-04
-5.723656943658241968e-04
-5.634757329453675065e-04
-5.547432611850039745e-04
-5.461647967578067827e-04
-5.377368573368485711e-04
-5.294559605952018711e-04
-5.213186242059395393e-04
-5.133213658421344324e-04
-5.054607031768589736e-04
-4.977331538831858025e-04
-4.901352356341884264e-04
-4.826635660902055106e-04
-4.753157451864889298e-04
-4.680899303872904679e-04
-4.609842855560478321e-04
-4.539969745561982955e-04
-4.471261612511792942e-04
-4.403700095044282099e-04
-4.337266831793822074e-04
-4.271943461394790481e-04
-4.207711622481555172e-04
-4.144552953688492134e-04
-4.082449093649975725e-04
-4.021381681000378138e-04
-3.961332354374075900e-04
-3.902282752405437948e-04
-3.844214513728842438e-04
-3.787109276978661019e-04
-3.730948680789267506e-04
-3.675714363795034093e-04
-3.621387964630335679e-04
-3.567951121929544998e-04
-3.515385474327034783e-04
-3.463672660457182647e-04
-3.412794318954358069e-04
-3.362732088452936494e-04
-3.313467607587293365e-04
-3.264982514991797077e-04
-3.217258449300825786e-04
-3.170277053506829709e-04
-3.124022184507932974e-04
-3.078483508525576705e-04
-3.033651633126914341e-04
-2.989517165879106370e-04
-2.946070714349308399e-04
-2.903302886104679290e-04
-2.861204288712371939e-04
-2.819765529739545751e-04
-2.778977216753357416e-04
-2.738829957320963629e-04
-2.699314359009521622e-04
-2.660421029386188631e-04
-2.622140576018120806e-04
-2.584463606472475923e-04
-2.547380728316411217e-04
-2.510882549117082296e-04
-2.474959676441646395e-04
-2.439602717857260747e-04
-2.404802280931083130e-04
-2.370548973230268068e-04
-2.336833402321975505e-04
-2.303646175773360508e-04
-2.270977901151580852e-04
-2.238819186023794045e-04
-2.207160637957155693e-04
-2.175992864518822218e-04
-2.145306473275951397e-04
-2.115092071795701277e-04
-2.085340267645227196e-04
-2.056041668391687201e-04
-2.027186881602236900e-04
-1.998766514844034340e-04
-1.970771175684237842e-04
-1.943191471690001385e-04
-1.916018010428483290e-04
-1.889241399466840248e-04
-1.862852246372229494e-04
-1.836841158711807450e-04
-1.811198744052732162e-04
-1.785915609962160052e-04
-1.760982364007248626e-04
-1.736389613755153221e-04
-1.712127966773030799e-04
-1.688188030628039952e-04
-1.664560412887336829e-04
-1.641235721118078394e-04
-1.618204562887421338e-04
-1.595457545762523710e-04
-1.572985277310539763e-04
-1.550778365098630254e-04
-1.528827416693948353e-04
-1.507123039663654817e-04
-1.485655841574902273e-04
-1.464416429994851751e-04
-1.443395412490658587e-04
-1.422583396629477305e-04
-1.401970989978469477e-04
