-1.783513538360301798e-01
-1.535306432998367054e-01
-1.305729308795696986e-01
-1.094420481125553818e-01
-9.010182653612026915e-02
-7.251609768759061103e-02
-5.664869310429292842e-02
-4.246344432355344395e-02
-2.992418288269868554e-02
-1.899474031905491050e-02
-9.638948169948476780e-03
-1.820637972705878033e-03
4.496358735346593291e-03
9.348210416882567556e-03
1.277108553457563349e-02
1.480115255109942969e-02
1.547457992912761732e-02
1.482753613133374823e-02
1.289618962039155471e-02
9.716708858974517499e-03
5.325262309756396625e-03
-2.419815645892336542e-04
-6.948854301388720373e-03
-1.475918743796856419e-02
-2.363681251165496849e-02
-3.354556105977437447e-02
-4.444926461965324760e-02
-5.631175472861788683e-02
-6.909686292399452867e-02
-8.276842074310972186e-02
-9.729025972328983474e-02
-1.126262114018611871e-01
-1.287401073161501819e-01
-1.455957790034831389e-01
-1.631570580011865168e-01
-1.813877758465866075e-01
-2.002517640770097862e-01
-2.197128542297825393e-01
-2.397348778422312143e-01
-2.602816664516821032e-01
-2.813170515954616091e-01
-3.028048648108961349e-01
-3.247089376353120560e-01
-3.469931016060356366e-01
-3.696211882603932519e-01
-3.925570291357116659e-01
-4.157644557693166432e-01
-4.392072996985350031e-01
-4.628493924606930099e-01
-4.866545655931170389e-01
-5.105866506331332433e-01
-5.346094791180683314e-01
-5.586868825852485676e-01
-5.827826925720003270e-01
-6.068607406156500961e-01
-6.308848582535236948e-01
-6.548188770229481648e-01
-6.786266284612494371e-01
-7.022719441057543310e-01
-7.257186554937885559e-01
-7.489305941626795970e-01
-7.718715916497523866e-01
-7.945054794923345209e-01
-8.167960892277514873e-01
-8.387072523933304380e-01
-8.602028005263974153e-01
-8.812465651642783504e-01
-9.018023778443003957e-01
-9.218340701037893714e-01
-9.413054734800718748e-01
-9.601804195104739481e-01
-9.784227397323225217e-01
-9.959962656829436378e-01
-1.012864974131254980e+00
-1.029007020752627621e+00
-1.044426439340396584e+00
-1.059130017709179139e+00
-1.073124543673594111e+00
-1.086416805048259437e+00
-1.099013589647792832e+00
-1.110921685286813343e+00
-1.122147879779938018e+00
-1.132698960941786126e+00
-1.142581716586974716e+00
-1.151802934530123057e+00
-1.160369402585848864e+00
-1.168287908568770517e+00
-1.175565240293505287e+00
-1.182208185574671999e+00
-1.188223532226889256e+00
-1.193618068064774773e+00
-1.198398580902946042e+00
-1.202571858556022333e+00
-1.206144688838621137e+00
-1.209123859565360837e+00
-1.211516158550859812e+00
-1.213328373609735333e+00
-1.214567292556607114e+00
-1.215239703206091537e+00
-1.215352393372808315e+00
-1.214912150871374941e+00
-1.213925763516408463e+00
-1.212400019122529482e+00
-1.210341705504354159e+00
-1.207757610476500876e+00
-1.204654521853589122e+00
-1.201039227450235947e+00
-1.196918515081059287e+00
-1.192299172560678189e+00
-1.187187987703709924e+00
-1.181592961300614641e+00
-1.175528475607754197e+00
-1.169011004051840441e+00
-1.162057021272561386e+00
-1.154683001909606599e+00
-1.146905420602661652e+00
-1.138740751991417000e+00
-1.130205470715559990e+00
-1.121316051414778636e+00
-1.112088968728761174e+00
-1.102540697297196282e+00
-1.092687711759770863e+00
-1.082546486756174486e+00
-1.072133496926094720e+00
-1.061465216909219578e+00
-1.050558121345237073e+00
-1.039428684873836106e+00
-1.028093382134704026e+00
-1.016568687767529733e+00
-1.004871076412000575e+00
-9.930170227078054523e-01
-9.810230012946321576e-01
-9.689054868121687036e-01
-9.566809539001038809e-01
-9.443658771981248146e-01
-9.319767313459207392e-01
-9.195299909831792240e-01
-9.070421307495885044e-01
-8.945296252848369267e-01
-8.820089492286121713e-01
-8.694965772206034726e-01
-8.570089839004975119e-01
-8.445626439079836345e-01
-8.321740318827492988e-01
-8.198596224644830732e-01
-8.076358902928729711e-01
-7.955189041780447168e-01
-7.835171255046666783e-01
-7.716322593467286328e-01
-7.598657759231479680e-01
-7.482191454528430707e-01
-7.366938381547318837e-01
-7.252913242477325717e-01
-7.140130739507632995e-01
-7.028605574827416769e-01
-6.918352450625860905e-01
-6.809386069092148164e-01
-6.701721132415459081e-01
-6.595372342784969755e-01
-6.490354402389865163e-01
-6.386682013419321402e-01
-6.284369878062523451e-01
-6.183432698508654068e-01
-6.083885176946889350e-01
-5.985742015566408725e-01
-5.889017916556396059e-01
-5.793727582106035223e-01
-5.699885714404498982e-01
-5.607507015640972314e-01
-5.516606188004635758e-01
-5.427197933684674291e-01
-5.339296954870260681e-01
-5.252917953750578794e-01
-5.168075632514812501e-01
-5.084784693352137896e-01
-5.003059838451738850e-01
-4.922915770002793123e-01
-4.844367190194484030e-01
-4.767428801215989331e-01
-4.692115305256496227e-01
-4.618441404505178594e-01
-4.546421801151219189e-01
-4.476071149257196957e-01
-4.407391078624188774e-01
-4.340352634598080850e-01
-4.274922476988205489e-01
-4.211067265603897769e-01
-4.148753660254491105e-01
-4.087948320749322240e-01
-4.028617906897720702e-01
-3.970729078509022125e-01
-3.914248495392559368e-01
-3.859142817357669175e-01
-3.805378704213682739e-01
-3.752922815769934028e-01
-3.701741811835759788e-01
-3.651802352220489545e-01
-3.603071096733461154e-01
-3.555514705184004143e-01
-3.509099837381460252e-01
-3.463793153135154568e-01
-3.419561312254424390e-01
-3.376370974548603687e-01
-3.334188799827027538e-01
-3.292981447899027136e-01
-3.252715578573938671e-01
-3.213357851661094999e-01
-3.174874926969830091e-01
-3.137233464309478470e-01
-3.100400123489373549e-01
-3.064341564318848743e-01
-3.029024446607237464e-01
-2.994415430163875347e-01
-2.960481174798094695e-01
-2.927188340319231141e-01
-2.894503586536615325e-01
-2.862393573259586210e-01
-2.830824960297473325e-01
-2.799764407459611193e-01
-2.769180925837226304e-01
-2.739059924213085861e-01
-2.709393794257877741e-01
-2.680174953445110808e-01
-2.651395819248292263e-01
-2.623048809140930415e-01
-2.595126340596533576e-01
-2.567620831088608946e-01
-2.540524698090663169e-01
-2.513830359076206777e-01
-2.487530231518744472e-01
-2.461616732891786508e-01
-2.436082280668839806e-01
-2.410919292323412400e-01
-2.386120185329012322e-01
-2.361677377159147606e-01
-2.337583285287324342e-01
-2.313830327187051672e-01
-2.290410920331837907e-01
-2.267317482195189415e-01
-2.244542430250616172e-01
-2.222078181971624544e-01
-2.199917154831722010e-01
-2.178051766304417713e-01
-2.156474433863219131e-01
-2.135177574981633186e-01
-2.114153607133167911e-01
-2.093394947791331895e-01
-2.072894014429632059e-01
-2.052643224521577547e-01
-2.032634995540675282e-01
-2.012861744960433297e-01
-1.993315890254358513e-01
-1.973989848895961186e-01
-1.954876038358746571e-01
-1.935966876116223812e-01
-1.917254874941808351e-01
-1.898735289196671616e-01
-1.880406460196606400e-01
-1.862266893935648204e-01
-1.844315096407831422e-01
-1.826549573607189891e-01
-1.808968831527759114e-01
-1.791571376163571538e-01
-1.774355713508663779e-01
-1.757320349557070227e-01
-1.740463790302823888e-01
-1.723784541739959708e-01
-1.707281109862513746e-01
-1.690952000664519006e-01
-1.674795720140010158e-01
-1.658810774283022982e-01
-1.642995669087589927e-01
-1.627348910547746774e-01
-1.611869004657527638e-01
-1.596554457410967465e-01
-1.581403774802099815e-01
-1.566415462824960192e-01
-1.551588027473583542e-01
-1.536919974742002593e-01
-1.522409810624253401e-01
-1.508056041114369528e-01
-1.493857172206386197e-01
-1.479811709894338079e-01
-1.465918160172258178e-01
-1.452175029034182274e-01
-1.438580822474144483e-01
-1.425134046486180028e-01
-1.411833207064323026e-01
-1.398676810202607312e-01
-1.385663361895067835e-01
-1.372791368135739265e-01
-1.360059334895812599e-01
-1.347465728765113446e-01
-1.335008896156338887e-01
-1.322687160639165471e-01
-1.310498845783270305e-01
-1.298442275158331327e-01
-1.286515772334024255e-01
-1.274717660880026193e-01
-1.263046264366014249e-01
-1.251499906361666914e-01
-1.240076910436659074e-01
-1.228775600160669224e-01
-1.217594299103373079e-01
-1.206531330834449134e-01
-1.195585018923574216e-01
-1.184753686940424044e-01
-1.174035658454676417e-01
-1.163429257036008857e-01
-1.152932806254097081e-01
-1.142544629678619306e-01
-1.132263050879252081e-01
-1.122086393425672790e-01
-1.112012980887557984e-01
-1.102041136834585322e-01
-1.092169184836430801e-01
-1.082395448462772219e-01
-1.072718251283285990e-01
-1.063135916867649633e-01
-1.053646768785539978e-01
-1.044249130606633991e-01
-1.034941325900609194e-01
-1.025721678237141860e-01
-1.016588511185909927e-01
-1.007540148316588974e-01
-9.985749131988574945e-02
-9.896911294023916228e-02
-9.808871204968688806e-02
-9.721612813816567222e-02
-9.635126772044541599e-02
-9.549407403494163116e-02
-9.464449069622249411e-02
-9.380246131885631999e-02
-9.296792951741118805e-02
-9.214083890645539954e-02
-9.132113310055714472e-02
-9.050875571428464161e-02
-8.970365036220613597e-02
-8.890576065888980417e-02
-8.811503021890385035e-02
-8.733140265681657577e-02
-8.655482158719608743e-02
-8.578523062461067272e-02
-8.502257338362852190e-02
-8.426679347881782522e-02
-8.351783452474684233e-02
-8.277564013598377735e-02
-8.204015392709683441e-02
-8.131131951265425928e-02
-8.058908050722425609e-02
-7.987338052537501509e-02
-7.916416318167472654e-02
-7.846137209069165008e-02
-7.776495086699401760e-02
-7.707484312515001934e-02
-7.639099247972784557e-02
-7.571334254529579755e-02
-7.504183693642201003e-02
-7.437641926767472877e-02
-7.371703315362215791e-02
-7.306362220883251546e-02
-7.241613004787401942e-02
-7.177450028531487392e-02
-7.113867653572332472e-02
-7.050860241366757597e-02
-6.988422153371583179e-02
-6.926547751043629630e-02
-6.865231395839724304e-02
-6.804467449216682062e-02
-6.744250272631327481e-02
-6.684574227540480973e-02
-6.625433675400964340e-02
-6.566822977669600769e-02
-6.508736495803210675e-02
-6.451168591258614471e-02
-6.394113625492635344e-02
-6.337565959962096485e-02
-6.281519956123815529e-02
-6.225969975434617748e-02
-6.170910379351320085e-02
-6.116335529330747117e-02
-6.062239786829722726e-02
-6.008617513305063162e-02
-5.955463070213593696e-02
-5.902770819012138903e-02
-5.850535121157510177e-02
-5.798750338106538338e-02
-5.747410831316041718e-02
-5.696510962242841425e-02
-5.646045092343759952e-02
-5.596007583075619102e-02
-5.546392795895240674e-02
-5.497195092259440918e-02
-5.448408833625053432e-02
-5.400028381448885445e-02
-5.352048097187769166e-02
-5.304462342298518762e-02
-5.257265478237963668e-02
-5.210451866462921522e-02
-5.164015868430207878e-02
-5.117951845596655641e-02
