-1.783513538360301798e-01
-1.280380930349600266e-01
-8.293837843335390148e-02
-4.293798522336160495e-02
-7.922688597133310459e-03
2.222173625318111037e-02
4.760951413543161592e-02
6.835486985746823396e-02
8.457202822714104951e-02
9.637521405229990124e-02
1.038786521407949609e-01
1.071965673004762198e-01
1.064431843391936416e-01
1.017327280647972454e-01
9.317942328513705019e-02
8.089749480806317228e-02
6.500116744142532543e-02
4.560466599307394509e-02
2.282221527085873461e-02
-3.231959917370262614e-03
-3.244363476376276034e-02
-6.469858446046918010e-02
-9.988258419963910728e-02
-1.378814091734226754e-01
-1.785808345739701708e-01
-2.218666355934309220e-01
-2.676245874239554512e-01
-3.157404652576940030e-01
-3.661000442867958227e-01
-4.185890997034110717e-01
-4.730934066996900778e-01
-5.294987404677825582e-01
-5.876908761998387298e-01
-6.475555890880081433e-01
-7.089786543244412931e-01
-7.718458471012881184e-01
-8.360429426106981143e-01
-9.014557160448213313e-01
-9.679699425958091519e-01
-1.035471397455809184e+00
-1.103845855816972810e+00
-1.172979092871450302e+00
-1.242756883811391155e+00
-1.313065003828945532e+00
-1.383789228116263148e+00
-1.454815331865493944e+00
-1.526029090268788080e+00
-1.597316278518295718e+00
-1.668562671806166575e+00
-1.739654045324551479e+00
-1.810476174265598592e+00
-1.880914833821459631e+00
-1.950855799184283423e+00
-2.020184845546221020e+00
-2.088787748099421915e+00
-2.156550282036036048e+00
-2.223358222548212915e+00
-2.289097344828102454e+00
-2.353661720529037105e+00
-2.416996621224495101e+00
-2.479066830535552768e+00
-2.539837170492822871e+00
-2.599272463126921728e+00
-2.657337530468461662e+00
-2.713997194548060765e+00
-2.769216277396331360e+00
-2.822959601043889322e+00
-2.875191987521351855e+00
-2.925878258859329950e+00
-2.974983237088441257e+00
-3.022471744239298985e+00
-3.068308602342519009e+00
-3.112458633428716315e+00
-3.154886659528505444e+00
-3.195557502672500938e+00
-3.234435984891319560e+00
-3.271486928215574519e+00
-3.306675154675880357e+00
-3.339965486302853392e+00
-3.371322745127108167e+00
-3.400711753179258334e+00
-3.428097332489920657e+00
-3.453444305089708788e+00
-3.476717493009238158e+00
-3.497881718279124641e+00
-3.516901802929980558e+00
-3.533742877501301560e+00
-3.548396951368596230e+00
-3.560903390020179859e+00
-3.571306379395596586e+00
-3.579650105434382112e+00
-3.585978754076080133e+00
-3.590336511260225461e+00
-3.592767562926364455e+00
-3.593316095014031930e+00
-3.592026293462772912e+00
-3.588942344212121771e+00
-3.584108433201619981e+00
-3.577568746370809016e+00
-3.569367469659228576e+00
-3.559548789006419689e+00
-3.548156890351918502e+00
-3.535235959635268710e+00
-3.520830182796008234e+00
-3.504983745773679438e+00
-3.487740834507818022e+00
-3.469145634937967682e+00
-3.449242333003666783e+00
-3.428075114644455468e+00
-3.405688165799872991e+00
-3.382125672409461714e+00
-3.357431820412759116e+00
-3.331650795749305782e+00
-3.304826784358642300e+00
-3.277003972180307034e+00
-3.248226595306301867e+00
-3.218539382526387715e+00
-3.187987342280445002e+00
-3.156615486218107058e+00
-3.124468825989010323e+00
-3.091592373242792124e+00
-3.058031139629085793e+00
-3.023830136797527324e+00
-2.989034376397753157e+00
-2.953688870079397066e+00
-2.917838629492097269e+00
-2.881528666285487983e+00
-2.844803992109204316e+00
-2.807709618612882707e+00
-2.770290557446157376e+00
-2.732591820258665649e+00
-2.694658418700042635e+00
-2.656535364419923440e+00
-2.618267669067943171e+00
-2.579900344293739156e+00
-2.541478401746945615e+00
-2.503046853077198097e+00
-2.464650709934132600e+00
-2.426334983967384229e+00
-2.388144686826589869e+00
-2.350124830161384626e+00
-2.312320425621402276e+00
-2.274776484856280145e+00
-2.237538001495242845e+00
-2.200640814798925593e+00
-2.164096742820610153e+00
-2.127913711204893144e+00
-2.092099645596365409e+00
-2.056662471639622236e+00
-2.021610114979255357e+00
-1.986950501259858948e+00
-1.952691556126024519e+00
-1.918841205222348023e+00
-1.885407374193421637e+00
-1.852397988683836649e+00
-1.819820974338188346e+00
-1.787684256801069793e+00
-1.755995761717074721e+00
-1.724763414730794198e+00
-1.693995141486822620e+00
-1.663698867629753497e+00
-1.633882518804179673e+00
-1.604554020654695989e+00
-1.575721298825893069e+00
-1.547392278962365308e+00
-1.519574886708705774e+00
-1.492277047709508642e+00
-1.465506687609366088e+00
-1.439271732052871400e+00
-1.413580106684617421e+00
-1.388439737149199216e+00
-1.363858549091208294e+00
-1.339843901061124498e+00
-1.316393626200494493e+00
-1.293497653776660927e+00
-1.271145673814137567e+00
-1.249327376337435958e+00
-1.228032451371071421e+00
-1.207250588939556168e+00
-1.186971479067404633e+00
-1.167184811779128584e+00
-1.147880277099242230e+00
-1.129047565052259339e+00
-1.110676365662692788e+00
-1.092756368955056345e+00
-1.075277264953862666e+00
-1.058228743683625517e+00
-1.041600495168858664e+00
-1.025382209434074765e+00
-1.009563576503787585e+00
-9.941342864025102255e-01
-9.790840291547563412e-01
-9.644024947850394769e-01
-9.500793733178721778e-01
-9.361043547777685436e-01
-9.224671291892416747e-01
-9.091573865768048934e-01
-8.961648169649716333e-01
-8.834791103782551058e-01
-8.710899568411696325e-01
-8.589870463782273147e-01
-8.471607149083233423e-01
-8.356038819278792662e-01
-8.243101128276981715e-01
-8.132729729985826994e-01
-8.024860278313359352e-01
-7.919428427167609641e-01
-7.816369830456607604e-01
-7.715620142088381872e-01
-7.617115015970958858e-01
-7.520790106012369414e-01
-7.426581066120644392e-01
-7.334423550203810205e-01
-7.244253212169898815e-01
-7.156005705926939964e-01
-7.069616685382958954e-01
-6.985021804445993299e-01
-6.902156717024068300e-01
-6.820957077025208148e-01
-6.741358538357445918e-01
-6.663296754928815790e-01
-6.586707380647338628e-01
-6.511526069421048613e-01
-6.437688475157976598e-01
-6.365130251766147884e-01
-6.293787053153595545e-01
-6.223594533228348213e-01
-6.154488345898432300e-01
-6.086404145071879768e-01
-6.019278254359581304e-01
-5.953069122370678867e-01
-5.887761861809736041e-01
-5.823343172825142799e-01
-5.759799755565285784e-01
-5.697118310178553857e-01
-5.635285536813328111e-01
-5.574288135617998519e-01
-5.514112806740953943e-01
-5.454746250330577695e-01
-5.396175166535260859e-01
-5.338386255503385636e-01
-5.281366217383343109e-01
-5.225101752323516591e-01
-5.169579560472299384e-01
-5.114786341978072581e-01
-5.060708796989220604e-01
-5.007333625654137865e-01
-4.954647528121206568e-01
-4.902637204538813909e-01
-4.851289355055348751e-01
-4.800590679819197182e-01
-4.750527878978744178e-01
-4.701087652682383045e-01
-4.652256701078493206e-01
-4.604021724315462416e-01
-4.556369422541683423e-01
-4.509286495905535652e-01
-4.462759644555411298e-01
-4.416776353172894853e-01
-4.371328948026400596e-01
-4.326411600490198683e-01
-4.282018485570660560e-01
-4.238143778274149343e-01
-4.194781653607038696e-01
-4.151926286575698399e-01
-4.109571852186494900e-01
-4.067712525445799088e-01
-4.026342481359979630e-01
-3.985455894935403531e-01
-3.945046941178442790e-01
-3.905109795095468295e-01
-3.865638631692844274e-01
-3.826627625976941061e-01
-3.788070952954130099e-01
-3.749962787630777838e-01
-3.712297305013256277e-01
-3.675068680107931862e-01
-3.638271087921174929e-01
-3.601898703459354700e-01
-3.565945701728839845e-01
-3.530406257735999587e-01
-3.495274546487203704e-01
-3.460544742988819755e-01
-3.426211022247217519e-01
-3.392267559268765664e-01
-3.358708529059835635e-01
-3.325528110105144819e-01
-3.292720783940767393e-01
-3.260281566029680222e-01
-3.228205526184107499e-01
-3.196487734216266197e-01
-3.165123259938379396e-01
-3.134107173162664628e-01
-3.103434543701343307e-01
-3.073100441366635738e-01
-3.043099935970760561e-01
-3.013428097325941968e-01
-2.984079995244393047e-01
-2.955050699538338543e-01
-2.926335280019998208e-01
-2.897928806501590682e-01
-2.869826348795336268e-01
-2.842022976713455829e-01
-2.814513760068169113e-01
-2.787293768671696981e-01
-2.760358072336257518e-01
-2.733701740874071584e-01
-2.707319844097361150e-01
-2.681207451818343190e-01
-2.655359633849238565e-01
-2.629771460002268690e-01
-2.604438000089652760e-01
-2.579354323923611081e-01
-2.554515501316362847e-01
-2.529916602080130028e-01
-2.505552865692947662e-01
-2.481421198429853148e-01
-2.457519452622478617e-01
-2.433845491461072985e-01
-2.410397178135884055e-01
-2.387172375837158800e-01
-2.364168947755145300e-01
-2.341384757080090528e-01
-2.318817667002242844e-01
-2.296465540711848385e-01
-2.274326241399155235e-01
-2.252397632254410920e-01
-2.230677576467862411e-01
-2.209163937229759733e-01
-2.187854577730346806e-01
-2.166747361159873653e-01
-2.145840150708586969e-01
-2.125130809566734280e-01
-2.104617200924563669e-01
-2.084297187972321275e-01
-2.064168633900255179e-01
-2.044229401898613463e-01
-2.024477355157643377e-01
-2.004910356867592447e-01
-1.985526270218707645e-01
-1.966322958401238441e-01
-1.947298284605429586e-01
-1.928450112021530272e-01
-1.909776304062257846e-01
-1.891274837155849653e-01
-1.872943984285034280e-01
-1.854782066486382053e-01
-1.836787404796464129e-01
-1.818958320251850280e-01
-1.801293133889113884e-01
-1.783790166744823047e-01
-1.766447739855550314e-01
-1.749264174257865456e-01
-1.732237790988339077e-01
-1.715366911083543167e-01
-1.698649855580048051e-01
-1.682084945514424335e-01
-1.665670501923242897e-01
-1.649404845843075451e-01
-1.633286298310490936e-01
-1.617313180362061065e-01
-1.601483813034357551e-01
-1.585796517363949887e-01
-1.570249614387409232e-01
-1.554841425141307021e-01
-1.539570270662213303e-01
-1.524434471986699513e-01
-1.509432350151337088e-01
-1.494562226192694965e-01
-1.479822421147344857e-01
-1.465211256051857647e-01
-1.450727051942804213e-01
-1.436368129856755438e-01
-1.422132810830282201e-01
-1.408019415899954829e-01
-1.394026266102343925e-01
-1.380151682474022312e-01
-1.366393986051558374e-01
-1.352751497871523545e-01
-1.339222538970489262e-01
-1.325805430385025852e-01
-1.312498493151704193e-01
-1.299300048307095723e-01
-1.286208416887770489e-01
-1.273221919930299928e-01
-1.260338878471254087e-01
-1.247557613547203847e-01
-1.234876446194720645e-01
-1.222293697450374944e-01
-1.209807688350737487e-01
-1.197416739932379570e-01
-1.185119173231871798e-01
-1.172913309285783662e-01
-1.160797469130688403e-01
-1.148769973803154543e-01
-1.136829144339755043e-01
-1.124973301777058288e-01
-1.113200767151637655e-01
-1.101509861500062498e-01
-1.089898905858903005e-01
-1.078366221264731861e-01
