-1.783513538360301798e-01
-1.320276867502494789e-01
-8.967683729818833049e-02
-5.122964642512913003e-02
-1.661695507635469957e-02
1.423039580285255339e-02
4.138156526720991601e-02
6.490571237143480388e-02
8.487199617024480947e-02
1.013495757183569962e-01
1.144076100704890658e-01
1.241152582813584010e-01
1.305416794056822039e-01
1.337560324981781346e-01
1.338274766135634231e-01
1.308251708065556185e-01
1.248182741318718536e-01
1.158759456442299690e-01
1.040673443983470003e-01
8.946162944894045510e-02
7.212795985072792404e-02
5.213549465842665792e-02
2.955339292675406015e-02
4.450813710427588797e-03
-2.310308393583543340e-02
-5.303914095731743911e-02
-8.528819829930130159e-02
-1.197810969070694648e-01
-1.564486777259044004e-01
-1.952217817010886980e-01
-2.360312497779051000e-01
-2.788079229016360849e-01
-3.234826420175644368e-01
-3.699862480709724677e-01
-4.182495820071429060e-01
-4.682034847713584247e-01
-5.197787973089015301e-01
-5.729063605650546176e-01
-6.275170154851010818e-01
-6.835416030143222077e-01
-7.409109640980016120e-01
-7.995559396814215791e-01
-8.594073707098645043e-01
-9.203960981286133380e-01
-9.824529628829505867e-01
-1.045508805918158535e+00
-1.109494468179519577e+00
-1.174340790612317553e+00
-1.239978614161833859e+00
-1.306338779773352110e+00
-1.373352128392152594e+00
-1.440949500963521146e+00
-1.509061738432738053e+00
-1.577619681745086710e+00
-1.646554171845849623e+00
-1.715796049680309299e+00
-1.785276156193748687e+00
-1.854925332331449406e+00
-1.924673244795720661e+00
-1.994442313687543322e+00
-2.064152197462386429e+00
-2.133722549139406510e+00
-2.203073021737761206e+00
-2.272123268276605934e+00
-2.340792941775100999e+00
-2.409001695252400932e+00
-2.476669181727664260e+00
-2.543715054220049065e+00
-2.610058965748711213e+00
-2.675620569332808341e+00
-2.740319517991496312e+00
-2.804075464743934987e+00
-2.866808062609279784e+00
-2.928436964606688342e+00
-2.988881823755317857e+00
-3.048062293074325524e+00
-3.105898025582869870e+00
-3.162308674300105427e+00
-3.217213892245192053e+00
-3.270533332437285612e+00
-3.322186647895543299e+00
-3.372093491639122753e+00
-3.420173516687180726e+00
-3.466346376058874856e+00
-3.510531722773364116e+00
-3.552649209849801704e+00
-3.592618875242640009e+00
-3.630394294393634258e+00
-3.665988130311846671e+00
-3.699419060620279698e+00
-3.730705762941928239e+00
-3.759866914899793411e+00
-3.786921194116874112e+00
-3.811887278216171016e+00
-3.834783844820680354e+00
-3.855629571553405022e+00
-3.874443136037340363e+00
-3.891243215895487939e+00
-3.906048488750846204e+00
-3.918877632226414054e+00
-3.929749323945192607e+00
-3.938682241530178096e+00
-3.945695062604369863e+00
-3.950806464790769912e+00
-3.954035125712376253e+00
-3.955399722992186007e+00
-3.954918934253201623e+00
-3.952611437118418891e+00
-3.948495909210840260e+00
-3.942591028153461075e+00
-3.934915471569286005e+00
-3.925487917081309064e+00
-3.914327042312530480e+00
-3.901451524885951816e+00
-3.886880042424569304e+00
-3.870633447065455979e+00
-3.852753953371925277e+00
-3.833295900997755190e+00
-3.812313768765623667e+00
-3.789862035498209103e+00
-3.765995180018195221e+00
-3.740767681148254642e+00
-3.714234017711072422e+00
-3.686448668529322514e+00
-3.657466112425685090e+00
-3.627340828222841207e+00
-3.596127294743469704e+00
-3.563879990810245868e+00
-3.530653395245852977e+00
-3.496501986872966761e+00
-3.461480244514268723e+00
-3.425642646992437257e+00
-3.389043673130149426e+00
-3.351737801750086732e+00
-3.313779511674927125e+00
-3.275223281727349889e+00
-3.236123590730032529e+00
-3.196534917505655216e+00
-3.156511740876896788e+00
-3.116108539666436528e+00
-3.075379792696954162e+00
-3.034379978791125865e+00
-2.993163576771633139e+00
-2.951785051852955810e+00
-2.910291956285033788e+00
-2.868713702589972048e+00
-2.827076763919130542e+00
-2.785407613423866113e+00
-2.743732724255537825e+00
-2.702078569565502519e+00
-2.660471622505119260e+00
-2.618938356225743558e+00
-2.577505243878736252e+00
-2.536198758615453741e+00
-2.495045373587252868e+00
-2.454071561945493585e+00
-2.413303796841532289e+00
-2.372768551426729378e+00
-2.332492298852438140e+00
-2.292501512270019859e+00
-2.252822664830831378e+00
-2.213482229686230429e+00
-2.174506679987576518e+00
-2.135922488886225157e+00
-2.097756129533534963e+00
-2.060034075080865001e+00
-2.022782798679572114e+00
-1.986028773481013587e+00
-1.949798472636548485e+00
-1.914118369297533651e+00
-1.879014936615328368e+00
-1.844514647741288815e+00
-1.810642961731200318e+00
-1.777408304004267414e+00
-1.744804966022642789e+00
-1.712826811426910067e+00
-1.681467703857650653e+00
-1.650721506955448836e+00
-1.620582084360887354e+00
-1.591043299714550052e+00
-1.562099016657018336e+00
-1.533743098828876050e+00
-1.505969409870706377e+00
-1.478771813423092274e+00
-1.452144173126617366e+00
-1.426080352621863057e+00
-1.400574215549414081e+00
-1.375619625549852731e+00
-1.351210446263761966e+00
-1.327340541331724744e+00
-1.304003774394324244e+00
-1.281194009092143649e+00
-1.258905109065766137e+00
-1.237130937955774002e+00
-1.215865359402751089e+00
-1.195102237047279914e+00
-1.174835434529943434e+00
-1.155058815491325497e+00
-1.135766243572008172e+00
-1.116951582412575528e+00
-1.098608695653610079e+00
-1.080730735692677857e+00
-1.063308009955284517e+00
-1.046330114623917451e+00
-1.029786645881064722e+00
-1.013667199909214833e+00
-9.979613728908559578e-01
-9.826587610084761559e-01
-9.677489604445637106e-01
-9.532215673816062385e-01
-9.390661780020920224e-01
-9.252723884885094563e-01
-9.118297950233469340e-01
-8.987279937890919612e-01
-8.859565809682334869e-01
-8.735051527432584617e-01
-8.613633052966562786e-01
-8.495206348109147765e-01
-8.379667374685214609e-01
-8.266912094519649479e-01
-8.156836469437335202e-01
-8.049336461263150166e-01
-7.944308031821978311e-01
-7.841647142938699133e-01
-7.741249756438194352e-01
-7.643011834145346795e-01
-7.546829337885040401e-01
-7.452598229482151337e-01
-7.360214470761562433e-01
-7.269574929599537105e-01
-7.180606407125360580e-01
-7.093271778736256472e-01
-7.007536067506798805e-01
-6.923364296511556049e-01
-6.840721488825104446e-01
-6.759572667522009137e-01
-6.679882855676843034e-01
-6.601617076364176828e-01
-6.524740352658582321e-01
-6.449217707634633534e-01
-6.375014164366896718e-01
-6.302094745929949227e-01
-6.230424475398356199e-01
-6.159968375846693878e-01
-6.090691470349530734e-01
-6.022558781981436349e-01
-5.955535333816985855e-01
-5.889586148930747722e-01
-5.824676250397293753e-01
-5.760770661291195749e-01
-5.697834404687025511e-01
-5.635832503659352621e-01
-5.574729981282752211e-01
-5.514491860631789422e-01
-5.455083164781038274e-01
-5.396468916805072791e-01
-5.338614139778458112e-01
-5.281483856775770480e-01
-5.225046015528704846e-01
-5.169286612694642402e-01
-5.114198523291236809e-01
-5.059774635876227444e-01
-5.006007839007340365e-01
-4.952891021242318281e-01
-4.900417071138894465e-01
-4.848578877254801633e-01
-4.797369328147778611e-01
-4.746781312375558670e-01
-4.696807718495876194e-01
-4.647441435066465565e-01
-4.598675350645066162e-01
-4.550502353789407928e-01
-4.502915333057226910e-01
-4.455907177006259712e-01
-4.409470774194238496e-01
-4.363599013178903752e-01
-4.318284782517985976e-01
-4.273520970769220662e-01
-4.229300466490343857e-01
-4.185616158239091611e-01
-4.142460934573197195e-01
-4.099827684050395549e-01
-4.057709295228421054e-01
-4.016098656665010314e-01
-3.974988656917898822e-01
-3.934372184544819850e-01
-3.894242131526333139e-01
-3.854591688056452914e-01
-3.815414569732522576e-01
-3.776704545633504106e-01
-3.738455384838348938e-01
-3.700660856426019052e-01
-3.663314729475469211e-01
-3.626410773065657511e-01
-3.589942756275539826e-01
-3.553904448184073139e-01
-3.518289617870218322e-01
-3.483092034412926252e-01
-3.448305466891157245e-01
-3.413923684383868284e-01
-3.379940455970015245e-01
-3.346349550728555666e-01
-3.313144737738447088e-01
-3.280319786078646493e-01
-3.247868464828111978e-01
-3.215784543065798307e-01
-3.184061789870663572e-01
-3.152693974321664205e-01
-3.121674865497757745e-01
-3.090998232477900620e-01
-3.060657844341050926e-01
-3.030647470166165092e-01
-3.000960879032201212e-01
-2.971591840018112940e-01
-2.942534122202862812e-01
-2.913781658195988555e-01
-2.885329987131506901e-01
-2.857175559989975633e-01
-2.829314838217911188e-01
-2.801744283261832225e-01
-2.774460356568254071e-01
-2.747459519583694276e-01
-2.720738233754667612e-01
-2.694292960527693848e-01
-2.668120161349287200e-01
-2.642216297665964109e-01
-2.616577830924242121e-01
-2.591201222570638230e-01
-2.566082934051668318e-01
-2.541219426813848825e-01
-2.516607162303697853e-01
-2.492242601967730453e-01
-2.468122207252464728e-01
-2.444242439604416284e-01
-2.420599760470102113e-01
-2.397190631296038377e-01
-2.374011513528742068e-01
-2.351058868614730457e-01
-2.328329158000518873e-01
-2.305818843132625140e-01
-2.283524385457567085e-01
-2.261442246421857816e-01
-2.239568887472017100e-01
-2.217900770925071430e-01
-2.196434801318730423e-01
-2.175169043584714301e-01
-2.154101750685584737e-01
-2.133231175583901740e-01
-2.112555571242228092e-01
-2.092073190623124634e-01
-2.071782286689151098e-01
-2.051681112402869434e-01
-2.031767920726840759e-01
-2.012040964623625361e-01
-1.992498497055786022e-01
-1.973138770985882195e-01
-1.953960039376475555e-01
-1.934960555190126941e-01
-1.916138571389398582e-01
-1.897492340936850208e-01
-1.879020116795043216e-01
-1.860720151926539001e-01
-1.842590699293898127e-01
-1.824630011859682266e-01
-1.806836342586452260e-01
-1.789207944436768671e-01
-1.771743070373193452e-01
-1.754439973358287996e-01
-1.737296906354612314e-01
-1.720312122324727799e-01
-1.703483874231195017e-01
-1.686810415036576472e-01
-1.670289997703431895e-01
-1.653920875194323514e-01
-1.637701300471811339e-01
-1.621629526498456486e-01
-1.605703806236821740e-01
-1.589922392649465999e-01
-1.574283538698951213e-01
-1.558785497347839055e-01
-1.543426521558689535e-01
-1.528204864294064047e-01
-1.513118778516524265e-01
-1.498166517188631031e-01
-1.483346333272945738e-01
-1.468656479732028397e-01
-1.454095209528440402e-01
-1.439660775624743705e-01
-1.425351430983498036e-01
-1.411165428567265900e-01
-1.397101021338607307e-01
-1.383156462260084762e-01
-1.369330004294257164e-01
-1.355619900403687850e-01
-1.342024403550935441e-01
-1.328541766698564108e-01
-1.315170242809131640e-01
-1.301908084845201929e-01
-1.288753545769334985e-01
-1.275704878544090259e-01
-1.262760336132031924e-01
