-1.783513538360301798e-01
-1.758282113772380029e-01
-1.735579565593912965e-01
-1.715327017640747020e-01
-1.697445593728734159e-01
-1.681856417673719684e-01
-1.668480613291554726e-01
-1.657239304398085700e-01
-1.648053614809163181e-01
-1.640844668340633028e-01
-1.635533588808346650e-01
-1.632041500028151571e-01
-1.630289525815895313e-01
-1.630198789987427899e-01
-1.631690416358596574e-01
-1.634685528745251637e-01
-1.639105250963239779e-01
-1.644870706828410745e-01
-1.651903020156612611e-01
-1.660123314763694014e-01
-1.669452714465503862e-01
-1.679812343077889958e-01
-1.691123324416701212e-01
-1.703306782297786537e-01
-1.716283840536994010e-01
-1.729975622950172265e-01
-1.744303253353170491e-01
-1.759187855561835934e-01
-1.774550553392018615e-01
-1.790312470659565780e-01
-1.806394731180327173e-01
-1.822718458770150318e-01
-1.839204777244884681e-01
-1.855774810420378340e-01
-1.872349682112480207e-01
-1.888850516137037805e-01
-1.905198436309900323e-01
-1.921314566446916672e-01
-1.937120030363935486e-01
-1.952535951876804288e-01
-1.967483454801372822e-01
-1.981883662953488612e-01
-1.995657700149001124e-01
-2.008726690203758158e-01
-2.021011756933609460e-01
-2.032434024154401719e-01
-2.042914615681985235e-01
-2.052374655332207531e-01
-2.060735266920917519e-01
-2.067917574263964109e-01
-2.073842701177194547e-01
-2.078431771476459133e-01
-2.081605908977605390e-01
-2.083286237496481952e-01
-2.083393880848937174e-01
-2.081849962850820801e-01
-2.078575607317979801e-01
-2.073491938066263363e-01
-2.066536879371810576e-01
-2.057752036129119333e-01
-2.047218525426334201e-01
-2.035017542131507817e-01
-2.021230281112690874e-01
-2.005937937237936841e-01
-1.989221705375298355e-01
-1.971162780392826663e-01
-1.951842357158575514e-01
-1.931341630540595877e-01
-1.909741795406940945e-01
-1.887124046625662799e-01
-1.863569579064813242e-01
-1.839159587592444633e-01
-1.813975267076610443e-01
-1.788097812385361640e-01
-1.761608418386750863e-01
-1.734588279948831024e-01
-1.707118591939653651e-01
-1.679280549227271657e-01
-1.651155346679736846e-01
-1.622824179165102410e-01
-1.594368241551419318e-01
-1.565868728706741597e-01
-1.537406835499119662e-01
-1.509063756796606703e-01
-1.480920687467255359e-01
-1.453058822379117709e-01
-1.425559012159574312e-01
-1.398472115467497279e-01
-1.371796150018675942e-01
-1.345523754768405966e-01
-1.319647568671983573e-01
-1.294160230684704704e-01
-1.269054379761865858e-01
-1.244322654858762978e-01
-1.219957694930691727e-01
-1.195952138932949022e-01
-1.172298625820830387e-01
-1.148989794549631627e-01
-1.126018284074649378e-01
-1.103376733351179445e-01
-1.081057781334519158e-01
-1.059054066979962377e-01
-1.037358229242806434e-01
-1.015962907078347410e-01
-9.948607394418818028e-02
-9.740443652887047221e-02
-9.535064235741129435e-02
-9.332395532534024096e-02
-9.132363932818689245e-02
-8.934895826148092635e-02
-8.739917602075192304e-02
-8.547355650152942130e-02
-8.357136359934311254e-02
-8.169186120972259102e-02
-7.983431322819745102e-02
-7.799804812248871400e-02
-7.618302871752563599e-02
-7.438957789277692023e-02
-7.261802266033126618e-02
-7.086869003227745656e-02
-6.914190702070439898e-02
-6.743800063770086228e-02
-6.575729789535567082e-02
-6.410012580575760732e-02
-6.246681138099548919e-02
-6.085768163315813384e-02
-5.927306357433440032e-02
-5.771328421661300195e-02
-5.617867057208281167e-02
-5.466954965283263995e-02
-5.318624847095126951e-02
-5.172909403852758020e-02
-5.029841336765029924e-02
-4.889453347040825792e-02
-4.751778135889030141e-02
-4.616848404518524018e-02
-4.484696854138183614e-02
-4.355356185956894138e-02
-4.228859101183534558e-02
-4.105238301026987308e-02
-3.984526486696136210e-02
-3.866756359399856763e-02
-3.751960620347031400e-02
-3.640171927782708677e-02
-3.531401114323590162e-02
-3.425601741793878746e-02
-3.322718091829358900e-02
-3.222694446065806073e-02
-3.125475086139005432e-02
-3.031004293684729303e-02
-2.939226350338760771e-02
-2.850085537736877020e-02
-2.763526137514859746e-02
-2.679492431308487868e-02
-2.597928700753536838e-02
-2.518779227485789043e-02
-2.441988293141023059e-02
-2.367500179355020926e-02
-2.295259167763555666e-02
-2.225209540002410710e-02
-2.157295577707362896e-02
-2.091461562514194267e-02
-2.027651776058683394e-02
-1.965810499976606771e-02
-1.905882015903745397e-02
-1.847810605475879234e-02
-1.791540550328786507e-02
-1.737016132098246485e-02
-1.684181632420038086e-02
-1.632981332929940230e-02
-1.583359515263734613e-02
-1.535260461057196338e-02
-1.488629248626879148e-02
-1.443424338036680167e-02
-1.399615293088756277e-02
-1.357172013684969716e-02
-1.316064399727177349e-02
-1.276262351117239680e-02
-1.237735767757016520e-02
-1.200454549548368721e-02
-1.164388596393153320e-02
-1.129507808193230996e-02
-1.095782084850461732e-02
-1.063181326266704821e-02
-1.031675432343820593e-02
-1.001234302983667127e-02
-9.718278380881045786e-03
-9.434259375589929345e-03
-9.159985012981918320e-03
-8.895154292075600419e-03
-8.639466211889578959e-03
-8.392619771442445115e-03
-8.154313969752803939e-03
-7.924247805839236200e-03
-7.702120278720346082e-03
-7.487630387414729964e-03
-7.280477130940980757e-03
-7.080359508317697441e-03
-6.886976518563472059e-03
-6.700027160696909664e-03
-6.519210433736594493e-03
-6.344251565430474547e-03
-6.174980698443900858e-03
-6.011254204171568270e-03
-5.852928454008178571e-03
-5.699859819348425741e-03
-5.551904671587008962e-03
-5.408919382118626551e-03
-5.270760322337978560e-03
-5.137283863639757232e-03
-5.008346377418660886e-03
-4.883804235069388704e-03
-4.763513807986639870e-03
-4.647331467565108364e-03
-4.535113585199497706e-03
-4.426716532284500141e-03
-4.321996680214816589e-03
-4.220810400385147966e-03
-4.123014064190182182e-03
-4.028464043024623624e-03
-3.937016708283170609e-03
-3.848528431360517116e-03
-3.762855583651363630e-03
-3.679854536550407167e-03
-3.599381661452344307e-03
-3.521293329751875971e-03
-3.445445912843698739e-03
-3.371695782122507458e-03
-3.299899308983001312e-03
-3.229914291896891602e-03
-3.161645675732035251e-03
-3.095055224163300103e-03
-3.030108083566626382e-03
-2.966769400317952141e-03
-2.905004320793216303e-03
-2.844777991368353451e-03
-2.786055558419304242e-03
-2.728802168322006731e-03
-2.672982967452398103e-03
-2.618563102186419016e-03
-2.565507718900005788e-03
-2.513781963969097342e-03
-2.463350983769631731e-03
-2.414179924677549178e-03
-2.366233933068784701e-03
-2.319478155319276789e-03
-2.273877737804964796e-03
-2.229397826901787644e-03
-2.186003568985681652e-03
-2.143660110432586609e-03
-2.102332597618440137e-03
-2.061986176919181155e-03
-2.022585994710749020e-03
-1.984097197369078316e-03
-1.946484931270108833e-03
-1.909714342789780358e-03
-1.873750578304029211e-03
-1.838558784188794532e-03
-1.804106426713320043e-03
-1.770375288895815287e-03
-1.737352609799856394e-03
-1.705025639229266945e-03
-1.673381626987867484e-03
-1.642407822879482027e-03
-1.612091476707934803e-03
-1.582419838277047009e-03
-1.553380157390642658e-03
-1.524959683852544681e-03
-1.497145667466574705e-03
-1.469925358036557831e-03
-1.443286005366316771e-03
-1.417214859259672069e-03
-1.391699169520447957e-03
-1.366726185952468449e-03
-1.342283158359554741e-03
-1.318357336545531279e-03
-1.294935970314220345e-03
-1.272006309469444650e-03
-1.249555603815027342e-03
-1.227571103154792434e-03
-1.206040057292560906e-03
-1.184949716032156772e-03
-1.164287329177402528e-03
-1.144040146532121103e-03
-1.124195417900136513e-03
-1.104740393085270386e-03
-1.085662348004726207e-03
-1.066950833703934334e-03
-1.048599409632142111e-03
-1.030602043260161766e-03
-1.012952702058802276e-03
-9.956453534988758680e-04
-9.786739650511923870e-04
-9.620325041865627601e-04
-9.457149383757978067e-04
-9.297152350897074785e-04
-9.140273617991044380e-04
-8.986452859747962518e-04
-8.835629750875956907e-04
-8.687743966083129234e-04
-8.542735180077580103e-04
-8.400543067567424211e-04
-8.261107303260764329e-04
-8.124367561865705398e-04
-7.990263518090361030e-04
-7.858734846642831829e-04
-7.729721222231222735e-04
-7.603162319563644108e-04
-7.478997813348198720e-04
-7.357167378292993679e-04
-7.237610689106139346e-04
-7.120267420495740660e-04
-7.005077247169900394e-04
-6.891979843836727824e-04
-6.780914885204336563e-04
-6.671823852718484918e-04
-6.564665977215767417e-04
-6.459410563901989621e-04
-6.356027033614168294e-04
-6.254484807189319116e-04
-6.154753305464463189e-04
-6.056801949276612940e-04
-5.960600159462786218e-04
-5.866117356860004123e-04
-5.773322962305278000e-04
-5.682186396635623528e-04
-5.592677080688062893e-04
-5.504764435299607439e-04
-5.418417881307279350e-04
-5.333606839548091054e-04
-5.250300730859063653e-04
-5.168468976077210657e-04
-5.088080996039552086e-04
-5.009106211583100364e-04
-4.931514043544873343e-04
-4.855273912761889411e-04
-4.780355240071164249e-04
-4.706727446309716249e-04
-4.634359952314561089e-04
-4.563222178922715535e-04
-4.493283546971200146e-04
-4.424513477297024096e-04
-4.356881390737211198e-04
-4.290356716084126835e-04
-4.224912923450825945e-04
-4.160534087439451533e-04
-4.097206001008970081e-04
-4.034914457118349697e-04
-3.973645248726557946e-04
-3.913384168792564564e-04
-3.854117010275334406e-04
-3.795829566133835579e-04
-3.738507629327035651e-04
-3.682136992813902186e-04
-3.626703449553403836e-04
-3.572192792504508166e-04
-3.518590814626181115e-04
-3.465883308877391877e-04
-3.414056068217110186e-04
-3.363094885604299812e-04
-3.312985553997928323e-04
-3.263713866356965452e-04
-3.215265615640378765e-04
-3.167626594807134203e-04
-3.120782596816200414e-04
-3.074719414626546051e-04
-3.029422841197137594e-04
-2.984878669486944235e-04
-2.941072692454930831e-04
-2.897990703060065489e-04
-2.855618494261317943e-04
-2.813941859017654134e-04
-2.772946590288041628e-04
-2.732618481031449074e-04
-2.692943324206843497e-04
-2.653906912773192463e-04
-2.615495039689465164e-04
-2.577693497914626455e-04
-2.540488080407645529e-04
-2.503864580127489951e-04
-2.467808790033126747e-04
-2.432306503083523752e-04
-2.397343512237649075e-04
-2.362905610454470824e-04
-2.328978590692957378e-04
-2.295548245912072780e-04
-2.262600369070786493e-04
-2.230120753128066896e-04
-2.198095191042881012e-04
-2.166509475774196680e-04
-2.135349400280981194e-04
-2.104600757522203747e-04
-2.074249340456828109e-04
-2.044280942043827268e-04
-2.014681355242162826e-04
-1.985436373010808855e-04
-1.956531788308726687e-04
-1.927953394094889851e-04
-1.899686983328262660e-04
-1.871718348967810783e-04
-1.844033283972506935e-04
