0.000000000000000000e+00
3.573434816068057213e-03
7.818505375502956753e-03
1.272331099162377945e-02
1.827595097774959917e-02
2.446452464719950370e-02
3.127713131329255825e-02
3.870187028934786444e-02
4.672684088868447189e-02
5.534014242462147182e-02
6.452987421047794159e-02
7.428413555957298631e-02
8.459102578522562088e-02
9.543864420075498511e-02
1.068150901194801633e-01
1.187084628547201981e-01
1.311068617197941044e-01
1.439983860280210914e-01
1.573711350927201880e-01
1.712132082272104783e-01
1.855127047448109634e-01
2.002577239588408387e-01
2.154363651826191051e-01
2.310367277294649579e-01
2.470469109126971763e-01
2.634550140456352052e-01
2.802491364415978792e-01
2.974173774139045046e-01
3.149478362758739713e-01
3.328286123408252251e-01
3.510478049220778218e-01
3.695935133329503186e-01
3.884538368867620495e-01
4.076168748968319600e-01
4.270707266764794396e-01
4.468034915390232675e-01
4.668032687977826667e-01
4.870581577660766937e-01
5.075562577572242384e-01
5.282856680845445796e-01
5.492344880613568847e-01
5.703908170009798217e-01
5.917427542167329468e-01
6.132783990219352610e-01
6.349858507299055432e-01
6.568532086539630166e-01
6.788685721074269042e-01
7.010200404036160959e-01
7.232957128558497040e-01
7.456836887774470624e-01
7.681720674817267280e-01
7.907489482820084792e-01
8.134024304916108727e-01
8.361206134238527987e-01
8.588915963920540353e-01
8.817034787095331394e-01
9.045443596896091121e-01
9.274023386456015094e-01
9.502655148908289995e-01
9.731219877386110273e-01
9.959598565022664829e-01
1.018767220495114367e+00
1.041532179030473682e+00
1.064242831421663871e+00
1.086887276982003492e+00
1.109453615024811990e+00
1.131929944863408366e+00
1.154304365811111621e+00
1.176564977181240979e+00
1.198699878287115661e+00
1.220697168442054448e+00
1.242544946959376118e+00
1.264231313152400560e+00
1.285744366334445887e+00
1.307072205818832655e+00
1.328202930918878311e+00
1.349124640947903186e+00
1.369825435219225174e+00
1.390293413046164384e+00
1.410516673742039151e+00
1.430483316620169143e+00
1.450181440993873139e+00
1.469599146176470139e+00
1.488724531481279145e+00
1.507545696221619824e+00
1.526050739710811177e+00
1.544227761262171539e+00
1.562064860189020354e+00
1.579550135804676847e+00
1.596671687422460240e+00
1.613417614355689089e+00
1.629776015917683063e+00
1.645734991421760718e+00
1.661282640181241721e+00
1.676407061509444407e+00
1.691096354719688666e+00
1.705338619125292610e+00
1.719121954039575906e+00
1.732434458775858444e+00
1.745264232647457670e+00
1.757599374967693251e+00
1.769427985049885077e+00
1.780738162207351705e+00
1.791518005753411247e+00
1.801755615001384037e+00
1.811439089264589519e+00
1.820556527856344697e+00
1.829096030089970792e+00
1.837045695278785917e+00
1.844393622736109961e+00
1.851127911775260149e+00
1.857236661709557479e+00
1.862707971852320510e+00
1.867529941516866909e+00
1.871690670016518343e+00
1.875179720976507536e+00
1.878001043422326433e+00
1.880166751382707835e+00
1.881689052602346424e+00
1.882580154825936658e+00
1.882852265798174551e+00
1.882517593263753897e+00
1.881588344967370041e+00
1.880076728653718554e+00
1.877994952067492562e+00
1.875355222953388523e+00
1.872169749056100674e+00
1.868450738120324361e+00
1.864210397890754489e+00
1.859460936112084850e+00
1.854214560529011901e+00
1.848483478886229436e+00
1.842279898928433246e+00
1.835616028400317346e+00
1.828504075046576638e+00
1.820956246611907137e+00
1.812984750841001969e+00
1.804601795478558035e+00
1.795819588269268685e+00
1.786650336957830154e+00
1.777106249288935569e+00
1.767199533007281387e+00
1.756942395857561845e+00
1.746347045584471847e+00
1.735425689932706295e+00
1.724190536646960759e+00
1.712653793471928587e+00
1.700827668152306238e+00
1.688724368432788170e+00
1.676356102058068842e+00
1.663735076772843824e+00
1.650873500321807130e+00
1.637783580449653664e+00
1.624477524901080105e+00
1.610967541420779137e+00
1.597265837753446993e+00
1.583384621643777912e+00
1.569336100836467240e+00
1.555132483076209438e+00
1.540785976107700073e+00
1.526308787675633161e+00
1.511713125524704493e+00
1.497011197399608085e+00
1.482215211045039949e+00
1.467337374205693656e+00
1.452389894626265221e+00
1.437384980051448879e+00
1.422334838225939313e+00
1.407251676894432535e+00
1.392147703801621894e+00
1.377035126692203182e+00
1.361926153310872412e+00
1.346832705342580150e+00
1.331761899562549534e+00
1.316716865788347235e+00
1.301700613156085540e+00
1.286716150801876735e+00
1.271766487861834216e+00
1.256854633472070049e+00
1.241983596768696962e+00
1.227156386887827244e+00
1.212376012965574290e+00
1.197645484138050609e+00
1.182967809541368709e+00
1.168345998311640210e+00
1.153783059584979398e+00
1.139282002497498336e+00
1.124845836185309089e+00
1.110477569784525276e+00
1.096180212431258960e+00
1.081956773261622429e+00
1.067810261411728634e+00
1.053743686017690973e+00
1.039760056215620843e+00
1.025862381141631863e+00
1.012053669931835875e+00
9.983369317223461659e-01
9.847151756492750208e-01
9.711914108487352815e-01
9.577686464568395674e-01
9.444498916097004981e-01
9.312381554434301378e-01
9.181364470941419942e-01
9.051477756979483535e-01
8.922751503909619464e-01
8.795215803092953921e-01
8.668900745890610882e-01
8.543836423663720980e-01
8.420052927773408191e-01
8.297580349580798709e-01
8.176448780447020948e-01
8.056688311733195551e-01
7.938329034800456485e-01
7.821401041009923283e-01
7.705934421722728800e-01
7.591959268299998120e-01
7.479505672102847447e-01
7.368603724492418516e-01
7.259283516829830862e-01
7.151575140476211789e-01
7.045508686792685271e-01
6.941114247140378612e-01
6.838421912880421338e-01
6.737461775373935202e-01
6.638263925982050839e-01
6.540858456065891113e-01
6.445275456986585549e-01
6.351545020105258121e-01
6.259697236783035024e-01
6.169761411619386626e-01
6.081740856939739093e-01
5.995607560299793803e-01
5.911331644338730928e-01
5.828883231695726197e-01
5.748232445009964220e-01
5.669349406920619616e-01
5.592204240066872556e-01
5.516767067087903209e-01
5.443008010622890636e-01
5.370897193311009454e-01
5.300404737791443166e-01
5.231500766703368610e-01
5.164155402685968177e-01
5.098338768378416486e-01
5.034020986419893706e-01
4.971172179449581119e-01
4.909762470106655563e-01
4.849761981030296099e-01
4.791140834859680675e-01
4.733869154233993348e-01
4.677917061792405407e-01
4.623254680174103681e-01
4.569852132018260571e-01
4.517679539964060687e-01
4.466707026650676982e-01
4.416904714717295177e-01
4.368242726803089893e-01
4.320691185547237412e-01
4.274220213588925121e-01
4.228799933567324310e-01
4.184400468121618477e-01
4.140991939890983908e-01
4.098544471514603549e-01
4.057028185631649242e-01
4.016413204881307819e-01
3.976669651902752234e-01
3.937767649335166542e-01
3.899677319817724253e-01
3.862368785989611086e-01
3.825812170489999442e-01
3.789977595958072265e-01
3.754835185033006395e-01
3.720355060353983667e-01
3.686507344560178701e-01
3.653262160290772775e-01
3.620589630184947727e-01
3.588459876881877064e-01
3.556843023020745953e-01
3.525709191240727347e-01
3.495028504181004747e-01
3.464771084480754992e-01
3.434907054779157698e-01
3.405406537715390258e-01
3.376239655928635064e-01
3.347376532058066179e-01
3.318787288742868213e-01
3.290442161993788472e-01
3.262321265319852448e-01
3.234422114766491996e-01
3.206743997809961555e-01
3.179286201926520006e-01
3.152048014592419012e-01
3.125028723283919674e-01
3.098227615477274210e-01
3.071643978648740392e-01
3.045277100274571547e-01
3.019126267831026555e-01
2.993190768794358747e-01
2.967469890640826446e-01
2.941962920846682983e-01
2.916669146888187236e-01
2.891587856241591425e-01
2.866718336383155541e-01
2.842059874789131801e-01
2.817611758935777977e-01
2.793373276299349617e-01
2.769343714356101716e-01
2.745522360582293153e-01
2.721908502454175593e-01
2.698501427448009027e-01
2.675300423040045672e-01
2.652304776706543854e-01
2.629513775923757457e-01
2.606926708167945916e-01
2.584542860915360341e-01
2.562361521642261275e-01
2.540381977824900939e-01
2.518603516939537657e-01
2.497025426462425590e-01
2.475646993869821677e-01
2.454467506637980911e-01
2.433486252243159675e-01
2.412702518161614906e-01
2.392115591869599378e-01
2.371724760843374191e-01
2.351529312559190177e-01
2.331528534493305937e-01
2.311721714121975912e-01
2.292108138921457872e-01
2.272687096368004867e-01
2.253457873937876055e-01
2.234419759107323655e-01
2.215572039352606826e-01
2.196914002149980005e-01
2.178444934975699854e-01
2.160164125306020533e-01
2.142070860617200367e-01
2.124164428385492687e-01
2.106444116087154705e-01
2.088909211198443638e-01
2.071559001195611704e-01
2.054392773554918894e-01
2.037409815752618536e-01
2.020609415264967845e-01
2.003990859568220984e-01
1.987553436138635998e-01
1.971296432452466774e-01
1.955219135985971635e-01
1.939320834215402800e-01
1.923600814617019705e-01
1.908058364667075957e-01
1.892692771841829602e-01
1.877503323617534525e-01
1.862489307470446276e-01
1.847650010876823456e-01
1.832984721312918841e-01
1.818492726254991032e-01
1.804173313179293914e-01
1.790025769562084146e-01
1.776049382879617278e-01
1.762243440608150524e-01
1.748607230223937770e-01
1.735140039203236229e-01
1.721841155022300618e-01
1.708709865157388708e-01
1.695745457084754659e-01
1.682947218280655133e-01
1.670314436221345400e-01
1.657846398383081843e-01
1.645542392242121399e-01
1.633401705274717952e-01
1.621423624957128440e-01
1.609607438765608134e-01
1.597952434176413972e-01
1.586457898665800670e-01
1.575123119710025721e-01
1.563947384785342731e-01
1.552929981368009749e-01
1.542070196934281212e-01
1.531367318960413781e-01
1.520820634922662451e-01
1.510429432297284713e-01
1.500192998560535007e-01
1.490110621188669715e-01
1.480181587657944109e-01
1.470405185444615126e-01
1.460780702024938593e-01
1.451307424875169227e-01
1.441984641471564244e-01
1.432811639290378358e-01
1.423787705807868509e-01
1.414912128500289967e-01
1.406184194843899116e-01
1.397603192314950393e-01
1.389168408389702125e-01
1.380879130544407640e-01
1.372734646255325264e-01
1.364734242998708602e-01
1.356877208250815148e-01
1.349162829487899617e-01
1.341590394186218949e-01
