0.000000000000000000e+00
-1.975462973879938810e-03
-1.699655846679144332e-03
7.849677467072044453e-04
5.435954171383936342e-03
1.221084979245587801e-02
2.106720097502785827e-02
3.196255408420468208e-02
4.485445548509121166e-02
5.970045154279222249e-02
7.645808862241257331e-02
9.508491308905707429e-02
1.155384713078305703e-01
1.377763096438378576e-01
1.617559744621837881e-01
1.874350121279731718e-01
2.147709690063108745e-01
2.437213914623015953e-01
2.742438258610503943e-01
3.062958185676619705e-01
3.398349159472408565e-01
3.748186643648922511e-01
4.112046101857209646e-01
4.489502997748318069e-01
4.880132794973294219e-01
5.283510957183186196e-01
5.699212948029046544e-01
6.126814231161917812e-01
6.565890270232852544e-01
7.016016528892895510e-01
7.476768470793100363e-01
7.947721559584508544e-01
8.428451258918171485e-01
8.918533032445138398e-01
9.417542343816457384e-01
9.925054656683176546e-01
1.044064543469633843e+00
1.096389014150700225e+00
1.149436424076621277e+00
1.203164319612501032e+00
1.257530247123444633e+00
1.312491752974557446e+00
1.368006383530943726e+00
1.424031685157709504e+00
1.480525204219957702e+00
1.537444487082794353e+00
1.594747080111324378e+00
1.652390529670652031e+00
1.710332382125882456e+00
1.768530183842119907e+00
1.826941481184469751e+00
1.885523820518037352e+00
1.944234748207926522e+00
2.003031810619242847e+00
2.061872554117090584e+00
2.120714525066574652e+00
2.179515269832799973e+00
2.238232334780871469e+00
2.296823266275894060e+00
2.355245610682972224e+00
2.413456914367211326e+00
2.471414723693715843e+00
2.529076585027590252e+00
2.586400044733939918e+00
2.643342649177868875e+00
2.699861944724483376e+00
2.755915477738887009e+00
2.811460794586184253e+00
2.866455441631481360e+00
2.920856965239882808e+00
2.974622911776492629e+00
3.027710827606417077e+00
3.080078259094758852e+00
3.131682752606624209e+00
3.182481854507117180e+00
3.232433111161344463e+00
3.281494068934409203e+00
3.329622274191415876e+00
3.376775273297470736e+00
3.422910612617676041e+00
3.467985838517139818e+00
3.511958497360966103e+00
3.554786135514258483e+00
3.596426299342121879e+00
3.636836535209662546e+00
3.675974389481984961e+00
3.713797408524191823e+00
3.750263138701389831e+00
3.785329126378683906e+00
3.818952930288774805e+00
3.851104427289701704e+00
3.881788927401254252e+00
3.911018072852231242e+00
3.938803505871429245e+00
3.965156868687648384e+00
3.990089803529686563e+00
4.013613952626341685e+00
4.035740958206410767e+00
4.056482462498697039e+00
4.075850107731993077e+00
4.093855536135102113e+00
4.110510389936819386e+00
4.125826311365944576e+00
4.139814942651275587e+00
4.152487926021611209e+00
4.163856903705750234e+00
4.173933517932489679e+00
4.182729410930629221e+00
4.190256224928965878e+00
4.196525602156301105e+00
4.201549184841430140e+00
4.205338615213152664e+00
4.207905535500266581e+00
4.209261587931570681e+00
4.209418414735862868e+00
4.208387658141943710e+00
4.206180960378608447e+00
4.202809963674657645e+00
4.198286310258887433e+00
4.192621642360100154e+00
4.185827602207091047e+00
4.177915832028658016e+00
4.168897974053602518e+00
4.158785670510720678e+00
4.147590563628810401e+00
4.135324295636671366e+00
4.121998508763102365e+00
4.107624845236900413e+00
4.092214947286866078e+00
4.075780457141795488e+00
4.058333017030487433e+00
4.039884269181740706e+00
4.020445855824355874e+00
4.000029419187127289e+00
3.978647464383212817e+00
3.956322527556415114e+00
3.933083616483214584e+00
3.908959846800635241e+00
3.883980334145704205e+00
3.858174194155444159e+00
3.831570542466878670e+00
3.804198494717036194e+00
3.776087166542939855e+00
3.747265673581612333e+00
3.717763131470079863e+00
3.687608655845368233e+00
3.656831362344498793e+00
3.625460366604501328e+00
3.593524784262395855e+00
3.561053730955210384e+00
3.528076322319968039e+00
3.494621673993692390e+00
3.460718901613410114e+00
3.426397120816144781e+00
3.391685447238922624e+00
3.356612996518767211e+00
3.321208884292703445e+00
3.285502226197755782e+00
3.249522137870948679e+00
3.213297734949308815e+00
3.176858133069858425e+00
3.140232447869623300e+00
3.103449794985629229e+00
3.066539290054898448e+00
3.029530048714457635e+00
2.992451186601330804e+00
2.955331819352542855e+00
2.918201062605118246e+00
2.881088031996082766e+00
2.844021843162458651e+00
2.807031611741273025e+00
2.770146453369549899e+00
2.733395483684313731e+00
2.696807818322589867e+00
2.660412572921401875e+00
2.624238863117775988e+00
2.588315804548735777e+00
2.552672512851306141e+00
2.517338053864088820e+00
2.482333407406611236e+00
2.447662596935085588e+00
2.413327510798299880e+00
2.379330037345041671e+00
2.345672064924099853e+00
2.312355481884261987e+00
2.279382176574317409e+00
2.246754037343054566e+00
2.214472952539260575e+00
2.182540810511724327e+00
2.150959499609233383e+00
2.119730908180577522e+00
2.088856924574543861e+00
2.058339437139921291e+00
2.028180334225496928e+00
1.998381504180060553e+00
1.968944835352399059e+00
1.939872216091301782e+00
1.911165534745556505e+00
1.882826679663951674e+00
1.854857539195274851e+00
1.827260001688316260e+00
1.800035955491861461e+00
1.773187288954700680e+00
1.746715890425621032e+00
1.720623648253412297e+00
1.694912450786861591e+00
1.669584186374757584e+00
1.644640743365888280e+00
1.620084010109041905e+00
1.595915874953007574e+00
1.572138226246572623e+00
1.548752952338525057e+00
1.525761941577653991e+00
1.503167082312747427e+00
1.480970262892593592e+00
1.459173371665981156e+00
1.437778296981696569e+00
1.416786927188531164e+00
1.396201150635270949e+00
1.376022855670704814e+00
1.356253930643621652e+00
1.336896263902809023e+00
1.317951743797054931e+00
1.299421531332969781e+00
1.281301011190355332e+00
1.263582813479071865e+00
1.246259551344730543e+00
1.229323837932943198e+00
1.212768286389319883e+00
1.196585509859471763e+00
1.180768121489011113e+00
1.165308734423548431e+00
1.150199961808694660e+00
1.135434416790060741e+00
1.121004712513258506e+00
1.106903462123899340e+00
1.093123278767593964e+00
1.079656775589952655e+00
1.066496565736588131e+00
1.053635262353110003e+00
1.041065478585130544e+00
1.028779827578260697e+00
1.016770922478111627e+00
1.005031376430293388e+00
9.935538025804185880e-01
9.823308140740977246e-01
9.713550240569418515e-01
9.606190456745625772e-01
9.501154920725704001e-01
9.398369763965771506e-01
9.297761117921934382e-01
9.199255114050312043e-01
9.102777883807000592e-01
9.008255558648130545e-01
8.915614270029795785e-01
8.824780149408119057e-01
8.735679328239208674e-01
8.648237937979175172e-01
8.562382110084131304e-01
8.478037976010187604e-01
8.395131667213459048e-01
8.313589315150049508e-01
8.233337051276080620e-01
8.154301007047651817e-01
8.076407313920884734e-01
7.999582103351885465e-01
7.923751506796770094e-01
7.848842061747768328e-01
7.774804667864753105e-01
7.701627986167386419e-01
7.629303925964364685e-01
7.557824396564374325e-01
7.487181307276116193e-01
7.417366567408265610e-01
7.348372086269518988e-01
7.280189773168571632e-01
7.212811537414104412e-01
7.146229288314818184e-01
7.080434935179392708e-01
7.015420387316526618e-01
6.951177554034903006e-01
6.887698344643217174e-01
6.824974668450155546e-01
6.762998434764413425e-01
6.701761552894672791e-01
6.641255932149637831e-01
6.581473481837980533e-01
6.522406111268409523e-01
6.464045729749597902e-01
6.406384246590245413e-01
6.349413571099042919e-01
6.293125612584676842e-01
6.237512280355843597e-01
6.182565483721222943e-01
6.128277131989514626e-01
6.074639134469401736e-01
6.021643400469580687e-01
5.969281839298739012e-01
5.917546360265567573e-01
5.866428872678751683e-01
5.815921285846992195e-01
5.766015509078967760e-01
5.716703451683374793e-01
5.667977022968901935e-01
5.619828132244237828e-01
5.572248688818078888e-01
5.525230601999108204e-01
5.478765781096021081e-01
5.432846135417502831e-01
5.387463574272249867e-01
5.342610006968946390e-01
5.298277342816286595e-01
5.254457799648889482e-01
5.211145321720916934e-01
5.168334453465870393e-01
5.126019739919855933e-01
5.084195726118964087e-01
5.042856957099304260e-01
5.001997977896966985e-01
4.961613333548057780e-01
4.921697569088670510e-01
4.882245229554907362e-01
4.843250859982867751e-01
4.804709005408648315e-01
4.766614210868350687e-01
4.728961021398071507e-01
4.691743982033914628e-01
4.654957637811971694e-01
4.618596533768350998e-01
4.582655214939141408e-01
4.547128226360451775e-01
4.512010113068372630e-01
4.477295420099012269e-01
4.442978692488457892e-01
4.409054475272821128e-01
4.375517313488194171e-01
4.342361752170676992e-01
4.309582336356368448e-01
4.277173611081367399e-01
4.245130121381776589e-01
4.213446412293690435e-01
4.182117028853211682e-01
4.151136516096435858e-01
4.120499419059466262e-01
4.090200282778397867e-01
4.060233652289333417e-01
4.030594072628367885e-01
4.001276088831605682e-01
3.972274245935141224e-01
3.943583088975076700e-01
3.915197162987508195e-01
3.887111013008539007e-01
3.859319184074264664e-01
3.831816221220784580e-01
3.804596669484200944e-01
3.777655073900608174e-01
3.750985979506111234e-01
3.724583931336802878e-01
3.698443474428786959e-01
3.672559153818160116e-01
3.646925514541023983e-01
3.621537101633474087e-01
3.596388460131612619e-01
3.571474135071536771e-01
3.546788671489346512e-01
3.522326614421140700e-01
3.498082508903019305e-01
3.474050899971080630e-01
3.450226332661422979e-01
3.426603352010147985e-01
3.403176503053351731e-01
3.379940330827135853e-01
3.356889380367596987e-01
3.334018196710837878e-01
3.311321324892954054e-01
3.288793309950046595e-01
3.266428696918213248e-01
3.244222030833555093e-01
3.222167856732168767e-01
3.200260719650155905e-01
3.178495164623613700e-01
3.156865736688642121e-01
3.135366980881340027e-01
3.113993442237807940e-01
3.092739665794141390e-01
3.071600196586443121e-01
3.050569579650811436e-01
3.029642360023344638e-01
3.008813082740142142e-01
2.988076292837302805e-01
2.967426535350926042e-01
2.946858355317111267e-01
2.926366297771956781e-01
2.905944907751562556e-01
2.885588730292028004e-01
2.865292310429450318e-01
2.845050193199931132e-01
2.824856923639567641e-01
2.804707046784460367e-01
2.784595107670707059e-01
2.764515651334407687e-01
