0.000000000000000000e+00
-6.541351063918197928e-02
-1.298713040142094322e-01
-1.933777883747271886e-01
-2.559373719703797456e-01
-3.175544630508120303e-01
-3.782334698656685812e-01
-4.379788006645944365e-01
-4.967948636972338017e-01
-5.546860672132317704e-01
-6.116568194622329369e-01
-6.677115286938821725e-01
-7.228546031578236830e-01
-7.770904511037028950e-01
-8.304234807811644581e-01
-8.828581004398524668e-01
-9.343987183294117926e-01
-9.850497426994874184e-01
-1.034815581799724216e+00
-1.083700643879766501e+00
-1.131709337189259479e+00
-1.178846069977846911e+00
-1.225115250495174557e+00
-1.270521286990886844e+00
-1.315068587714627757e+00
-1.358761560916043054e+00
-1.401604614844776719e+00
-1.443602157750474069e+00
-1.484758597882779751e+00
-1.525078343491337307e+00
-1.564565802825793384e+00
-1.603225384135791298e+00
-1.641061495670975701e+00
-1.678078545680992351e+00
-1.714280942415485010e+00
-1.749673094124098993e+00
-1.784259409056478951e+00
-1.818044295462269533e+00
-1.851032161591114722e+00
-1.883227415692660056e+00
-1.914634466016550629e+00
-1.945257720812429092e+00
-1.975101588329942981e+00
-2.004170476818735391e+00
-2.032468794528451195e+00
-2.060000949708734375e+00
-2.086771350609232467e+00
-2.112784405479586347e+00
-2.138044522569443995e+00
-2.162556110128448061e+00
-2.186323576406244307e+00
-2.209351329652477158e+00
-2.231643778116790600e+00
-2.253205330048830390e+00
-2.274040393698240958e+00
-2.294153377314666287e+00
-2.313548689147752135e+00
-2.332230737447142488e+00
-2.350203930462483104e+00
-2.367472676443417079e+00
-2.384041383639591505e+00
-2.399914460300647701e+00
-2.415096314676233202e+00
-2.429591355015991549e+00
-2.443403989569568058e+00
-2.456538626586607155e+00
-2.468999674316752380e+00
-2.480791541009650825e+00
-2.491918634914945585e+00
-2.502385364282281977e+00
-2.512196137361303983e+00
-2.521355362401656475e+00
-2.529867447652985213e+00
-2.537736801364933292e+00
-2.544967831787147805e+00
-2.551564947169271402e+00
-2.557532555760948956e+00
-2.562875065811826225e+00
-2.567596885571546306e+00
-2.571702423289756290e+00
-2.575196087216098828e+00
-2.578082285600219237e+00
-2.580365426691762387e+00
-2.582049918740372707e+00
-2.583140169995695512e+00
-2.583640588707375230e+00
-2.583555583125055843e+00
-2.582889561498383557e+00
-2.581646932077001022e+00
-2.579832103110555774e+00
-2.577449482848690021e+00
-2.574503479541049522e+00
-2.570998501437277817e+00
-2.566938956787022885e+00
-2.562329253839925602e+00
-2.557173800845632616e+00
-2.551477006053788354e+00
-2.545243277714037244e+00
-2.538477024076025046e+00
-2.531182653389394410e+00
-2.523364573903792429e+00
-2.515027193868862199e+00
-2.506174921534249478e+00
-2.496812165149597362e+00
-2.486943332964552056e+00
-2.476572833228758874e+00
-2.465705074191860469e+00
-2.454344464103503043e+00
-2.442495411213330581e+00
-2.430162323770988397e+00
-2.417349610026120477e+00
-2.404061678228372134e+00
-2.390302936627388242e+00
-2.376077793472812782e+00
-2.361390657014291072e+00
-2.346246448027443421e+00
-2.330655122343074925e+00
-2.314629493636832347e+00
-2.298182408386023834e+00
-2.281326713067958867e+00
-2.264075254159944262e+00
-2.246440878139289055e+00
-2.228436431483302727e+00
-2.210074760669292981e+00
-2.191368712174568412e+00
-2.172331132476437610e+00
-2.152974868052208279e+00
-2.133312765379190790e+00
-2.113357670934692845e+00
-2.093122431196022148e+00
-2.072619892640487738e+00
-2.051862901745398649e+00
-2.030864304988063029e+00
-2.009636948845789028e+00
-1.988193679795885238e+00
-1.966547344315660917e+00
-1.944710788882423769e+00
-1.922696859973482386e+00
-1.900518404066145361e+00
-1.878188267637722397e+00
-1.855719297165520087e+00
-1.833124339126848135e+00
-1.810416239999014243e+00
-1.787607846259328337e+00
-1.764712004385097677e+00
-1.741741560853631077e+00
-1.718709362142236685e+00
-1.695628254728223538e+00
-1.672511085088900673e+00
-1.649370699701575793e+00
-1.626219945043557713e+00
-1.603071667592154359e+00
-1.579938713824674545e+00
-1.556833930218427753e+00
-1.533770163250721463e+00
-1.510760259398864269e+00
-1.487817065140165207e+00
-1.464953426951932425e+00
-1.442182191311474293e+00
-1.419516204696099626e+00
-1.396968313583117016e+00
-1.374551364449834612e+00
-1.352278203773561005e+00
-1.330161678031604788e+00
-1.308214633701274998e+00
-1.286449917259879561e+00
-1.264880375184727068e+00
-1.243518853953125669e+00
-1.222378200042384844e+00
-1.201471259929811186e+00
-1.180810880092715509e+00
-1.160409907008406183e+00
-1.140280723399630380e+00
-1.120427922361766138e+00
-1.100849633411014494e+00
-1.081543790417120565e+00
-1.062508327249830131e+00
-1.043741177778888973e+00
-1.025240275874042428e+00
-1.007003555405035833e+00
-9.890289502416150791e-01
-9.713143942535259479e-01
-9.538578213105141090e-01
-9.366571652823244554e-01
-9.197103600387027678e-01
-9.030153394493951602e-01
-8.865700373841471915e-01
-8.703723877127041986e-01
-8.544203243048122953e-01
-8.387117810302160414e-01
-8.232446917586618840e-01
-8.080169903598949377e-01
-7.930266107036613166e-01
-7.782714866597060244e-01
-7.637495520977753971e-01
-7.494587408876142165e-01
-7.353969868989684855e-01
-7.215622240015837630e-01
-7.079523860652058298e-01
-6.945654069595803559e-01
-6.813992205544523451e-01
-6.684517607195676892e-01
-6.557209613246720581e-01
-6.432047562395112328e-01
-6.309010793338305501e-01
-6.188078644773757908e-01
-6.069230455398924029e-01
-5.952445563911261672e-01
-5.837703309008226427e-01
-5.724983029387270550e-01
-5.614264063745855182e-01
-5.505525750781431471e-01
-5.398747429191460556e-01
-5.293908437673393585e-01
-5.190988114924690588e-01
-5.089965799642806044e-01
-4.990820830525190543e-01
-4.893532546269310224e-01
-4.798080285572615122e-01
-4.704443387132564158e-01
-4.612601189646609590e-01
-4.522533031812208115e-01
-4.434218252326819210e-01
-4.347636189887894020e-01
-4.262766183192892577e-01
-4.179587570939268804e-01
-4.098079691824479953e-01
-4.018221884545979949e-01
-3.939993487801226602e-01
-3.863373819753024851e-01
-3.788341520160178333e-01
-3.714874411198186843e-01
-3.642950266367827039e-01
-3.572546859169871136e-01
-3.503641963105101342e-01
-3.436213351674288208e-01
-3.370238798378208389e-01
-3.305696076717636878e-01
-3.242562960193349220e-01
-3.180817222306120962e-01
-3.120436636556727095e-01
-3.061398976445943165e-01
-3.003682015474544720e-01
-2.947263527143307860e-01
-2.892121284953005911e-01
-2.838233062404416085e-01
-2.785576632998313373e-01
-2.734129770235472212e-01
-2.683870247616669258e-01
-2.634775838642680057e-01
-2.586824316814277935e-01
-2.539993455632242880e-01
-2.494261028597342944e-01
-2.449604809210361445e-01
-2.406002570972067545e-01
-2.363432087383240399e-01
-2.321871131944653888e-01
-2.281297478157082448e-01
-2.241688899521304679e-01
-2.203023169538091963e-01
-2.165278061708224289e-01
-2.128431349532472205e-01
-2.092460806511615423e-01
-2.057344206146425047e-01
-2.023059321937680788e-01
-1.989583927386154028e-01
-1.956895795992623921e-01
-1.924972701257861851e-01
-1.893792416682648361e-01
-1.863332715767753445e-01
-1.833571372013956258e-01
-1.804486158922029293e-01
-1.776054849992751705e-01
-1.748255218726894322e-01
-1.721065038625235466e-01
-1.694462083188551238e-01
-1.668424125917613854e-01
-1.642928940313202746e-01
-1.617954299876089297e-01
-1.593477978107052384e-01
-1.569477748506864501e-01
-1.545931384576303413e-01
-1.522816659816142171e-01
-1.500111347727158539e-01
-1.477793221810125568e-01
-1.455840055565821300e-01
-1.434229697098567957e-01
-1.412946494346938864e-01
-1.391986246894346135e-01
-1.371345920004662378e-01
-1.351022478941763805e-01
-1.331012888969520802e-01
-1.311314115351809861e-01
-1.291923123352501368e-01
-1.272836878235470981e-01
-1.254052345264590751e-01
-1.235566489703735227e-01
-1.217376276816776459e-01
-1.199478671867589830e-01
-1.181870640120046417e-01
-1.164549146838021881e-01
-1.147511157285387717e-01
-1.130753636726019168e-01
-1.114273550423788284e-01
-1.098067863642569059e-01
-1.082133541646235209e-01
-1.066467549698659478e-01
-1.051066853063716278e-01
-1.035928417005277935e-01
-1.021049206787219138e-01
-1.006426187673411521e-01
-9.920563249277308815e-02
-9.779365838140482992e-02
-9.640639295962394328e-02
-9.504353275381752231e-02
-9.370477429037317452e-02
-9.238981409567802172e-02
-9.109834869611957431e-02
-8.983007461808503735e-02
-8.858468838796185185e-02
-8.736188653213732003e-02
-8.616136557699875798e-02
-8.498282204893364833e-02
-8.382595247432912677e-02
-8.269045337957275921e-02
-8.157602129105168132e-02
-8.048235273515338961e-02
-7.940914423826511692e-02
-7.835609232677431812e-02
-7.732289352706821217e-02
-7.630924436553428170e-02
-7.531484136855971789e-02
-7.433938106253201727e-02
-7.338255997383838491e-02
-7.244407462886627569e-02
-7.152362155400296406e-02
-7.062089727563582164e-02
-6.973559832015216453e-02
-6.886742121393939209e-02
-6.801606248338482041e-02
-6.718121865487575173e-02
-6.636258625479959927e-02
-6.555986180954365139e-02
-6.477274184549532132e-02
-6.400092288904184190e-02
-6.324410146657068188e-02
-6.250197410446906021e-02
-6.177423732912445953e-02
-6.106058766692407103e-02
-6.036072164425538428e-02
-5.967433578750562517e-02
-5.900112662306220696e-02
-5.834079067731245960e-02
-5.769302447664367839e-02
-5.705752454744330432e-02
-5.643398741609857716e-02
-5.582210960899694485e-02
-5.522158765252565410e-02
-5.463211807307211815e-02
-5.405339739702361840e-02
-5.348512215076758891e-02
-5.292698886069126252e-02
-5.237869405318208021e-02
-5.183993425462731647e-02
-5.131040599141435676e-02
-5.078980578993051026e-02
-5.027783017656316245e-02
-4.977417567769961554e-02
-4.927853881972724115e-02
-4.879061612903341089e-02
-4.831010413200538534e-02
-4.783669935503057774e-02
-4.737009832449629726e-02
-4.690999756678991550e-02
-4.645609360829874857e-02
-4.600808297541017500e-02
-4.556566219451148314e-02
-4.512852779199008624e-02
-4.469637629423326569e-02
-4.426890422762841393e-02
-4.384580811856281929e-02
-4.342678449342388808e-02
-4.301152987859892252e-02
-4.259974080047529421e-02
-4.219111378544029151e-02
-4.178534535988131376e-02
-4.138213205018571872e-02
-4.098117038274078083e-02
-4.058215688393391335e-02
-4.018478808015241155e-02
-3.978876049778365398e-02
-3.939377066321494980e-02
-3.899951510283367756e-02
-3.860569034302713948e-02
-3.821199291018273492e-02
-3.781811933068774528e-02
-3.742376613092958382e-02
-3.702862983729552498e-02
-3.663240697617296121e-02
-3.623479407394920859e-02
-3.583548765701162486e-02
