0.000000000000000000e+00
-9.296456369654290675e-02
-1.848714074053591505e-01
-2.757185949764975330e-01
-3.655041902600069115e-01
-4.542262571059359488e-01
-5.418828593643335578e-01
-6.284720608852486512e-01
-7.139919255187298086e-01
-7.984405171148262204e-01
-8.818158995235864106e-01
-9.641161365950595696e-01
-1.045339292179293667e+00
-1.125483430126338558e+00
-1.204546614286242212e+00
-1.282526908509054042e+00
-1.359422376644822350e+00
-1.435231082543596992e+00
-1.509951090055425604e+00
-1.583580463030357377e+00
-1.656117265318441056e+00
-1.727559560769725833e+00
-1.797905413234259564e+00
-1.867152886562093217e+00
-1.935300044603272873e+00
-2.002344951207848833e+00
-2.068285670225870732e+00
-2.133120265507384872e+00
-2.196846800902443331e+00
-2.259463340261091524e+00
-2.320967947433381084e+00
-2.381358686269359648e+00
-2.440633620619076183e+00
-2.498790814332578769e+00
-2.555828331259917263e+00
-2.611744235251139745e+00
-2.666536590156295627e+00
-2.720203459825433434e+00
-2.772742908108602133e+00
-2.824152998855849805e+00
-2.874431795917225863e+00
-2.923577363142779717e+00
-2.971587764382559893e+00
-3.018461063486614915e+00
-3.064195324304992418e+00
-3.108788610687743148e+00
-3.152238986484916516e+00
-3.194544515546558383e+00
-3.235703261722719493e+00
-3.275713288863448813e+00
-3.314572660818793537e+00
-3.352279441438805296e+00
-3.388831694573530395e+00
-3.424227484073018690e+00
-3.458464873787318261e+00
-3.491541927566478964e+00
-3.523456709260550213e+00
-3.554207282719578753e+00
-3.583791711793613999e+00
-3.612208060332705362e+00
-3.639454392186901810e+00
-3.665528771206252756e+00
-3.690429261240805392e+00
-3.714153926140609574e+00
-3.736700829755712494e+00
-3.758068035936165785e+00
-3.778253608532017083e+00
-3.797255611393313135e+00
-3.815072108370105131e+00
-3.831701163312440706e+00
-3.847140840070369716e+00
-3.861389202493941131e+00
-3.874444314433203918e+00
-3.886304239738204380e+00
-3.896967042258992375e+00
-3.906430785845619980e+00
-3.914693534348132165e+00
-3.921753351616578342e+00
-3.927608301501009702e+00
-3.932256447851471215e+00
-3.935695854518015402e+00
-3.937924585350688567e+00
-3.938940704199541898e+00
-3.938742274914621699e+00
-3.937327361345978272e+00
-3.934694027343661027e+00
-3.930840336757715825e+00
-3.925764353438195187e+00
-3.919464141235145416e+00
-3.911937770744137399e+00
-3.903190031099683210e+00
-3.893245037354032156e+00
-3.882130358266201675e+00
-3.869873562595210092e+00
-3.856502219100070850e+00
-3.842043896539800496e+00
-3.826526163673418690e+00
-3.809976589259938873e+00
-3.792422742058377594e+00
-3.773892190827752291e+00
-3.754412504327079514e+00
-3.734011251315373592e+00
-3.712716000551653295e+00
-3.690554320794934728e+00
-3.667553780804233554e+00
-3.643741949338566322e+00
-3.619146395156948248e+00
-3.593794687018398548e+00
-3.567714393681930218e+00
-3.540933083906562473e+00
-3.513478326451310085e+00
-3.485377690075191381e+00
-3.456658743537221135e+00
-3.427349055596416338e+00
-3.397476195011791766e+00
-3.367067730542366633e+00
-3.336151230947154378e+00
-3.304754264985173773e+00
-3.272904401415439590e+00
-3.240629208996970156e+00
-3.207956256488780689e+00
-3.174913112649886848e+00
-3.141527346239305629e+00
-3.107826526016054913e+00
-3.073838220739147697e+00
-3.039589999167603640e+00
-3.005109430060437958e+00
-2.970424082176667202e+00
-2.935561524275307477e+00
-2.900549325115375776e+00
-2.865415053455888206e+00
-2.830186278055859983e+00
-2.794890567674309434e+00
-2.759555491070251776e+00
-2.724207737595464973e+00
-2.688863773492579323e+00
-2.653533469449934401e+00
-2.618226586229966291e+00
-2.582952884595111964e+00
-2.547722125307806618e+00
-2.512544069130485003e+00
-2.477428476825585424e+00
-2.442385109155541301e+00
-2.407423726882788717e+00
-2.372554090769764201e+00
-2.337785961578903393e+00
-2.303129100072641489e+00
-2.268593267013415904e+00
-2.234188223163660059e+00
-2.199923729285811369e+00
-2.165809546142305919e+00
-2.131855434495578017e+00
-2.098071155108064190e+00
-2.064466468742200078e+00
-2.031051136160423098e+00
-1.997834918125166448e+00
-1.964827575398867765e+00
-1.932038868743962468e+00
-1.899478558922885307e+00
-1.867156406698073923e+00
-1.835082172831963065e+00
-1.803265618086987487e+00
-1.771716503225585937e+00
-1.740444589010190501e+00
-1.709459636203239707e+00
-1.678771405567168085e+00
-1.648389657864412383e+00
-1.618324153857407577e+00
-1.588584654308590194e+00
-1.559180919980394098e+00
-1.530122711635257593e+00
-1.501419790035615431e+00
-1.473081915943903475e+00
-1.445118850122557363e+00
-1.417540353334012959e+00
-1.390356186340706568e+00
-1.363576109905073164e+00
-1.337209884789548830e+00
-1.311267246219274485e+00
-1.285753782801036804e+00
-1.260666387692517487e+00
-1.236000859139851027e+00
-1.211752995389174359e+00
-1.187918594686624640e+00
-1.164493455278337253e+00
-1.141473375410448909e+00
-1.118854153329096546e+00
-1.096631587280415765e+00
-1.074801475510543280e+00
-1.053359616265614918e+00
-1.032301807791768056e+00
-1.011623848335138520e+00
-9.913215361418623583e-01
-9.713906694580765055e-01
-9.518270465299174532e-01
-9.326264656035205824e-01
-9.137847249250231618e-01
-8.952976227405612386e-01
-8.771609572962711932e-01
-8.593705268382896278e-01
-8.419221296127524790e-01
-8.248115638657961268e-01
-8.080346278435576179e-01
-7.915871197921726665e-01
-7.754648379577782080e-01
-7.596635805865100677e-01
-7.441791459245047369e-01
-7.290073322178987070e-01
-7.141439377128284693e-01
-6.995847606554301823e-01
-6.853255992918401152e-01
-6.713622518681947593e-01
-6.576905166306306061e-01
-6.443061918252839249e-01
-6.312050756982912070e-01
-6.183829664957886108e-01
-6.058356624639121835e-01
-5.935589618487993047e-01
-5.815486628965855775e-01
-5.698005638534073825e-01
-5.583104629654016549e-01
-5.470741584787041090e-01
-5.360874486394515692e-01
-5.253461508033894223e-01
-5.148462340888759758e-01
-5.045837399856472061e-01
-4.945547104291438401e-01
-4.847551873548074375e-01
-4.751812126980789475e-01
-4.658288283943990971e-01
-4.566940763792095570e-01
-4.477729985879509433e-01
-4.390616369560646493e-01
-4.305560334189915128e-01
-4.222522299121729827e-01
-4.141462683710501747e-01
-4.062341907310639821e-01
-3.985120389276553543e-01
-3.909758548962656288e-01
-3.836216805723358103e-01
-3.764455578913070699e-01
-3.694435287886203567e-01
-3.626116351997170084e-01
-3.559459190600379186e-01
-3.494424223050242584e-01
-3.430971868701170879e-01
-3.369062546907575784e-01
-3.308656677023867343e-01
-3.249714678404456714e-01
-3.192196970403757272e-01
-3.136063972376174624e-01
-3.081276103676126588e-01
-3.027793783658017657e-01
-2.975577431676264539e-01
-2.924587467085272841e-01
-2.874784309239459268e-01
-2.826128377493229427e-01
-2.778580091200996138e-01
-2.732099869717172225e-01
-2.686648132396165511e-01
-2.642185298592392151e-01
-2.598671787660256083e-01
-2.556068018954175680e-01
-2.514334411828554328e-01
-2.473431385637809843e-01
-2.433319359736348941e-01
-2.393958753478584445e-01
-2.355310177140139405e-01
-2.317345696269461630e-01
-2.280055132087866476e-01
-2.243429833186383615e-01
-2.207461148156036612e-01
-2.172140425587857082e-01
-2.137459014072868035e-01
-2.103408262202098034e-01
-2.069979518566576748e-01
-2.037164131757327468e-01
-2.004953450365380418e-01
-1.973338822981759999e-01
-1.942311598197496436e-01
-1.911863124603613573e-01
-1.881984750791141636e-01
-1.852667825351105302e-01
-1.823903696874533964e-01
-1.795683713952451743e-01
-1.767999225175889699e-01
-1.740841579135870842e-01
-1.714202124423426787e-01
-1.688072209629579157e-01
-1.662443183345359565e-01
-1.637306394161794632e-01
-1.612653190669909586e-01
-1.588474921460734102e-01
-1.564762935125292020e-01
-1.541508580254614125e-01
-1.518703205439724535e-01
-1.496338159271652091e-01
-1.474404790341423688e-01
-1.452894447240066778e-01
-1.431798478558606591e-01
-1.411108232888073077e-01
-1.390815058819491745e-01
-1.370910304943890046e-01
-1.351385319852294320e-01
-1.332231452135732297e-01
-1.313440050385232816e-01
-1.295002463191820274e-01
-1.276910039146524345e-01
-1.259154126840369703e-01
-1.241726074864385881e-01
-1.224617231809597834e-01
-1.207818946267034538e-01
-1.191323137466927945e-01
-1.175124917767103039e-01
-1.159220509596962934e-01
-1.143606136500443793e-01
-1.128278022021477617e-01
-1.113232389704000985e-01
-1.098465463091946454e-01
-1.083973465729249769e-01
-1.069752621159844319e-01
-1.055799152927664464e-01
-1.042109284576645395e-01
-1.028679239650719945e-01
-1.015505241693824140e-01
-1.002583514249890673e-01
-9.899102808628551520e-02
-9.774817650766505495e-02
-9.652941904352134450e-02
-9.533437804824752837e-02
-9.416267587623725066e-02
-9.301393488188380854e-02
-9.188777741958077672e-02
-9.078382584372142461e-02
-8.970170250869936857e-02
-8.864102976890783636e-02
-8.760142997874041659e-02
-8.658252549259043418e-02
-8.558393866485136670e-02
-8.460529184991673335e-02
-8.364620740217980355e-02
-8.270630767603413813e-02
-8.178521502587307590e-02
-8.088255180609013606e-02
-7.999794037107864353e-02
-7.913100307523217303e-02
-7.828136227294399396e-02
-7.744864031860768105e-02
-7.663245956661654534e-02
-7.583244237136411992e-02
-7.504821108724377132e-02
-7.427938806864897714e-02
-7.352559566997311780e-02
-7.278645624560964311e-02
-7.206159214995201678e-02
-7.135062573739363312e-02
-7.065317936232798357e-02
-6.996887537914837918e-02
-6.929733614224836691e-02
-6.863818400602132719e-02
-6.799104132486072372e-02
-6.735553045315993692e-02
-6.673127374531244438e-02
-6.611789355571165427e-02
-6.551501223875101643e-02
-6.492225214882392514e-02
-6.433923564032387188e-02
-6.376558506764420931e-02
-6.320092278517842888e-02
-6.264487114731996653e-02
-6.209705250846222352e-02
-6.155708922299866354e-02
-6.102460364532264619e-02
-6.049921812982769764e-02
-5.998055503090718443e-02
-5.946823670295458414e-02
-5.896188550036327719e-02
-5.846112377752675504e-02
-5.796557388883836343e-02
-5.747485818869162849e-02
-5.698859903147992373e-02
-5.650641877159671284e-02
-5.602793976343536930e-02
-5.555278436138942622e-02
-5.508057491985218768e-02
-5.461093379321719371e-02
-5.414348333587785250e-02
-5.367784590222753061e-02
-5.321364384665976111e-02
-5.275049952356788280e-02
-5.228803528734538020e-02
-5.182587349238566843e-02
-5.136363649308219731e-02
-5.090094664382836115e-02
-5.043742629901763058e-02
-4.997269781304339992e-02
-4.950638354029913979e-02
-4.903810583517824451e-02
-4.856748705207418471e-02
-4.809414954538036163e-02
-4.761771566949022511e-02
