0.000000000000000000e+00
-1.723379803758769147e-01
-3.437051990700299986e-01
-5.140664766354754445e-01
-6.833866336252300000e-01
-8.516304905923097746e-01
-1.018762868089731155e+00
-1.184748586670510972e+00
-1.349552466887665503e+00
-1.513139329294211022e+00
-1.675473994443163583e+00
-1.836521282887540796e+00
-1.996246015180358047e+00
-2.154613011874631834e+00
-2.311587093523379099e+00
-2.467133080679615897e+00
-2.621215793896359170e+00
-2.773800053726624082e+00
-2.924850680723428908e+00
-3.074332495439788815e+00
-3.222210318428719855e+00
-3.368448970243239415e+00
-3.513013271436363993e+00
-3.655868042561110531e+00
-3.796978104170491530e+00
-3.936308276817528817e+00
-4.073823381055236226e+00
-4.209488237436630698e+00
-4.343267666514727843e+00
-4.475126488842542827e+00
-4.605029524973097033e+00
-4.732941595459403850e+00
-4.858827520854477555e+00
-4.982652121711336868e+00
-5.104380218582997841e+00
-5.223976632022477418e+00
-5.341406182582792539e+00
-5.456633690816955706e+00
-5.569623977277990967e+00
-5.680341862518908158e+00
-5.788752167092723333e+00
-5.894819711552457875e+00
-5.998509316451126061e+00
-6.099785802341741281e+00
-6.198613989777324917e+00
-6.294958699310889472e+00
-6.388784751495452774e+00
-6.480056966884035319e+00
-6.568740166029645167e+00
-6.654799169485305477e+00
-6.738198797804030526e+00
-6.818903871538833705e+00
-6.896879211242736396e+00
-6.972089637468754653e+00
-7.044499970769901864e+00
-7.114075031699195861e+00
-7.180779640809653586e+00
-7.244578618654290203e+00
-7.305436785786121767e+00
-7.363318962758168773e+00
-7.418189970123441057e+00
-7.470014628434960891e+00
-7.518758889423721392e+00
-7.564420100246560530e+00
-7.607030318466072139e+00
-7.646623397913583808e+00
-7.683233192420420465e+00
-7.716893555817910588e+00
-7.747638341937383544e+00
-7.775501404610166034e+00
-7.800516597667578544e+00
-7.822717774940957547e+00
-7.842138790261624415e+00
-7.858813497460910291e+00
-7.872775750370139214e+00
-7.884059402820641438e+00
-7.892698308643740113e+00
-7.898726321670766382e+00
-7.902177295733045170e+00
-7.903085084661906734e+00
-7.901483542288673334e+00
-7.897406522444677002e+00
-7.890887878961238222e+00
-7.881961465669694356e+00
-7.870661136401364999e+00
-7.857020744987579519e+00
-7.841074145259664618e+00
-7.822855191048948775e+00
-7.802397736186760469e+00
-7.779735634504421959e+00
-7.754902739833264391e+00
-7.727932906004616243e+00
-7.698859986849801551e+00
-7.667718839835042210e+00
-7.634554967289395755e+00
-7.599420282965387408e+00
-7.562366788726142985e+00
-7.523446486434790081e+00
-7.482711377954458065e+00
-7.440213465148278971e+00
-7.396004749879376838e+00
-7.350137234010886367e+00
-7.302662919405934261e+00
-7.253633807927651667e+00
-7.203101901439159960e+00
-7.151119201803598280e+00
-7.097737710884088891e+00
-7.043009430543762939e+00
-6.986986362645749793e+00
-6.929720509053178823e+00
-6.871263871629181175e+00
-6.811668452236878224e+00
-6.750986252739408222e+00
-6.689269274999895210e+00
-6.626569520881469444e+00
-6.562938992247258518e+00
-6.498429690960393579e+00
-6.433093618884002218e+00
-6.366982777881215583e+00
-6.300149169815159489e+00
-6.232644796548965971e+00
-6.164521659945763510e+00
-6.095831761868680587e+00
-6.026627104180844796e+00
-5.956957547886478466e+00
-5.886862159253879234e+00
-5.816376609902381034e+00
-5.745536570212395944e+00
-5.674377710564335153e+00
-5.602935701338608965e+00
-5.531246212915628568e+00
-5.459344915675802490e+00
-5.387267479999546360e+00
-5.315049576267269593e+00
-5.242726874859383379e+00
-5.170335046156296244e+00
-5.097909760538422930e+00
-5.025486688386169298e+00
-4.953101500079953645e+00
-4.880789866000184496e+00
-4.808587456527272153e+00
-4.736529942041626029e+00
-4.664652992923660868e+00
-4.592992279553784307e+00
-4.521583472312407537e+00
-4.450462241579946188e+00
-4.379664257736807009e+00
-4.309225191163402968e+00
-4.239180712240143478e+00
-4.169566491347440618e+00
-4.100418198865705577e+00
-4.031771505175350434e+00
-3.963662080656783271e+00
-3.896125595690419274e+00
-3.829197702838433859e+00
-3.762906608868314517e+00
-3.697261588673537602e+00
-3.632268952638832982e+00
-3.567935011148929636e+00
-3.504266074588560098e+00
-3.441268453342454237e+00
-3.378948457795342364e+00
-3.317312398331954792e+00
-3.256366585337022279e+00
-3.196117329195274248e+00
-3.136570940291443232e+00
-3.077733729010259545e+00
-3.019612005736452165e+00
-2.962212080854752738e+00
-2.905540264749888468e+00
-2.849602867806595885e+00
-2.794406200409600860e+00
-2.739956572943636814e+00
-2.686260295793432729e+00
-2.633323679343718471e+00
-2.581153033979226130e+00
-2.529754670084684243e+00
-2.479134898044824897e+00
-2.429300028244378407e+00
-2.380256371068075083e+00
-2.332010236900644795e+00
-2.284567936126819632e+00
-2.237935779131328129e+00
-2.192120076298902376e+00
-2.147127138014270464e+00
-2.102963122849728972e+00
-2.059627713666225102e+00
-2.017111833139806354e+00
-1.975405782122771070e+00
-1.934499861467420478e+00
-1.894384372026054253e+00
-1.855049614650972956e+00
-1.816485890194477815e+00
-1.778683499508867838e+00
-1.741632743446444254e+00
-1.705323922859506958e+00
-1.669747338600356068e+00
-1.634893291521292813e+00
-1.600752082474616200e+00
-1.567314012312627680e+00
-1.534569381887627149e+00
-1.502508492051914057e+00
-1.471121643657790301e+00
-1.440399137557555331e+00
-1.410331274603509932e+00
-1.380908355647954000e+00
-1.352120681543187874e+00
-1.323958553141512118e+00
-1.296412271295226848e+00
-1.269472136856632627e+00
-1.243128450678029573e+00
-1.217371513611717804e+00
-1.192191626509997882e+00
-1.167579090225170146e+00
-1.143524205609534938e+00
-1.120017273515392597e+00
-1.097048597313071916e+00
-1.074608515846625201e+00
-1.052687394183017711e+00
-1.031275598003967842e+00
-1.010363492991194212e+00
-9.899414448264161059e-01
-9.699998191913516976e-01
-9.505289817677207154e-01
-9.315192982372411112e-01
-9.129611342816313924e-01
-8.948448555826112871e-01
-8.771608278218991916e-01
-8.598994166812138351e-01
-8.430509878422736136e-01
-8.266059069867977005e-01
-8.105545397965047139e-01
-7.948872519531138270e-01
-7.795944091383429919e-01
-7.646663770339119370e-01
-7.500935213215390585e-01
-7.358662076829428633e-01
-7.219748017998425249e-01
-7.084096693539567724e-01
-6.951611760270038909e-01
-6.822196875007034977e-01
-6.695755694567735450e-01
-6.572191875769332059e-01
-6.451409075429010986e-01
-6.333310950363965075e-01
-6.217801157391373845e-01
-6.104783353328430140e-01
-5.994166604283539534e-01
-5.885894521049804817e-01
-5.779924300641643420e-01
-5.676213172586088707e-01
-5.574718366410192916e-01
-5.475397111640996073e-01
-5.378206637805554857e-01
-5.283104174430905964e-01
-5.190046951044103851e-01
-5.098992197172186325e-01
-5.009897142342204512e-01
-4.922719016081208987e-01
-4.837415047916238664e-01
-4.753942467374346892e-01
-4.672258503982573696e-01
-4.592320387267971316e-01
-4.514085346757578665e-01
-4.437510611978452424e-01
-4.362553412457626512e-01
-4.289170977722160938e-01
-4.217320537299088512e-01
-4.146959320715468134e-01
-4.078044557498335942e-01
-4.010533477174748063e-01
-3.944383309271740634e-01
-3.879551283316369226e-01
-3.815994628835673308e-01
-3.753670575356700678e-01
-3.692536352406505240e-01
-3.632549189512121468e-01
-3.573666318352808902e-01
-3.515850867640318289e-01
-3.459084718219366250e-01
-3.403353469939102705e-01
-3.348642722648685899e-01
-3.294938076197268528e-01
-3.242225130434008840e-01
-3.190489485208057863e-01
-3.139716740368574399e-01
-3.089892495764709479e-01
-3.041002351245623014e-01
-2.993031906660463815e-01
-2.945966761858392347e-01
-2.899792516688564636e-01
-2.854494771000128939e-01
-2.810059124642247386e-01
-2.766471177464069342e-01
-2.723716529314755830e-01
-2.681780780043455659e-01
-2.640649529499328740e-01
-2.600308377531526105e-01
-2.560742923989207109e-01
-2.521938768721522783e-01
-2.483881511577631651e-01
-2.446556752406685298e-01
-2.409950091057841415e-01
-2.374047127380253253e-01
-2.338833461223077392e-01
-2.304294692435468750e-01
-2.270416420866580853e-01
-2.237184246365571116e-01
-2.204583789593712595e-01
-2.172602185619277038e-01
-2.141229083874898187e-01
-2.110454370856281181e-01
-2.080267933059124774e-01
-2.050659656979135492e-01
-2.021619429112012367e-01
-1.993137135953461370e-01
-1.965202663999181254e-01
-1.937805899744877991e-01
-1.910936729686251168e-01
-1.884585040319005644e-01
-1.858740718138841841e-01
-1.833393649641463508e-01
-1.808533721322574395e-01
-1.784150819677872979e-01
-1.760234831203066341e-01
-1.736775642393853791e-01
-1.713763139745939912e-01
-1.691187209755025123e-01
-1.669037738916813451e-01
-1.647304613727006706e-01
-1.625977720681308358e-01
-1.605046946275418829e-01
-1.584502177005043255e-01
-1.564333299365881502e-01
-1.544530199853638430e-01
-1.525082764964014737e-01
-1.505980881192713894e-01
-1.487214435035437432e-01
-1.468773312987888546e-01
-1.450647539000232966e-01
-1.432829793139764885e-01
-1.415315157921307188e-01
-1.398098802419924236e-01
-1.381175895710684276e-01
-1.364541606868651391e-01
-1.348191104968893272e-01
-1.332119559086474003e-01
-1.316322138296461830e-01
-1.300794011673921668e-01
-1.285530348293919822e-01
-1.270526317231521762e-01
-1.255777087561795180e-01
-1.241277828359803881e-01
-1.227023708700615279e-01
-1.213009897659295955e-01
-1.199231564310910686e-01
-1.185683877730526609e-01
-1.172362006993209055e-01
-1.159261121174024467e-01
-1.146376389348038594e-01
-1.133702980590318016e-01
-1.121236063975928066e-01
-1.108970808579935602e-01
-1.096902383477406234e-01
-1.085025957743405989e-01
-1.073336700453000753e-01
-1.061829780681257662e-01
-1.050500367503241078e-01
-1.039343629994018553e-01
-1.028354737228655558e-01
-1.017528858282217841e-01
-1.006861162229772677e-01
-9.963468181463845663e-02
-9.859809951071206446e-02
-9.757588621870465218e-02
-9.656755884612283625e-02
-9.557263430047317765e-02
-9.459062948926240388e-02
-9.362106131999699266e-02
-9.266344670018365759e-02
-9.171730253732887639e-02
-9.078214573893940431e-02
-8.985749321252171906e-02
-8.894286186558253426e-02
-8.803776860562836926e-02
-8.714173034016582664e-02
-8.625426397670162004e-02
-8.537488642274225492e-02
-8.450311458579440327e-02
-8.363846537336461218e-02
-8.278045569295951200e-02
-8.192860245208570535e-02
-8.108242255824987810e-02
-8.024143291895846630e-02
-7.940515044171823911e-02
-7.857309203403571585e-02
-7.774477460341754076e-02
-7.691971505737028869e-02
-7.609743030340063163e-02
-7.527743724901504729e-02
-7.445925280172029093e-02
