-3.310156050264255402e-04
-2.819483019947721441e-04
-2.361682375859998166e-04
-1.935764286637611353e-04
-1.540738920917087318e-04
-1.175616447334952379e-04
-8.394070345277301437e-05
-5.311208511319498422e-05
-2.497680657841361998e-05
5.641152879185244352e-07
2.360966362214891924e-05
4.425882156062481719e-05
6.261057223969373911e-05
7.876389879570298890e-05
9.281778436500011777e-05
1.048712120839323856e-04
1.150231650888472012e-04
1.233726265160921091e-04
1.300185795020143557e-04
1.350600071829614716e-04
1.385958926952807983e-04
1.407252191753197309e-04
1.415469697594257462e-04
1.411601275839461853e-04
1.396636757852284165e-04
1.371565974996199165e-04
1.337378758634680807e-04
1.295064940131202501e-04
1.245614350849239286e-04
1.190016822152264303e-04
1.129262185403752318e-04
1.064340271967177556e-04
9.962409132060131580e-05
9.259539404837333477e-05
8.544691851638124859e-05
7.827764786097252039e-05
7.118656521849443710e-05
6.427265372529448898e-05
5.763489651772001038e-05
5.137227673211847124e-05
4.558377750483726690e-05
4.034659271543545119e-05
3.565075921631868466e-05
3.146452460310432018e-05
2.775613647140969030e-05
2.449384241685213434e-05
2.164589003504898825e-05
1.918052692161759473e-05
1.706600067217527955e-05
1.527055888233937867e-05
1.376244914772726357e-05
1.250991906395622108e-05
1.148121622664362610e-05
1.064458823140679084e-05
9.968282673863064803e-06
9.420547149629788995e-06
8.969629254324290889e-06
8.583776583563914889e-06
8.231236732965990159e-06
7.880257298147859410e-06
7.499085874726856886e-06
7.062208278201932311e-06
6.569063203598445672e-06
6.025327565823382600e-06
5.436678279783710094e-06
4.808792260386407009e-06
4.147346422538457284e-06
3.458017681146824105e-06
2.746482951118498187e-06
2.018419147360438056e-06
1.279503184779638663e-06
5.354119782830573707e-07
-2.081775572223123012e-07
-9.455885068295134661e-07
-1.671143955631548686e-06
-2.379166988721461710e-06
-3.063980691192267754e-06
-3.719908148136983936e-06
-4.341272444648646648e-06
-4.922396665820268987e-06
-5.457603896744886496e-06
-5.942597231772438444e-06
-6.378599802280600977e-06
-6.768214748903953964e-06
-7.114045212277096759e-06
-7.418694333034614314e-06
-7.684765251811103440e-06
-7.914861109241150784e-06
-8.111585045959348076e-06
-8.277540202600290432e-06
-8.415329719798562806e-06
-8.527556738188762009e-06
-8.616824398405479769e-06
-8.685735841083301039e-06
-8.736894206856822632e-06
-8.772902636360629499e-06
-8.796364270229316759e-06
-8.809882249097479527e-06
-8.816059713599702757e-06
-8.817499804370579873e-06
-8.816805662044704297e-06
-8.816103822184014372e-06
-8.815614400059860312e-06
-8.815080905870942331e-06
-8.814246849815962338e-06
-8.812855742093615466e-06
-8.810651092902605319e-06
-8.807376412441630416e-06
-8.802775210909390973e-06
-8.796590998504590593e-06
-8.788567285425924409e-06
-8.778447581872096024e-06
-8.765975398041800571e-06
-8.750894244133738264e-06
-8.732947630346612707e-06
-8.711879066879125809e-06
-8.687432063929971009e-06
-8.659350131697855297e-06
-8.627376780381470418e-06
-8.591255520179521670e-06
-8.550729861290709267e-06
-8.505629471402406934e-06
-8.456128648156695983e-06
-8.402487846684324459e-06
-8.344967522116048878e-06
-8.283828129582620673e-06
-8.219330124214798054e-06
-8.151733961143327372e-06
-8.081300095498966836e-06
-8.008288982412469574e-06
-7.932961077014587020e-06
-7.855576834436077383e-06
-7.776396709807687014e-06
-7.695681158260175817e-06
-7.613690634924292684e-06
-7.530685594930795826e-06
-7.446926493410430745e-06
-7.362673785493957346e-06
-7.278187926312128756e-06
-7.193729370995696408e-06
-7.109558574675415125e-06
-7.025892900957457259e-06
-6.942777347349674610e-06
-6.860213819835338203e-06
-6.778204224397722451e-06
-6.696750467020090756e-06
-6.615854453685721768e-06
-6.535518090377885664e-06
-6.455743283079856857e-06
-6.376531937774897903e-06
-6.297885960446286604e-06
-6.219807257077295677e-06
-6.142297733651189373e-06
-6.065359296151247187e-06
-5.988993850560735062e-06
-5.913203302862927412e-06
-5.837989559041093567e-06
-5.763354525078508789e-06
-5.689300106958439019e-06
-5.615828210664157826e-06
-5.542940742178936233e-06
-5.470640561942265543e-06
-5.398934348218506305e-06
-5.327829733728231720e-06
-5.257334351192025156e-06
-5.187455833330461510e-06
-5.118201812864119912e-06
-5.049579922513578646e-06
-4.981597794999414304e-06
-4.914263063042205170e-06
-4.847583359362532917e-06
-4.781566316680971593e-06
-4.716219567718098637e-06
-4.651550745194494873e-06
-4.587567481830736892e-06
-4.524277410347404673e-06
-4.461688163465072265e-06
-4.399807373904320494e-06
-4.338642674385727644e-06
-4.278201697629871999e-06
-4.218492076357329303e-06
-4.159517685911478853e-06
-4.101267372126898909e-06
-4.043726223460967053e-06
-3.986879328371064250e-06
-3.930711775314564694e-06
-3.875208652748848505e-06
-3.820355049131294109e-06
-3.766136052919280780e-06
-3.712536752570183981e-06
-3.659542236541383831e-06
-3.607137593290257064e-06
-3.555307911274183377e-06
-3.504038278950542044e-06
-3.453313784776707679e-06
-3.403119517210059979e-06
-3.353440564707978643e-06
-3.304262015727840403e-06
-3.255568958727023685e-06
-3.207346482162909457e-06
-3.159579674492871064e-06
-3.112255381461532660e-06
-3.065367477962491994e-06
-3.018911596176587461e-06
-2.972883368284661692e-06
-2.927278426467552657e-06
-2.882092402906105104e-06
-2.837320929781155311e-06
-2.792959639273546330e-06
-2.749004163564117828e-06
-2.705450134833708622e-06
-2.662293185263162613e-06
-2.619528947033317350e-06
-2.577153052325014614e-06
-2.535161133319094919e-06
-2.493548822196398776e-06
-2.452311751137766275e-06
-2.411445552324040470e-06
-2.370945857936057637e-06
-2.330808300154659983e-06
-2.291028511160688867e-06
-2.251602819682445896e-06
-2.212530340638082561e-06
-2.173810885493208904e-06
-2.135444265713438781e-06
-2.097430292764384351e-06
-2.059768778111659895e-06
-2.022459533220873760e-06
-1.985502369557639802e-06
-1.948897098587571028e-06
-1.912643531776278330e-06
-1.876741480589375561e-06
-1.841190756492474671e-06
-1.805991170951186338e-06
-1.771142535431126536e-06
-1.736644661397902765e-06
-1.702497360317130364e-06
-1.668700443654420433e-06
-1.635253722875385559e-06
-1.602157009445638113e-06
-1.569410114830790891e-06
-1.537012624863194031e-06
-1.504963222842155082e-06
-1.473260366433720417e-06
-1.441902513303933869e-06
-1.410888121118841386e-06
-1.380215647544489553e-06
-1.349883550246924108e-06
-1.319890286892189730e-06
-1.290234315146333004e-06
-1.260914092675399032e-06
-1.231928077145434399e-06
-1.203274726222484842e-06
-1.174952497572594406e-06
-1.146959848861809039e-06
-1.119295237756176174e-06
-1.091957121921739643e-06
-1.064943959024546241e-06
-1.038254206730640860e-06
-1.011886322706069660e-06
-9.858387646168790161e-07
-9.601094185325685698e-07
-9.346938841364563407e-07
-9.095871895153155236e-07
-8.847843627559197371e-07
-8.602804319450420705e-07
-8.360704251694562482e-07
-8.121493705159346180e-07
-7.885122960712503752e-07
-7.651542299221774559e-07
-7.420702001554895845e-07
-7.192552348579578385e-07
-6.967043621163566835e-07
-6.744126100174588910e-07
-6.523750066480378678e-07
-6.305865800948670207e-07
-6.090423584447192271e-07
-5.877373697843678938e-07
-5.666666422005858983e-07
-5.458252037801474943e-07
-5.252080826098241828e-07
-5.048099710592929210e-07
-4.846242186298433853e-07
-4.646438391056675849e-07
-4.448618462709582171e-07
-4.252712539099076088e-07
-4.058650758067086161e-07
-3.866363257455537247e-07
-3.675780175106344143e-07
-3.486831648861437528e-07
-3.299447816562739613e-07
-3.113558816052177371e-07
-2.929094785171676187e-07
-2.745985861763157212e-07
-2.564162183668548478e-07
-2.383553888729771401e-07
-2.204091114788760101e-07
-2.025703999687422759e-07
-1.848322681267691641e-07
-1.671877297371492135e-07
-1.496297985840746978e-07
-1.321516452630157346e-07
-1.147470676145517648e-07
-9.741002029054004646e-08
-8.013445794283763928e-08
-6.291433522330248955e-08
-4.574360678379012825e-08
-2.861622727615846862e-08
-1.152615135226465629e-08
5.532666336034232598e-09
2.256627113688106234e-08
3.958070839841873032e-08
5.658202346879010085e-08
7.357626169613804153e-08
9.056946842860475823e-08
1.075676890143344950e-07
1.245769688014695172e-07
1.416033531381525932e-07
1.586528873725266238e-07
1.757316168527346287e-07
1.928455869269193365e-07
2.099995271147877668e-07
2.271929036223034667e-07
2.444238668269932685e-07
2.616905671063862809e-07
2.789911548380093359e-07
2.963237803993903247e-07
3.136865941680563442e-07
3.310777465215352323e-07
3.484953878373548802e-07
3.659376684930425436e-07
3.834027388661259546e-07
4.008887493341321043e-07
4.183938502745898895e-07
4.359161920650263014e-07
4.534539250829689131e-07
4.710051997059452453e-07
4.885681663114832418e-07
5.061409752771101054e-07
5.237217769803536742e-07
5.413087217987407274e-07
5.588973258377117661e-07
5.764725681143510603e-07
5.940167933736540608e-07
6.115123463606171714e-07
6.289415718202364779e-07
6.462868144975080664e-07
6.635304191374275993e-07
6.806547304849916922e-07
6.976420932851953722e-07
7.144748522830364195e-07
7.311353522235095434e-07
7.476059378516112538e-07
7.638689539123375305e-07
7.799067451506847774e-07
7.957016563116486568e-07
8.112360321402252549e-07
8.264922173814104458e-07
8.414525567802005273e-07
8.560993950815915855e-07
8.704150770305799181e-07
8.843812787294087765e-07
8.979770017093127205e-07
9.111805788587728399e-07
9.239703430662710717e-07
9.363246272202892468e-07
9.482217642093088787e-07
9.596400869218109514e-07
9.705579282462789899e-07
9.809536210711933430e-07
9.908054982850354181e-07
1.000091892776287682e-06
1.008791137433431541e-06
1.016881565144949039e-06
1.024341508799320948e-06
1.031149301285029734e-06
1.037283275490556382e-06
1.042721764304383780e-06
1.047443100614992490e-06
1.051425617310864554e-06
1.054647647280481803e-06
1.057087523412326069e-06
1.058723578594878335e-06
1.059534145716620856e-06
1.059497557666035039e-06
1.058592147331602716e-06
1.056796247601805505e-06
1.054088191365125450e-06
1.050446311510043534e-06
1.045848940925042013e-06
1.040274412498602292e-06
1.033701059119206416e-06
1.026107213675335368e-06
1.017471209055471615e-06
1.007771378148096140e-06
9.969860538416911985e-07
9.850935690247375622e-07
9.720722565857189681e-07
9.579004494131155531e-07
9.425564803954077718e-07
9.260186824210803140e-07
