-3.310156050264255402e-04
2.080280059147536584e-03
4.381249052348777477e-03
6.574029703212105197e-03
8.660760340372324062e-03
1.064357929246424056e-02
1.252462488812266204e-02
1.430603545598238893e-02
1.598994932467824245e-02
1.757850482284500221e-02
1.907384027911750157e-02
2.047809402213053923e-02
2.179340438051891385e-02
2.302190968291743800e-02
2.416574825796091730e-02
2.522705843428416084e-02
2.620797854052196382e-02
2.711064690530914228e-02
2.793720185728050184e-02
2.868978172507084465e-02
2.937052483731498673e-02
2.998156952264771288e-02
3.052505410970385302e-02
3.100311692711820930e-02
3.141789630352558038e-02
3.177153056756076843e-02
3.206615804785859641e-02
3.230391707305384913e-02
3.248694597178135302e-02
3.261738307267589981e-02
3.269736670437230208e-02
3.272903519550537238e-02
3.271452687470990939e-02
3.265598007062071872e-02
3.255553311187260601e-02
3.241532432710038381e-02
3.223749204493885079e-02
3.202417459402280564e-02
3.177751030298708868e-02
3.149963750046647082e-02
3.119269451509577504e-02
3.085881967550980001e-02
3.050015131034336177e-02
3.011882774823124859e-02
2.971698731780829383e-02
2.929676834770927538e-02
2.886030916656902312e-02
2.840974810302232881e-02
2.794722348570400153e-02
2.747487364324885384e-02
2.699483690429167748e-02
2.650925159746729889e-02
2.602025605141051676e-02
2.552998859475611934e-02
2.504058755613893655e-02
2.455419126419377401e-02
2.407293804755541999e-02
2.359896623485869399e-02
2.313416270613036230e-02
2.267886257753365387e-02
2.223280959535734944e-02
2.179574634177630296e-02
2.136741539896534758e-02
2.094755934909933379e-02
2.053592077435310165e-02
2.013224225690150165e-02
1.973626637891939123e-02
1.934773572258160004e-02
1.896639287006298552e-02
1.859198040353838774e-02
1.822424090518265719e-02
1.786291695717063047e-02
1.750775114167716154e-02
1.715848604087709048e-02
1.681486423694527124e-02
1.647662831205654044e-02
1.614352084838575549e-02
1.581528442810775648e-02
1.549166163339738347e-02
1.517239504642949738e-02
1.485722724937892439e-02
1.454590082442053407e-02
1.423815835372914916e-02
1.393374241947962881e-02
1.363239560384681658e-02
1.333386048900556120e-02
1.303788105554797017e-02
1.274432312117061185e-02
1.245326716062064749e-02
1.216481549891504539e-02
1.187907046107077383e-02
1.159613437210479762e-02
1.131610955703409201e-02
1.103909834087562526e-02
1.076520304864636221e-02
1.049452600536327634e-02
1.022716953604333248e-02
9.963235965703497177e-03
9.702827619360742187e-03
9.446046822032039270e-03
9.192995898734363652e-03
8.943777174484664541e-03
8.698492974299924102e-03
8.457245623197110623e-03
8.220137446193194128e-03
7.987270768305132496e-03
7.758747914549907893e-03
7.534671209944481668e-03
7.315142979505823845e-03
7.100265548250908783e-03
6.890141241196697831e-03
6.684872383360161013e-03
6.484561299758268352e-03
6.289310315407994206e-03
6.099221755326297324e-03
5.914385430579058821e-03
5.734768215176592153e-03
5.560267205337925296e-03
5.390778696389191688e-03
5.226198983656540377e-03
5.066424362466123016e-03
4.911351128144077378e-03
4.760875576016557718e-03
4.614894001409702677e-03
4.473302699649660437e-03
4.335997966062577445e-03
4.202876095974602752e-03
4.073833384711874998e-03
3.948766127600544969e-03
3.827570619966756509e-03
3.710143157136657367e-03
3.596380034436395725e-03
3.486177547192110659e-03
3.379431990729952519e-03
3.276039660376066018e-03
3.175896851456599338e-03
3.078899859297694590e-03
2.984944979225499090e-03
2.893928506566158850e-03
2.805746736645821186e-03
2.720295964790631679e-03
2.637472486326732871e-03
2.557172596580273381e-03
2.479292618408349396e-03
2.403742860391080809e-03
2.330470329866031042e-03
2.259427980856151558e-03
2.190568767384387747e-03
2.123845643473691504e-03
2.059211563147006485e-03
1.996619480427281983e-03
1.936022349337464688e-03
1.877373123900504329e-03
1.820624758139349113e-03
1.765730206076943564e-03
1.712642421736238060e-03
1.661314359140178857e-03
1.611698972311717201e-03
1.563749215273796313e-03
1.517418042049365704e-03
1.472658406661373365e-03
1.429423263132767290e-03
1.387665565486495903e-03
1.347338267745505462e-03
1.308394323932743960e-03
1.270786688071159822e-03
1.234468314183700824e-03
1.199392156293314308e-03
1.165511168422948265e-03
1.132778304595550038e-03
1.101146518834069136e-03
1.070568765161450950e-03
1.040998693495208752e-03
1.012401642606871590e-03
9.847526502984615439e-04
9.580270479525220201e-04
9.322001669515946921e-04
9.072473386782222088e-04
8.831438945149474359e-04
8.598651658443134558e-04
8.373864840488616165e-04
8.156831805111347837e-04
7.947305866136763651e-04
7.745040337390278170e-04
7.549788532697328724e-04
7.361303765883326624e-04
7.179339350773708116e-04
7.003648601193893184e-04
6.833984830969310484e-04
6.670101353925382169e-04
6.511751483887534726e-04
6.358688534681194646e-04
6.210665820131789500e-04
6.067436654064739272e-04
5.928754350305472619e-04
5.794372222679414946e-04
5.664043585011989488e-04
5.537521751128624903e-04
5.414560034854746596e-04
5.294911750015779970e-04
5.178330210437148261e-04
5.064600598736141226e-04
4.953635572697530961e-04
4.845379658897942528e-04
4.739777383914012916e-04
4.636773274322370441e-04
4.536311856699648841e-04
4.438337657622480766e-04
4.342795203667498328e-04
4.249629021411329842e-04
4.158783637430607961e-04
4.070203578301965336e-04
3.983833370602034079e-04
3.899617540907445758e-04
3.817500615794833566e-04
3.737427121840826362e-04
3.659341585622060051e-04
3.583188533715166201e-04
3.508912492696770959e-04
3.436457989143510230e-04
3.365769549632016667e-04
3.296791700738919669e-04
3.229468969040852431e-04
3.163745881114447605e-04
3.099566963536335134e-04
3.036876742883148211e-04
2.975619745731520032e-04
2.915740498658079454e-04
2.857183528239458587e-04
2.799893802420198017e-04
2.743830870632739134e-04
2.688971855291018851e-04
2.635294925014390762e-04
2.582778248422199245e-04
2.531399994133798435e-04
2.481138330768531625e-04
2.431971426945749156e-04
2.383877451284800828e-04
2.336834572405035353e-04
2.290820958925802260e-04
2.245814779466449992e-04
2.201794202646327806e-04
2.158737397084782518e-04
2.116622531401167993e-04
2.075427774214828067e-04
2.035131294145112808e-04
1.995711259811372559e-04
1.957145839832955220e-04
1.919413202829210047e-04
1.882491517419485755e-04
1.846358952223131600e-04
1.810993675859495756e-04
1.776373856947929917e-04
1.742477664107779274e-04
1.709283265958393627e-04
1.676768831119123315e-04
1.644912528209315969e-04
1.613692525848321117e-04
1.583088235455341929e-04
1.553086738135721020e-04
1.523678037875939788e-04
1.494852144416184434e-04
1.466599067496636281e-04
1.438908816857482616e-04
1.411771402238907471e-04
1.385176833381095152e-04
1.359115120024230775e-04
1.333576271908499188e-04
1.308550298774084153e-04
1.284027210361171059e-04
1.259997016409945836e-04
1.236449726660590349e-04
1.213375350853290665e-04
1.190763898728231765e-04
1.168605380025597548e-04
1.146889804485573539e-04
1.125607181848344040e-04
1.104747521854093222e-04
1.084300834243006608e-04
1.064257128755268910e-04
1.044606415131064025e-04
1.025338703110576665e-04
1.006444002433991812e-04
9.879123228414940408e-05
9.697336740732680628e-05
9.518980658694988601e-05
9.343955271371963888e-05
9.172177566930931236e-05
9.003593954617173994e-05
8.838153838492579962e-05
8.675806622619019321e-05
8.516501711058374450e-05
8.360188507872516888e-05
8.206816417123323590e-05
8.056334842872671517e-05
7.908693189182434914e-05
7.763840860114500227e-05
7.621727259730722731e-05
7.482301792092991579e-05
7.345513861263179665e-05
7.211312871303165301e-05
7.079648226274817314e-05
6.950469330240022150e-05
6.823725587260647278e-05
6.699366401398575079e-05
6.577341176715678444e-05
6.457599317273831621e-05
6.340090227134908857e-05
6.224763310360789822e-05
6.111567971013348761e-05
6.000453613154462635e-05
5.891369640846008400e-05
5.784265458149858948e-05
5.679090469127890561e-05
5.575794077841986294e-05
5.474327148701093292e-05
5.374654892563919968e-05
5.276750663184502893e-05
5.180587907779090348e-05
5.086140073563934005e-05
4.993380607755284854e-05
4.902282957569393211e-05
4.812820570222507357e-05
4.724966892930883029e-05
4.638695372910763763e-05
4.553979457378399875e-05
4.470792593550043713e-05
4.389108228641946946e-05
4.308899809870359889e-05
4.230140784451528113e-05
4.152804599601706676e-05
4.076864702537144538e-05
4.002294540474094723e-05
3.929067560628800770e-05
3.857157210217516382e-05
3.786536936456491874e-05
3.717180186561976882e-05
3.649060407750222398e-05
3.582151047237478738e-05
3.516425552239995538e-05
3.451857369974026501e-05
3.388419947655815166e-05
3.326086732501617267e-05
3.264831177818716017e-05
3.204629831161833874e-05
3.145467359439670563e-05
3.087329745225187642e-05
3.030202971091345996e-05
2.974073019611107860e-05
2.918925873357438862e-05
2.864747514903294800e-05
2.811523926821641640e-05
2.759241091685438909e-05
2.707884992067649183e-05
2.657441610541236393e-05
2.607896929679161423e-05
2.559236932054384476e-05
2.511447600239869146e-05
2.464514916808579025e-05
2.418424864333471947e-05
2.373163425387511842e-05
2.328716582543661288e-05
2.285070318374880828e-05
2.242210615454133716e-05
2.200123456354380834e-05
2.158794823648584421e-05
2.118210699909706712e-05
2.078357067710711302e-05
2.039219909624556700e-05
2.000785208224205484e-05
1.963038946082621246e-05
1.925967105772764869e-05
1.889555669867597912e-05
1.853790620940083629e-05
1.818657941563182903e-05
1.784143614309857971e-05
1.750233621753072088e-05
1.716913946465784102e-05
1.684170571020958285e-05
1.651989477991555518e-05
1.620356649950537701e-05
1.589258069470867409e-05
1.558679719125506203e-05
1.528607581487416320e-05
1.499027639129560675e-05
1.469925874624898288e-05
1.441288270546392921e-05
1.413100809467006132e-05
1.385349473959700500e-05
1.358020246597437245e-05
1.331099109953178435e-05
1.304572046599886985e-05
1.278425039110521745e-05
1.252644070058048849e-05
1.227215122015425961e-05
1.202124177555619383e-05
1.177357219251586609e-05
1.152900229676293775e-05
1.128739191402700745e-05
1.104860087003767386e-05
1.081248899052459832e-05
