-3.310156050264255402e-04
-4.424789256842226459e-03
-8.147251465065655576e-03
-1.150666240872644935e-02
-1.451128226685433759e-02
-1.716937121847904660e-02
-1.948918944263032527e-02
-2.147899711833788430e-02
-2.314705442463147952e-02
-2.450162154054081123e-02
-2.555095864509563872e-02
-2.630332591732569697e-02
-2.676698353626069324e-02
-2.695019168093038334e-02
-2.686121053036448839e-02
-2.650830026359274685e-02
-2.589972105964487639e-02
-2.504373309755063975e-02
-2.394859655633972337e-02
-2.262257161504188999e-02
-2.107391845268688849e-02
-1.931089724830440529e-02
-1.734176818092421357e-02
-1.517479142957603964e-02
-1.281822717328958729e-02
-1.028033559109461578e-02
-7.569376862020846253e-03
-4.693611165097997216e-03
-1.661298679355835764e-03
1.519300416175924139e-03
4.839925942467559854e-03
8.292317720489321420e-03
1.186821557121149444e-02
1.555935931560431702e-02
1.935748877463808887e-02
2.325434376928306804e-02
2.724166412050951086e-02
3.131118964928769621e-02
3.545466017658790991e-02
3.966381552338037880e-02
4.393039551063538523e-02
4.824613995932321847e-02
5.260278869041411232e-02
5.699208152487836299e-02
6.140575828368623895e-02
6.583555878780796011e-02
7.027322285821385739e-02
7.471049031587417844e-02
7.913910098175916397e-02
8.355079467683916572e-02
8.793731122208428563e-02
9.229039043846495871e-02
9.660177214695138403e-02
1.008631961685138301e-01
1.050664023241225653e-01
1.092031304347478304e-01
1.132651203213599633e-01
1.172441118049291353e-01
1.211325168516461520e-01
1.249268954350106070e-01
1.286253883145037913e-01
1.322261393613900771e-01
1.357272924469340170e-01
1.391269914424000942e-01
1.424233802190529030e-01
1.456146026481568156e-01
1.486988026009764818e-01
1.516741239487763571e-01
1.545387105628209246e-01
1.572907063143747231e-01
1.599282550747022635e-01
1.624495007150680015e-01
1.648525871067365034e-01
1.671356581209723358e-01
1.692968576290398708e-01
1.713343295022037027e-01
1.732462176117283981e-01
1.750306658288783013e-01
1.766858180249180899e-01
1.782098180711121638e-01
1.796008098387250618e-01
1.808569371990213503e-01
1.819763440232654572e-01
1.829571741827218656e-01
1.837975715486552808e-01
1.844956799923299917e-01
1.850496663617903492e-01
1.854596993570149233e-01
1.857294746136712582e-01
1.858630467796105745e-01
1.858644705026836208e-01
1.857378004307415897e-01
1.854870912116353687e-01
1.851163974932160949e-01
1.846297739233346558e-01
1.840312751498421606e-01
1.833249558205896079e-01
1.825148705834278573e-01
1.816050740862080459e-01
1.805996209767811722e-01
1.795025659029983178e-01
1.783179635127102869e-01
1.770498684537682721e-01
1.757023353740231886e-01
1.742794189213261180e-01
1.727851737435279478e-01
1.712236544884797873e-01
1.695989158040325795e-01
1.679150123380374338e-01
1.661759987383452375e-01
1.643859296528071556e-01
1.625488597292739645e-01
1.606688436155968569e-01
1.587499359596268034e-01
1.567961914092147468e-01
1.548115446468856793e-01
1.527987518158004931e-01
1.507599001324619881e-01
1.486970691355916641e-01
1.466123383639113820e-01
1.445077873561427806e-01
1.423854956510075820e-01
1.402475427872275637e-01
1.380960083035243924e-01
1.359329717386197345e-01
1.337605126312354231e-01
1.315807105200930693e-01
1.293956449439143952e-01
1.272073954414212060e-01
1.250180415513350296e-01
1.228296628123777823e-01
1.206443387632711445e-01
1.184641489427366995e-01
1.162911728894962665e-01
1.141274901422715399e-01
1.119751802397842694e-01
1.098363227207560799e-01
1.077129971239087630e-01
1.056072829879639713e-01
1.035212598516434684e-01
1.014570072536690043e-01
9.941660473276218990e-02
9.740213182764480282e-02
9.541566706448305346e-02
9.345877459125141729e-02
9.153166881944840849e-02
8.963434544858570052e-02
8.776680017817486967e-02
8.592902870772756163e-02
8.412102673675528330e-02
8.234278996476966650e-02
8.059431409128225976e-02
7.887559481580472265e-02
7.718662783784861758e-02
7.552740885692549311e-02
7.389793357254699491e-02
7.229819768422467152e-02
7.072819689147018252e-02
6.918792689379502092e-02
6.767738339071081854e-02
6.619656208172916556e-02
6.474545866636165214e-02
6.332406884411992398e-02
6.193238831451546023e-02
6.057041277705991350e-02
5.923813793126488786e-02
5.793555947664195266e-02
5.666267311270269807e-02
5.541947453895872122e-02
5.420595945492158452e-02
5.302212356010294059e-02
5.186796255401430328e-02
5.074345369727806948e-02
4.964826453479931345e-02
4.858180561946459641e-02
4.754347972525416882e-02
4.653268962614814236e-02
4.554883809612675361e-02
4.459132790917018363e-02
4.365956183925868289e-02
4.275294266037237695e-02
4.187087314649147463e-02
4.101275607159619863e-02
4.017799420966672308e-02
3.936599033468327763e-02
3.857614722062600865e-02
3.780786764147514578e-02
3.706055437121087009e-02
3.633361018381338348e-02
3.562643785326287393e-02
3.493844015353955029e-02
3.426901985862358668e-02
3.361757974249521275e-02
3.298352257913459568e-02
3.236625114252193042e-02
3.176516820663741886e-02
3.117967654546126288e-02
3.060917893297366091e-02
3.005307814315478707e-02
2.951077694998488141e-02
2.898167812744409030e-02
2.846523745378502085e-02
2.796112272434983503e-02
2.746905473875308965e-02
2.698875429660936576e-02
2.651994219753318893e-02
2.606233924113914024e-02
2.561566622704176607e-02
2.517964395485563361e-02
2.475399322419529619e-02
2.433843483467530017e-02
2.393268958591021275e-02
2.353647827751460461e-02
2.314952170910300477e-02
2.277154068029000472e-02
2.240225599069013349e-02
2.204138843991796867e-02
2.168865882758807748e-02
2.134378795331498893e-02
2.100649661671326329e-02
2.067650561739748510e-02
2.035353575498218687e-02
2.003730782908194272e-02
1.972754263931130250e-02
1.942396098528482648e-02
1.912628366661707144e-02
1.883423148292260804e-02
1.854752523381597226e-02
1.826588571891173476e-02
1.798903647816264134e-02
1.771679158417568262e-02
1.744907421561537123e-02
1.718581404676270200e-02
1.692694075189861772e-02
1.667238400530411321e-02
1.642207348126013475e-02
1.617593885404765980e-02
1.593390979794765197e-02
1.569591598724108181e-02
1.546188709620893199e-02
1.523175279913215746e-02
1.500544277029173049e-02
1.478288668396861467e-02
1.456401421444380312e-02
1.434875503599823861e-02
1.413703882291289168e-02
1.392879524946873983e-02
1.372395398994675011e-02
1.352244471862789656e-02
1.332419710979313929e-02
1.312914083772345405e-02
1.293720557669980620e-02
1.274832100100317667e-02
1.256241678491451519e-02
1.237942260271479751e-02
1.219926812868499938e-02
1.202188303710608266e-02
1.184719700225901964e-02
1.167514345531863590e-02
1.150567901236492462e-02
1.133876912513566079e-02
1.117437926276164568e-02
1.101247489437366146e-02
1.085302148910251112e-02
1.069598451607900458e-02
1.054132944443393095e-02
1.038902174329808976e-02
1.023902688180228053e-02
1.009131032907729757e-02
9.945837554253945598e-03
9.802574026463027612e-03
9.661485214835329252e-03
9.522536588501650037e-03
9.385693616592796426e-03
9.250921768239559265e-03
9.118186512572741542e-03
8.987453318723142778e-03
8.858687655821555554e-03
8.731854992998781123e-03
8.606920799385625945e-03
8.483850544112872191e-03
8.362609696311329791e-03
8.243163725111791323e-03
8.125478099645058044e-03
8.009518289041927738e-03
7.895249762433198190e-03
7.782638038819721452e-03
7.671652982130693771e-03
7.562272111348376791e-03
7.454473724674627252e-03
7.348236120311289754e-03
7.243537596460217567e-03
7.140356451323255291e-03
7.038670983102250991e-03
6.938459489999057941e-03
6.839700270215517269e-03
6.742371621953489186e-03
6.646451843414807013e-03
6.551919232801325758e-03
6.458752088314895223e-03
6.366928708157363476e-03
6.276427390530574246e-03
6.187226433636381674e-03
6.099304135676632092e-03
6.012638794853174436e-03
5.927208709367856772e-03
5.842992177422525434e-03
5.759967497219031091e-03
5.678112966959220943e-03
5.597406884844942192e-03
5.517827549078044638e-03
5.439353257860378085e-03
5.361962309393789733e-03
5.285633001880124179e-03
5.210343633521239901e-03
5.136073114537789523e-03
5.062806367623284669e-03
4.990531728088143902e-03
4.919237570411993596e-03
4.848912269074459255e-03
4.779544198555167253e-03
4.711121733333741360e-03
4.643633247889807081e-03
4.577067116702990789e-03
4.511411714252916254e-03
4.446655415019206380e-03
4.382786593481489273e-03
4.319793624119390441e-03
4.257664881412534519e-03
4.196388739840543544e-03
4.135953573883048226e-03
4.076347758019670600e-03
4.017559666730038774e-03
3.959577674493773049e-03
3.902390155790501098e-03
3.845985485099847560e-03
3.790352036901438373e-03
3.735478185674899042e-03
3.681352305899853773e-03
3.627962772055927203e-03
3.575297958622750041e-03
3.523346240079939119e-03
3.472095990907124712e-03
3.421535587541849662e-03
3.371654401045811114e-03
3.322444412390120234e-03
3.273898025456945492e-03
3.226007644128453186e-03
3.178765672286812220e-03
3.132164513814191930e-03
3.086196572592756447e-03
3.040854252504675975e-03
2.996129957432117682e-03
2.952016091257247433e-03
2.908505057862235434e-03
2.865589261129249717e-03
2.823261104940455717e-03
2.781512993178022336e-03
2.740337329724118910e-03
2.699726518460910437e-03
2.659672963270565821e-03
2.620169068035252229e-03
2.581207236637138129e-03
2.542779872958390690e-03
2.504879380881177946e-03
2.467498164287667065e-03
2.430628627060026949e-03
2.394263173080426500e-03
2.358394206231029851e-03
2.323014130394005904e-03
2.288115349451522694e-03
2.253690267285748689e-03
2.219731287778851491e-03
2.186230814812997834e-03
2.153181252270356186e-03
2.120575004033093281e-03
2.088404473983380624e-03
2.056662066003380179e-03
2.025340183975262581e-03
1.994431231781195867e-03
1.963927613303347204e-03
1.933821732423883976e-03
1.904105993024975086e-03
1.874772798988787268e-03
1.845814554197489857e-03
1.817223662533247420e-03
1.788992527878229726e-03
1.761113554114604376e-03
1.733579145124538538e-03
1.706381704790200680e-03
1.679513636993757971e-03
1.652967345617379312e-03
1.626735234543229052e-03
1.600809707653479998e-03
1.575183168830294545e-03
1.549848021955845716e-03
1.524796670912295475e-03
1.500021519581817278e-03
1.475514971846575906e-03
1.451269431588737661e-03
1.427277302690473614e-03
