-3.310156050264255402e-04
-3.807996377881600917e-04
-4.279441906625041031e-04
-4.724986134309444564e-04
-5.145122558749680875e-04
-5.540344677760617158e-04
-5.911145989157126027e-04
-6.258019990754069796e-04
-6.581460180366329208e-04
-6.881960055808760074e-04
-7.160013114896242054e-04
-7.416112855443642883e-04
-7.650752775265827043e-04
-7.864426372177668774e-04
-8.057627143994035811e-04
-8.230848588529798057e-04
-8.384584203599817825e-04
-8.519327487018976946e-04
-8.635571936602134480e-04
-8.733811050164163583e-04
-8.814538325519935243e-04
-8.878247260484316110e-04
-8.925431352872177171e-04
-8.956584100498385078e-04
-8.972199001177811901e-04
-8.972769552725326460e-04
-8.958789252955796489e-04
-8.930751599684091891e-04
-8.889150090725080403e-04
-8.834478223893637346e-04
-8.767229497004627205e-04
-8.687897407872918797e-04
-8.596975454313382026e-04
-8.494957134140886795e-04
-8.382335945170306260e-04
-8.259605385216501651e-04
-8.127258952094346123e-04
-7.985790143618711747e-04
-7.835692457604463007e-04
-7.677459391866474142e-04
-7.511584444219609634e-04
-7.338561112478740470e-04
-7.158882894458736554e-04
-6.973043287974467789e-04
-6.781535790840804078e-04
-6.584853900872610988e-04
-6.383491115884762758e-04
-6.177940933692124955e-04
-5.968696852109567482e-04
-5.756252368951961327e-04
-5.541100982034174224e-04
-5.323736189171073907e-04
-5.104651488177536786e-04
-4.884340376868419754e-04
-4.663296353058602470e-04
-4.442012914562953755e-04
-4.220983559196337005e-04
-4.000701784773627546e-04
-3.781605998794185437e-04
-3.563794630097338900e-04
-3.347236543261873491e-04
-3.131900347818822642e-04
-2.917754653299210570e-04
-2.704768069234073417e-04
-2.492909205154434857e-04
-2.282146670591327238e-04
-2.072449075075785620e-04
-1.863785028138832320e-04
-1.656123139311502126e-04
-1.449432018124821695e-04
-1.243680274109825812e-04
-1.038836516797536663e-04
-8.348693557189921502e-05
-6.317474004052164914e-05
-4.294392603872424408e-05
-2.279135451960985853e-05
-2.713886436281488847e-06
1.729161725815757893e-05
3.722829561060483211e-05
5.709928766795676020e-05
7.690773247711093477e-05
9.665676908496383644e-05
1.163495365384129623e-04
1.359891738843548199e-04
1.555788201696868794e-04
1.751216144413057839e-04
1.946206478737374092e-04
2.140748407611445128e-04
2.334757649886718789e-04
2.528142444356610793e-04
2.720811029814529272e-04
2.912671645053888049e-04
3.103632528868096067e-04
3.293601920050570403e-04
3.482488057394715121e-04
3.670199179693947838e-04
3.856643525741675874e-04
4.041729334331313592e-04
4.225364844256271563e-04
4.407458294309961441e-04
4.587917923285791629e-04
4.766651969977177576e-04
4.943568673177530393e-04
5.118576271680261736e-04
5.291583004278778380e-04
5.462497109766497943e-04
5.631226826936830453e-04
5.797680394583185938e-04
5.961766051498977679e-04
6.123392036477610283e-04
6.282466588312506789e-04
6.438897945797072888e-04
6.592594347724718608e-04
6.743464032888853979e-04
6.891415240082895532e-04
7.036362110234838400e-04
7.178276766842807497e-04
7.317164243707366704e-04
7.453029952365697926e-04
7.585879304354973315e-04
7.715717711212373691e-04
7.842550584475066868e-04
7.966383335680234752e-04
8.087221376365054913e-04
8.205070118066698417e-04
8.319934972322348254e-04
8.431821350669172236e-04
8.540734664644355524e-04
8.646680325785072434e-04
8.749663745628492948e-04
8.849690335711800056e-04
8.946765507572166992e-04
9.040894672746769157e-04
9.132083242772786290e-04
9.220336629187393792e-04
9.305660243527763813e-04
9.388059497331077176e-04
9.467539802134510366e-04
9.544106569475235531e-04
9.617765210890432412e-04
9.688521137917275325e-04
9.756379762092941841e-04
9.821346494954606276e-04
9.883426774261998976e-04
9.942639358830587717e-04
9.999037962135875861e-04
1.005268196172431731e-03
1.010363073514236164e-03
1.015194365993646710e-03
1.019768011365308541e-03
1.024089947383866181e-03
1.028166111803965454e-03
1.032002442380251751e-03
1.035604876867369812e-03
1.038979353019964811e-03
1.042131808592683005e-03
1.045068181340168267e-03
1.047794409017067073e-03
1.050316429378023511e-03
1.052640180177683406e-03
1.054771599170692365e-03
1.056716624111694912e-03
1.058481192755336871e-03
1.060071242856262764e-03
1.061492712169118417e-03
1.062751538448549003e-03
1.063853659449199478e-03
1.064805012925715234e-03
1.065611536632742095e-03
1.066279168324924150e-03
1.066813845756907440e-03
1.067221506683336922e-03
1.067507948479062309e-03
1.067676610577062476e-03
1.067728975866918733e-03
1.067666468015488011e-03
1.067490510689626370e-03
1.067202527556190090e-03
1.066803942282035450e-03
1.066296178534019380e-03
1.065680659978997290e-03
1.064958810283825677e-03
1.064132053115361687e-03
1.063201812140460731e-03
1.062169511025979523e-03
1.061036573438774123e-03
1.059804423045701029e-03
1.058474483513616735e-03
1.057048178509377087e-03
1.055526931699838581e-03
1.053912166751857929e-03
1.052205307332290760e-03
1.050407777107994003e-03
1.048520999745823721e-03
1.046546398912636192e-03
1.044485398275287694e-03
1.042339421500634725e-03
1.040109892255533346e-03
1.037798234206840052e-03
1.035405871021410906e-03
1.032934226366103055e-03
1.030384588015758555e-03
1.027757700177170819e-03
1.025054171165118390e-03
1.022274609294381107e-03
1.019419622879737513e-03
1.016489820235968100e-03
1.013485809677850758e-03
1.010408199520165546e-03
1.007257598077691656e-03
1.004034613665208495e-03
1.000739854597495039e-03
9.973739291893306963e-04
9.939374457554944406e-04
9.904310126107665480e-04
9.868552380699251256e-04
9.832107304477504493e-04
9.794980980590214936e-04
9.757179492185169079e-04
9.718708922410161004e-04
9.679575354412997806e-04
9.639784871341455135e-04
9.599343556343334664e-04
9.558257492566429392e-04
9.516532763158524729e-04
9.474175451267424514e-04
9.431191640040911990e-04
9.387587412626785576e-04
9.343368852172837186e-04
9.298542320006670820e-04
9.253123367692614237e-04
9.207138622472656447e-04
9.160615370977982265e-04
9.113580899839763497e-04
9.066062495689182791e-04
9.018087445157408700e-04
8.969683034875617364e-04
8.920876551474991433e-04
8.871695281586700543e-04
8.822166511841924089e-04
8.772317528871840381e-04
8.722175619307623393e-04
8.671768069780450353e-04
8.621122166921498485e-04
8.570265197361941764e-04
8.519224447732957417e-04
8.468027204665722670e-04
8.416700754791411497e-04
8.365272384741204376e-04
8.313769381146270945e-04
8.262219030637794935e-04
8.210648619846948153e-04
8.159085435404914328e-04
8.107556763942855510e-04
8.056089892091960851e-04
8.004712106483403240e-04
7.953450693748353399e-04
7.902332940517993974e-04
7.851383138556725745e-04
7.800607097418721077e-04
7.750003583175183158e-04
7.699571348032194099e-04
7.649309144195826256e-04
7.599215723872167162e-04
7.549289839267296761e-04
7.499530242587287409e-04
7.449935686038225554e-04
7.400504921826186805e-04
7.351236702157253272e-04
7.302129779237504902e-04
7.253182905273023806e-04
7.204394832469882340e-04
7.155764313034164784e-04
7.107290099171952166e-04
7.058970943089321179e-04
7.010805596992353934e-04
6.962792813087128208e-04
6.914931343579726114e-04
6.867219940676225426e-04
6.819657356582707174e-04
6.772242343505250218e-04
6.724973653649934501e-04
6.677850039222837800e-04
6.630870252430042227e-04
6.584033045477628810e-04
6.537337170571673158e-04
6.490781368067738985e-04
6.444363345844778207e-04
6.398078992726818686e-04
6.351924012373523975e-04
6.305894108444539195e-04
6.259984984599522477e-04
6.214192344498122196e-04
6.168511891799995399e-04
6.122939330164791543e-04
6.077470363252164423e-04
6.032100694721772172e-04
5.986826028233255574e-04
5.941642067446278180e-04
5.896544516020488366e-04
5.851529077615537757e-04
5.806591455891082316e-04
5.761727354506772586e-04
5.716932477122262362e-04
5.672202527397206522e-04
5.627533208991253441e-04
5.582920225564057997e-04
5.538359280775275069e-04
5.493846078284551947e-04
5.449376321751546763e-04
5.404945714835907890e-04
5.360549961197293460e-04
5.316184764495352931e-04
5.271845828389737929e-04
5.227528856540105502e-04
5.183230645358440124e-04
5.138958726455676758e-04
5.094726724629778433e-04
5.050548334614847305e-04
5.006437251144995292e-04
4.962407168954331054e-04
4.918471782776963255e-04
4.874644787346997304e-04
4.830939877398546744e-04
4.787370747665715899e-04
4.743951092882611807e-04
4.700694607783344214e-04
4.657614987102022867e-04
4.614725925572756970e-04
4.572041117929651391e-04
4.529574258906817505e-04
4.487339043238361262e-04
4.445349165658394578e-04
4.403618320901023404e-04
4.362160203700354236e-04
4.320988508790496820e-04
4.280116930905560361e-04
4.239559164779654063e-04
4.199328905146883879e-04
4.159439846741360097e-04
4.119905684297192464e-04
4.080740112548484223e-04
4.041956826229347829e-04
4.003569511319902659e-04
3.965587406775403852e-04
3.928008082487814408e-04
3.890827217488126381e-04
3.854040490807334536e-04
3.817643581476433639e-04
3.781632168526419539e-04
3.746001930988283207e-04
3.710748547893019948e-04
3.675867698271624530e-04
3.641355061155090089e-04
3.607206315574412476e-04
3.573417140560585371e-04
3.539983215144602456e-04
3.506900218357457953e-04
3.474163829230147711e-04
3.441769726793663243e-04
3.409713590078999857e-04
3.377991098117152859e-04
3.346597929939114846e-04
3.315529764575880583e-04
3.284782281058445919e-04
3.254351158417801283e-04
3.224232075684944692e-04
3.194420711890870370e-04
3.164912746066570371e-04
3.135703857243037833e-04
3.106789724451269690e-04
3.078166026722259081e-04
3.049828443087000229e-04
3.021772652576487899e-04
2.993994334221715772e-04
2.966489167053677528e-04
2.939252830103369560e-04
2.912281002401782837e-04
2.885569362979914293e-04
2.859113590868756524e-04
2.832909365099304838e-04
2.806952364702551290e-04
2.781238268709493896e-04
2.755762756151124170e-04
2.730521506058437961e-04
2.705510197462426781e-04
2.680724509394086480e-04
2.656160120884411280e-04
2.631812710964395404e-04
2.607677958665033618e-04
2.583751543017319061e-04
2.560029143052247038e-04
2.536506437800809064e-04
2.513179106294004240e-04
2.490042827562821909e-04
2.467093280638260632e-04
2.444326144551309211e-04
2.421737098332967561e-04
2.399321821014226922e-04
2.377075991626080706e-04
2.354995289199526116e-04
