-3.310156050264255402e-04
-3.341245778209260228e-04
-3.370303177518847986e-04
-3.397352097106242719e-04
-3.422416385884673347e-04
-3.445519892767366621e-04
-3.466686466667551463e-04
-3.485939956498451914e-04
-3.503304211173299603e-04
-3.518803079605317490e-04
-3.532460410707736120e-04
-3.544300053393783330e-04
-3.554345856576683702e-04
-3.562621669169666158e-04
-3.569151340085957450e-04
-3.573958718238785955e-04
-3.577067652541377342e-04
-3.578501991906960530e-04
-3.578285585248761730e-04
-3.576442281480008778e-04
-3.572995929513930052e-04
-3.567970378263751220e-04
-3.561389476642700118e-04
-3.553277073564005124e-04
-3.543657017940891906e-04
-3.532553158686588301e-04
-3.519989344714323769e-04
-3.505989424937322354e-04
-3.490577248268812976e-04
-3.473776663622023470e-04
-3.455611519910181673e-04
-3.436105666046512168e-04
-3.415282950944243875e-04
-3.393167223516605174e-04
-3.369782332676822274e-04
-3.345152127338123552e-04
-3.319300456413735220e-04
-3.292251168816885112e-04
-3.264028113460799982e-04
-3.234655139258708206e-04
-3.204156095123837080e-04
-3.172554829969413356e-04
-3.139875192708663785e-04
-3.106141032254816745e-04
-3.071376197521099530e-04
-3.035604537420738352e-04
-2.998849900866962671e-04
-2.961136136772998155e-04
-2.922487094052072642e-04
-2.882926621617413424e-04
-2.842478568382248339e-04
-2.801166783259803053e-04
-2.759015115163307029e-04
-2.716047413005985935e-04
-2.672287525701068150e-04
-2.627759302161781509e-04
-2.582486591301352222e-04
-2.536493242033008668e-04
-2.489803103269976514e-04
-2.442440023925484681e-04
-2.394427852912759920e-04
-2.345790439145029797e-04
-2.296551631535521335e-04
-2.246735278997461828e-04
-2.196365230444079653e-04
-2.145465334788600209e-04
-2.094059440944252956e-04
-2.042171397824263563e-04
-1.989825054341861493e-04
-1.937044259410271058e-04
-1.883852861942722262e-04
-1.830274710852440503e-04
-1.776333655052654971e-04
-1.722053547779829879e-04
-1.667458664346580866e-04
-1.612574050402529834e-04
-1.557424833578706293e-04
-1.502036141506140840e-04
-1.446433101815861901e-04
-1.390640842138899530e-04
-1.334684490106282425e-04
-1.278589173349041453e-04
-1.222380019498205041e-04
-1.166082156184803379e-04
-1.109720711039865164e-04
-1.053320811694421534e-04
-9.969075857794998320e-05
-9.405061609261309251e-05
-8.841416647653444600e-05
-8.278392249281691349e-05
-7.716239690456354100e-05
-7.155210247487714414e-05
-6.595555196686087734e-05
-6.037525814361746813e-05
-5.481373376825007094e-05
-4.927349160386148782e-05
-4.375704441355476480e-05
-3.826690496043273781e-05
-3.280558600759845965e-05
-2.737560031815485773e-05
-2.197946065520500856e-05
-1.661967978185162950e-05
-1.129877046119775639e-05
-6.019245456346394591e-06
-7.836175304005608867e-07
4.405600553536985435e-06
9.545896032363192858e-06
1.463475614297509796e-05
1.966966812226977331e-05
2.464811920714414411e-05
2.956791126960493777e-05
3.442850147696958571e-05
3.922988942748432002e-05
4.397207503403039938e-05
4.865505820948941453e-05
5.327883886674256994e-05
5.784341691867128015e-05
6.234879227815676996e-05
6.679496485808062334e-05
7.118193457132410574e-05
7.550970133076856394e-05
7.977826504929531762e-05
8.398762563978571355e-05
8.813778301512126116e-05
9.222873708818321234e-05
9.626048777185296809e-05
1.002330349790117532e-04
1.041463786225411449e-04
1.080005186153223815e-04
1.117954548702368640e-04
1.155311873001659256e-04
1.192077158179908318e-04
1.228250403365931597e-04
1.263831607688541614e-04
1.298820770276551157e-04
1.333217890258773966e-04
1.367022966764025948e-04
1.400235998921118402e-04
1.432856985858865881e-04
1.464885926706081310e-04
1.496322820591578428e-04
1.527167666644171245e-04
1.557420463992673771e-04
1.587081211765898388e-04
1.616149909092658838e-04
1.644626555101770483e-04
1.672511262548753035e-04
1.699806274163846839e-04
1.726515724351555218e-04
1.752643813272577555e-04
1.778194741087614050e-04
1.803172707957363273e-04
1.827581914042525693e-04
1.851426559503798798e-04
1.874710844501884411e-04
1.897438969197481646e-04
1.919615133751289616e-04
1.941243538324007435e-04
1.962328383076335030e-04
1.982873868168973412e-04
2.002884193762619796e-04
2.022363560017974922e-04
2.041316167095737634e-04
2.059746215156608399e-04
2.077657904361286060e-04
2.095055434870470544e-04
2.111943006844860964e-04
2.128324820445157248e-04
2.144205075832058508e-04
2.159587973166264942e-04
2.174477712608475122e-04
2.188878494319390329e-04
2.202794518459708323e-04
2.216229985190129842e-04
2.229189094671352373e-04
2.241676047064078284e-04
2.253695042529005061e-04
2.265250281226832902e-04
2.276345963318261462e-04
2.286986288963990669e-04
2.297175458324719364e-04
2.306917671561146933e-04
2.316217128982670545e-04
2.325078071139703457e-04
2.333504833079350213e-04
2.341501763398695993e-04
2.349073210694822183e-04
2.356223523564812336e-04
2.362957050605748652e-04
2.369278140414715498e-04
2.375191141588795342e-04
2.380700402725070385e-04
2.385810272420623638e-04
2.390525099272540282e-04
2.394849231877901159e-04
2.398787018833790636e-04
2.402342808737290372e-04
2.405520950185484732e-04
2.408325791775455373e-04
2.410761682104286933e-04
2.412832969769060528e-04
2.414544003366861878e-04
2.415899131494770474e-04
2.416902702749873120e-04
2.417559065729249577e-04
2.417872569029984754e-04
2.417847561249161662e-04
2.417488390983861416e-04
2.416799406831169196e-04
2.415784957388167743e-04
2.414449391251938986e-04
2.412797057019566477e-04
2.410832303288134042e-04
2.408559478654723879e-04
2.405982931716419272e-04
2.403107011070301335e-04
2.399936065313457417e-04
2.396474443042966734e-04
2.392726492855913655e-04
2.388696749019779246e-04
2.384391040655680781e-04
2.379815748292709720e-04
2.374977254497489176e-04
2.369881941836646060e-04
2.364536192876803757e-04
2.358946390184587280e-04
2.353118916326622453e-04
2.347060153869534019e-04
2.340776485379946717e-04
2.334274293424484748e-04
2.327559960569775021e-04
2.320639869382441734e-04
2.313520402429108274e-04
2.306207942276401279e-04
2.298708871490944949e-04
2.291029572639364565e-04
2.283176428288284871e-04
2.275155821004331148e-04
2.266974133354127325e-04
2.258637747904300311e-04
2.250153047221473493e-04
2.241526413872272966e-04
2.232764230423322116e-04
2.223872879441247312e-04
2.214858743492673565e-04
2.205728205144224532e-04
2.196487646962525225e-04
2.187143451514202554e-04
2.177702001365879904e-04
2.168169679084181747e-04
2.158552867235734719e-04
2.148857948387162208e-04
2.139091305105090580e-04
2.129259319956143493e-04
2.119368375506946772e-04
2.109424775545642940e-04
2.099432557561006025e-04
2.089393207249220434e-04
2.079308074177254489e-04
2.069178507912077870e-04
2.059005858020657273e-04
2.048791474069962921e-04
2.038536705626960968e-04
2.028242902258621094e-04
2.017911413531911892e-04
2.007543589013801417e-04
1.997140778271257178e-04
1.986704330871249397e-04
1.976235596380744499e-04
1.965735924366712164e-04
1.955206664396120717e-04
1.944649166035937937e-04
1.934064778853131607e-04
1.923454852414671135e-04
1.912820736287524845e-04
1.902163780038660789e-04
1.891485333235047020e-04
1.880786745443653216e-04
1.870069366231445806e-04
1.859334545165394466e-04
1.848583631812467792e-04
1.837817975739633024e-04
1.827038926513859570e-04
1.816247833702114940e-04
1.805446046871368000e-04
1.794634915588586802e-04
1.783815789420740755e-04
1.772990017934797369e-04
1.762158950697724155e-04
1.751323937276491063e-04
1.740486327238065332e-04
1.729647470026085662e-04
1.718808502463424221e-04
1.707969912534290527e-04
1.697132064892983361e-04
1.686295324193799879e-04
1.675460055091040489e-04
1.664626622239002345e-04
1.653795390291984500e-04
1.642966723904284922e-04
1.632140987730203478e-04
1.621318546424036779e-04
1.610499764640084964e-04
1.599685007032644645e-04
1.588874638256016771e-04
1.578069022964499041e-04
1.567268525812388338e-04
1.556473511453985070e-04
1.545684344543587206e-04
1.534901389735492984e-04
1.524125011684000915e-04
1.513355575043409782e-04
1.502593444468018093e-04
1.491838984612124631e-04
1.481092560130027635e-04
1.470354535676025073e-04
1.459625275904415998e-04
1.448905145469498920e-04
1.438194509025572079e-04
1.427493731226934257e-04
1.416803176727883691e-04
1.406123210182719707e-04
1.395454196245739459e-04
1.384796499571243355e-04
1.374150484813527738e-04
1.363516516626892743e-04
1.352894959665635797e-04
1.342286178584056495e-04
1.331690577281140491e-04
1.321108928417976270e-04
1.310542206704476225e-04
1.299991388920097369e-04
1.289457451844296175e-04
1.278941372256529115e-04
1.268444126936254016e-04
1.257966692662926267e-04
1.247510046216003966e-04
1.237075164374943313e-04
1.226663023919200783e-04
1.216274601628233523e-04
1.205910874281498955e-04
1.195572818658452603e-04
1.185261411538552295e-04
1.174977629701254094e-04
1.164722449926014881e-04
1.154496848992292077e-04
1.144301803679542153e-04
1.134138290767221176e-04
1.124007287034786972e-04
1.113909769261696420e-04
1.103846714227405180e-04
1.093819098711370673e-04
1.083827899493049505e-04
1.073874093351898963e-04
1.063958657067375248e-04
1.054082567418935645e-04
1.044246801186036490e-04
1.034452335148134799e-04
1.024700146084687856e-04
1.014991210775151320e-04
1.005326505998982748e-04
9.957070085356388835e-05
9.861336951645760626e-05
9.766075426652517065e-05
9.671295278171222873e-05
9.577006273996444127e-05
9.483218181922752326e-05
9.389940769744718968e-05
9.297183805256902000e-05
9.204957056253872919e-05
9.113270290530200513e-05
9.022133275880452215e-05
8.931555780099199524e-05
8.841547570981005805e-05
8.752118416320439848e-05
8.663278083912070440e-05
8.575036341550469079e-05
8.487402957030193711e-05
8.400387698145825321e-05
8.314000332691917790e-05
8.228250628463048037e-05
8.143148353253782138e-05
8.058703274858687528e-05
7.974925161072331638e-05
7.891823779689287322e-05
7.809408898504112526e-05
7.727690285311382813e-05
7.646677707905662907e-05
7.566380934081522950e-05
7.486809731633529020e-05
7.407973868356248549e-05
7.329883112044255746e-05
7.252547230492103136e-05
7.175975991494379835e-05
7.100179162845632948e-05
7.025166512340447525e-05
6.950947807773374737e-05
6.877532816939000988e-05
6.804931307631884225e-05
6.733153047646583749e-05
6.662207804777685967e-05
