-3.310156050264255402e-04
3.828432502993927428e-03
7.613692804548328162e-03
1.103308157737258564e-02
1.409491509920251032e-02
1.680750964777390569e-02
1.917918150082258827e-02
2.121824693608435550e-02
2.293302223129503603e-02
2.433182366419041343e-02
2.542296751250632675e-02
2.621477005397856996e-02
2.671554756634294397e-02
2.693361632733526703e-02
2.687729261469134698e-02
2.655489270614700553e-02
2.597473287943802278e-02
2.514512941230024126e-02
2.407439858246944453e-02
2.277085666768145084e-02
2.124281994567208884e-02
1.949860469417713169e-02
1.754652719093241497e-02
1.539490371367374134e-02
1.305205054013691170e-02
1.052628394805775296e-02
7.825920215172050415e-03
4.959275619215601505e-03
1.934666437924270881e-03
-1.239591050966164405e-03
-4.555180569719896946e-03
-8.003785840601112395e-03
-1.157709058587401592e-02
-1.526677852780275457e-02
-1.906453338865158123e-02
-2.296203889068464121e-02
-2.695097875616614055e-02
-3.102303670736026447e-02
-3.516989646653124330e-02
-3.938324175594318938e-02
-4.365475629786035733e-02
-4.797612381454691155e-02
-5.233902802826705808e-02
-5.673515266128496132e-02
-6.115618143586486893e-02
-6.559379807427086206e-02
-7.003968629876725083e-02
-7.448552983161815799e-02
-7.892301239508781041e-02
-8.334381771144040718e-02
-8.773962950294002250e-02
-9.210213149185104975e-02
-9.642300740043747986e-02
-1.006939409509636368e-01
-1.049066158656936504e-01
-1.090527158668917335e-01
-1.131239246768220852e-01
-1.171119260177488075e-01
-1.210090824899716366e-01
-1.248119462512950611e-01
-1.285186660800886616e-01
-1.321273938976754714e-01
-1.356362816253788295e-01
-1.390434811845218388e-01
-1.423471444964278798e-01
-1.455454234824200832e-01
-1.486364700638216074e-01
-1.516184361619558330e-01
-1.544894736981458072e-01
-1.572477345937148829e-01
-1.598913707699861630e-01
-1.624185341482829170e-01
-1.648273766499284421e-01
-1.671160501962458411e-01
-1.692827067085583559e-01
-1.713254981081892836e-01
-1.732425763164617549e-01
-1.750320932546990116e-01
-1.766922008442242953e-01
-1.782210510063608200e-01
-1.796167956624317719e-01
-1.808775867337604482e-01
-1.820015761416700073e-01
-1.829869158074836077e-01
-1.838317576525246300e-01
-1.845342535981161491e-01
-1.850925785017497882e-01
-1.855069055345824613e-01
-1.857809285696092327e-01
-1.859186998574552108e-01
-1.859242716487455316e-01
-1.858016961941051925e-01
-1.855550257441594408e-01
-1.851883125495334126e-01
-1.847056088608521329e-01
-1.841109669287407380e-01
-1.834084390038244194e-01
-1.826020773367281747e-01
-1.816959341780772508e-01
-1.806940617784966174e-01
-1.796005123886116606e-01
-1.784193382590471000e-01
-1.771545916404284049e-01
-1.758103247833804894e-01
-1.743905899385286562e-01
-1.728994393564977916e-01
-1.713409252879131983e-01
-1.697190999833998737e-01
-1.680380156935830094e-01
-1.663017246690877138e-01
-1.645142791605391508e-01
-1.626797314185622900e-01
-1.608021336937823786e-01
-1.588855382368245250e-01
-1.569339972983138098e-01
-1.549514434633056381e-01
-1.529406337222986578e-01
-1.509036578105748261e-01
-1.488425978048196208e-01
-1.467595357817184643e-01
-1.446565538179570287e-01
-1.425357339902205978e-01
-1.403991583751947880e-01
-1.382489090495650497e-01
-1.360870680900168050e-01
-1.339157175732356153e-01
-1.317369395759070416e-01
-1.295528161747164231e-01
-1.273654294463492931e-01
-1.251768614674911573e-01
-1.229891943148274935e-01
-1.208045100650438769e-01
-1.186248907948256326e-01
-1.164524185808583495e-01
-1.142891754998275333e-01
-1.121372436284186341e-01
-1.099987050433170882e-01
-1.078756418212084983e-01
-1.057701360387782175e-01
-1.036842697727118623e-01
-1.016201250996949107e-01
-9.957978409641271567e-02
-9.756532883955089386e-02
-9.557884039244450569e-02
-9.362188503644119919e-02
-9.169467825684622653e-02
-8.979721665528532515e-02
-8.792949683338410760e-02
-8.609151539276826970e-02
-8.428326893506338235e-02
-8.250475406189512750e-02
-8.075596737488910382e-02
-7.903690547567103486e-02
-7.734756496586654706e-02
-7.568794244710119745e-02
-7.405803452100073736e-02
-7.245783778919073770e-02
-7.088734885329694979e-02
-6.934656431494487516e-02
-6.783548077576022350e-02
-6.635409483736864900e-02
-6.490240310139577806e-02
-6.348040216946730652e-02
-6.208808864320881221e-02
-6.072545912424593545e-02
-5.939251021420436510e-02
-5.808923851470973454e-02
-5.681564062738767018e-02
-5.557171315386384008e-02
-5.435745269576384292e-02
-5.317285585471340920e-02
-5.201791923233809595e-02
-5.089262098124829742e-02
-4.979662936825121622e-02
-4.872935552700376899e-02
-4.769020280798462463e-02
-4.667857456167234104e-02
-4.569387413854562874e-02
-4.473550488908308725e-02
-4.380287016376337855e-02
-4.289537331306508827e-02
-4.201241768746686450e-02
-4.115340663744737615e-02
-4.031774351348522273e-02
-3.950483166605906621e-02
-3.871407444564751305e-02
-3.794487520272920439e-02
-3.719663728778278833e-02
-3.646876405128688520e-02
-3.576065884372013615e-02
-3.507172501556116151e-02
-3.440136591728859550e-02
-3.374898489938112783e-02
-3.311398531231730252e-02
-3.249577050657579541e-02
-3.189374383263526153e-02
-3.130730864097430732e-02
-3.073586828207157742e-02
-3.017882610640569563e-02
-2.963558546445533085e-02
-2.910554970669908259e-02
-2.858817507256618609e-02
-2.808312935728842635e-02
-2.759013324504815470e-02
-2.710890742002772941e-02
-2.663917256640951914e-02
-2.618064936837589604e-02
-2.573305851010921144e-02
-2.529612067579184789e-02
-2.486955654960614284e-02
-2.445308681573446843e-02
-2.404643215835920028e-02
-2.364931326166269665e-02
-2.326145080982731234e-02
-2.288256548703543683e-02
-2.251237797746940411e-02
-2.215060896531160020e-02
-2.179697913474439724e-02
-2.145120916995011881e-02
-2.111301975511116133e-02
-2.078213157440989001e-02
-2.045826531202864923e-02
-2.014114165214982502e-02
-1.983048127895576523e-02
-1.952600487662884202e-02
-1.922743312935142057e-02
-1.893448672130586610e-02
-1.864688633667454035e-02
-1.836435265963979810e-02
-1.808660911876711422e-02
-1.781346980890801540e-02
-1.754485809201888208e-02
-1.728070383526049067e-02
-1.702093690579358637e-02
-1.676548717077894560e-02
-1.651428449737732396e-02
-1.626725875274948052e-02
-1.602433980405618477e-02
-1.578545751845819231e-02
-1.555054176311627956e-02
-1.531952240519119691e-02
-1.509232931184370692e-02
-1.486889235023458600e-02
-1.464914138752459148e-02
-1.443300629087448245e-02
-1.422041692744501276e-02
-1.401130316439695885e-02
-1.380559486889108151e-02
-1.360322190808814155e-02
-1.340411414914889979e-02
-1.320820145923412223e-02
-1.301541370550457315e-02
-1.282568075512102203e-02
-1.263893247524421233e-02
-1.245509873303491874e-02
-1.227410939565390727e-02
-1.209589433026193005e-02
-1.192038340401976003e-02
-1.174751022299569229e-02
-1.157723146716427461e-02
-1.140951260985666182e-02
-1.124431914171378222e-02
-1.108161655337653283e-02
-1.092137033548584019e-02
-1.076354597868262562e-02
-1.060810897360780006e-02
-1.045502481090228135e-02
-1.030425898120698562e-02
-1.015577697516282900e-02
-1.000954428341073107e-02
-9.865526396591613179e-03
-9.723688805346382760e-03
-9.583997000315955944e-03
-9.446416472141257528e-03
-9.310912711463196698e-03
-9.177451208922694781e-03
-9.045997455160669637e-03
-8.916516940818033921e-03
-8.788975156535707225e-03
-8.663337592954607411e-03
-8.539569740715645396e-03
-8.417637090459744245e-03
-8.297505132827816612e-03
-8.179139358460780357e-03
-8.062505257999551603e-03
-7.947568322085048209e-03
-7.834294090662347748e-03
-7.722652399301543208e-03
-7.612620651761397086e-03
-7.504177022178203614e-03
-7.397299684688237939e-03
-7.291966813427795159e-03
-7.188156582533155627e-03
-7.085847166140606633e-03
-6.985016738386432000e-03
-6.885643473406914683e-03
-6.787705545338354116e-03
-6.691181128317014171e-03
-6.596048396479191681e-03
-6.502285523961169600e-03
-6.409870684899235220e-03
-6.318782053429671496e-03
-6.228997803688764850e-03
-6.140496109812800841e-03
-6.053255145938065025e-03
-5.967253086200843826e-03
-5.882468104737417595e-03
-5.798878375684075361e-03
-5.716462073177100076e-03
-5.635197371352779032e-03
-5.555062444347396051e-03
-5.476035466297239293e-03
-5.398094611338589977e-03
-5.321218053607734526e-03
-5.245383967240963702e-03
-5.170571149610822537e-03
-5.096764520762964157e-03
-5.023952475908465345e-03
-4.952123450145527739e-03
-4.881265878572351238e-03
-4.811368196287136613e-03
-4.742418838388083764e-03
-4.674406239973391726e-03
-4.607318836141263869e-03
-4.541145061989895759e-03
-4.475873352617488164e-03
-4.411492143122241853e-03
-4.347989868602357595e-03
-4.285354964156037894e-03
-4.223575864881476578e-03
-4.162641005876879623e-03
-4.102538822240445193e-03
-4.043257749070373192e-03
-3.984786221464862652e-03
-3.927112674522114343e-03
-3.870225543340327732e-03
-3.814113263017704890e-03
-3.758764268652444417e-03
-3.704166995342745780e-03
-3.650309878186810183e-03
-3.597181352282840996e-03
-3.544769852729031615e-03
-3.493063814623585846e-03
-3.442051674992689138e-03
-3.391722850280328144e-03
-3.342069326938201367e-03
-3.293083507863371617e-03
-3.244757795952900835e-03
-3.197084594103850527e-03
-3.150056305213286539e-03
-3.103665332178267341e-03
-3.057904077895856176e-03
-3.012764945263116719e-03
-2.968240337177108744e-03
-2.924322656534897227e-03
-2.881004306233543241e-03
-2.838277689170109162e-03
-2.796135208241657798e-03
-2.754569266345252392e-03
-2.713572266377953582e-03
-2.673136611236822877e-03
-2.633254703818925253e-03
-2.593918947021321350e-03
-2.555121743741073544e-03
-2.516855496875244642e-03
-2.479112609320897019e-03
-2.441885483975092617e-03
-2.405166523734895978e-03
-2.368948131497365574e-03
-2.333222710159566383e-03
-2.297982662618559043e-03
-2.263220391771407231e-03
-2.228928300515172455e-03
-2.195098791746918389e-03
-2.161724268363705674e-03
-2.128797133262597552e-03
-2.096309789340657700e-03
-2.064254639494945455e-03
-2.032624086622524494e-03
-2.001410533620458492e-03
-1.970606383385807656e-03
-1.940204038815634795e-03
-1.910195902807003583e-03
-1.880574378256975312e-03
-1.851331868062613874e-03
-1.822460775120978826e-03
-1.793953502329133625e-03
-1.765802452584141081e-03
-1.738000028783063351e-03
-1.710538633822963244e-03
-1.683410670600901833e-03
-1.656608542013943445e-03
-1.630124650959147202e-03
-1.603951400333579382e-03
-1.578081193034298457e-03
-1.552506431958370920e-03
-1.527219520002854377e-03
-1.502212860064815756e-03
-1.477478855041315263e-03
-1.453009907829413321e-03
-1.428798421326176208e-03
