-3.310156050264255402e-04
1.481846116384566035e-03
3.090434845569380983e-03
4.499248777966960780e-03
5.712786109016251834e-03
6.735545034156191664e-03
7.572023748825727762e-03
8.226720448463804153e-03
8.704133328509361389e-03
9.008760584401339158e-03
9.145100411578689290e-03
9.117651005480348000e-03
8.930910561545265386e-03
8.589377275212370724e-03
8.097549341920621049e-03
7.459924957108953446e-03
6.681002316216317141e-03
5.765279614681641414e-03
4.717255047943884165e-03
3.541426811441978576e-03
2.242293100614877778e-03
8.243521109015138678e-04
-7.078979622591574216e-04
-2.349958923428219389e-03
-4.097332577166692448e-03
-5.945520728035660549e-03
-7.890025180596166657e-03
-9.926347739409289300e-03
-1.204999020903604716e-02
-1.425645439403751963e-02
-1.654124209897477049e-02
-1.889985512840884271e-02
-2.132779528690080181e-02
-2.382056437901169596e-02
-2.637366420930260455e-02
-2.898259658233455147e-02
-3.164286330266861264e-02
-3.434996617486583970e-02
-3.709940700348730858e-02
-3.988668759309406397e-02
-4.270730974824713672e-02
-4.555677527350763395e-02
-4.843058597343655181e-02
-5.132424365259499743e-02
-5.423325011554399472e-02
-5.715310716684463693e-02
-6.007931661105795490e-02
-6.300738025274499332e-02
-6.593279989646684547e-02
-6.885107734678455604e-02
-7.175771440825913505e-02
-7.464821288545173128e-02
-7.751807458292329922e-02
-8.036280130523498766e-02
-8.317789485694780660e-02
-8.595885704262279381e-02
-8.870118966682104256e-02
-9.140039453410360448e-02
-9.405197344903154510e-02
-9.665142821616584667e-02
-9.919426064006769961e-02
-1.016759725252980306e-01
-1.040920656764179747e-01
-1.064380418979885556e-01
-1.087094029945708806e-01
-1.109016507707259597e-01
-1.130102870310147889e-01
-1.150308135799986003e-01
-1.169587322222382653e-01
-1.187895447622949602e-01
-1.205187530047296673e-01
-1.221418587541034662e-01
-1.236543638149774499e-01
-1.250517937821352399e-01
-1.263319968809781535e-01
-1.274970604021210263e-01
-1.285495227692877718e-01
-1.294919224062024976e-01
-1.303267977365892560e-01
-1.310566871841720438e-01
-1.316841291726750518e-01
-1.322116621258220825e-01
-1.326418244673374658e-01
-1.329771546209450594e-01
-1.332201910103689990e-01
-1.333734720593333367e-01
-1.334395361915621248e-01
-1.334209218307793599e-01
-1.333201674007091220e-01
-1.331398113250755189e-01
-1.328823920276024917e-01
-1.325504479320141760e-01
-1.321465174620346239e-01
-1.316731390413878322e-01
-1.311328510937978808e-01
-1.305281920429888221e-01
-1.298617003126846803e-01
-1.291359143266095910e-01
-1.283533725084875232e-01
-1.275166132820425569e-01
-1.266281750709987441e-01
-1.256905962990800818e-01
-1.247064153900106914e-01
-1.236781707675146114e-01
-1.226084008553158938e-01
-1.214996440771385910e-01
-1.203544388567067136e-01
-1.191753236177442998e-01
-1.179648367839754991e-01
-1.167255167791242942e-01
-1.154597517594301986e-01
-1.141691393238966623e-01
-1.128550180103836953e-01
-1.115187262064839535e-01
-1.101616022997899541e-01
-1.087849846778942420e-01
-1.073902117283895424e-01
-1.059786218388683449e-01
-1.045515533969232219e-01
-1.031103447901468018e-01
-1.016563344061316432e-01
-1.001908606324702911e-01
-9.871526185675545684e-02
-9.723087646657960215e-02
-9.573904284953535515e-02
-9.424109939321528850e-02
-9.273838448521203037e-02
-9.123223651311811178e-02
-8.972399386452610537e-02
-8.821499492702863932e-02
-8.670657808821828627e-02
-8.520008173568764664e-02
-8.369684425702925146e-02
-8.219820403983572887e-02
-8.070549947169962379e-02
-7.922006894021360601e-02
-7.774325083297017880e-02
-7.627638353756191480e-02
-7.482080544158146995e-02
-7.337785493262134751e-02
-7.194887039827424502e-02
-7.053519022613262413e-02
-6.913815280378914074e-02
-6.775909651883633977e-02
-6.639935975886683550e-02
-6.506028091147317283e-02
-6.374315730661148094e-02
-6.244851663363467503e-02
-6.117620304828031569e-02
-5.992603694607965409e-02
-5.869783872256390672e-02
-5.749142877326433865e-02
-5.630662749371218023e-02
-5.514325527943866184e-02
-5.400113252597502772e-02
-5.288007962885251517e-02
-5.177991698360238232e-02
-5.070046498575585953e-02
-4.964154403084414940e-02
-4.860297451439855171e-02
-4.758457683195024823e-02
-4.658617137903051791e-02
-4.560757855117059806e-02
-4.464861874390171209e-02
-4.370911235275508344e-02
-4.278887977326197023e-02
-4.188774140095365139e-02
-4.100551763136129485e-02
-4.014202886001617260e-02
-3.929709548244950806e-02
-3.847053789419259406e-02
-3.766217649077660545e-02
-3.687183166773280729e-02
-3.609932382059244382e-02
-3.534447334488673848e-02
-3.460710063614695631e-02
-3.388702608990430687e-02
-3.318407010169004134e-02
-3.249805306703539010e-02
-3.182879538147163900e-02
-3.117611744052995945e-02
-3.053983963974162344e-02
-2.991978222931913900e-02
-2.931572613259198976e-02
-2.872735992283278333e-02
-2.815435893114426325e-02
-2.759639848862917647e-02
-2.705315392639029079e-02
-2.652430057553034973e-02
-2.600951376715208291e-02
-2.550846883235827200e-02
-2.502084110225165012e-02
-2.454630590793499198e-02
-2.408453858051102028e-02
-2.363521445108249242e-02
-2.319800885075217617e-02
-2.277259711062279771e-02
-2.235865456179713870e-02
-2.195585653537792531e-02
-2.156387836246793574e-02
-2.118239537416989268e-02
-2.081108290158655699e-02
-2.044961627582067912e-02
-2.009767082797501297e-02
-1.975492188915231248e-02
-1.942104479045532461e-02
-1.909571486298680329e-02
-1.877860743784949896e-02
-1.846939784614617247e-02
-1.816776141897956040e-02
-1.787337348745241319e-02
-1.758590938266748824e-02
-1.730504443572753945e-02
-1.703045397773531380e-02
-1.676181333979356869e-02
-1.649879785300504415e-02
-1.624108284847250797e-02
-1.598834365729870713e-02
-1.574025561058637473e-02
-1.549651775751976698e-02
-1.525699455568679114e-02
-1.502162090114782418e-02
-1.479033195024395328e-02
-1.456306285931628988e-02
-1.433974878470592983e-02
-1.412032488275396722e-02
-1.390472630980151524e-02
-1.369288822218964891e-02
-1.348474577625948662e-02
-1.328023412835211380e-02
-1.307928843480863842e-02
-1.288184385197016155e-02
-1.268783553617777553e-02
-1.249719864377258141e-02
-1.230986833109569065e-02
-1.212577975448817826e-02
-1.194486807029115916e-02
-1.176706843484572745e-02
-1.159231600449298592e-02
-1.142054593557403040e-02
-1.125169338442996020e-02
-1.108569350740187462e-02
-1.092248146083087471e-02
-1.076199240105806670e-02
-1.060416148442453257e-02
-1.044892386727137856e-02
-1.029621470593970571e-02
-1.014596915677061159e-02
-9.998122376105198980e-03
-9.852609520284561981e-03
-9.709365745649803370e-03
-9.568326208542015515e-03
-9.429426065302311602e-03
-9.292600472271775325e-03
-9.157784585791514664e-03
-9.024914235267224305e-03
-8.893944612827039964e-03
-8.764852712507648427e-03
-8.637616691401360514e-03
-8.512214706600488776e-03
-8.388624915197345766e-03
-8.266825474284254446e-03
-8.146794540953510022e-03
-8.028510272297438924e-03
-7.911950825408350235e-03
-7.797094357378557376e-03
-7.683919025300373767e-03
-7.572402986266113696e-03
-7.462524397368087113e-03
-7.354261415698611776e-03
-7.247592198350000237e-03
-7.142494902414562447e-03
-7.038947684984610091e-03
-6.936928703152460927e-03
-6.836416114010426641e-03
-6.737388074650819784e-03
-6.639822742165956380e-03
-6.543698273648145512e-03
-6.448992826189702335e-03
-6.355684556882942871e-03
-6.263751622820174468e-03
-6.173172181093714017e-03
-6.083924388795873203e-03
-5.995986403018964579e-03
-5.909336380855304167e-03
-5.823952479397203653e-03
-5.739812855736976457e-03
-5.656895666966939469e-03
-5.575179070179398302e-03
-5.494641222466668112e-03
-5.415260280921066656e-03
-5.337014403565085163e-03
-5.259883352058281752e-03
-5.183851781757739009e-03
-5.108905278204454656e-03
-5.035029426939417740e-03
-4.962209813503631189e-03
-4.890432023438078847e-03
-4.819681642283755833e-03
-4.749944255581660738e-03
-4.681205448872784343e-03
-4.613450807698122637e-03
-4.546665917598666402e-03
-4.480836364115409892e-03
-4.415947732789350828e-03
-4.351985609161482596e-03
-4.288935578772792509e-03
-4.226783227164280024e-03
-4.165514139876937659e-03
-4.105113902451759667e-03
-4.045568100429738564e-03
-3.986862319351869473e-03
-3.928982144759146644e-03
-3.871913162192563897e-03
-3.815640957193115052e-03
-3.760151115301792191e-03
-3.705429222059589134e-03
-3.651460863007501435e-03
-3.598231623686522912e-03
-3.545727089637645650e-03
-3.493932846401864769e-03
-3.442834479520175388e-03
-3.392417574533569159e-03
-3.342667716983042502e-03
-3.293570492409585333e-03
-3.245111486354194507e-03
-3.197276284357862541e-03
-3.150050471961584123e-03
-3.103420230683149629e-03
-3.057377342127016832e-03
-3.011916656246937333e-03
-2.967033054425123693e-03
-2.922721418043794112e-03
-2.878976628485157684e-03
-2.835793567131432609e-03
-2.793167115364832750e-03
-2.751092154567572404e-03
-2.709563566121865434e-03
-2.668576231409927006e-03
-2.628125031813972716e-03
-2.588204848716218164e-03
-2.548810563498873742e-03
-2.509937057544156785e-03
-2.471579212234281155e-03
-2.433731908951461149e-03
-2.396390029077912365e-03
-2.359548453995848668e-03
-2.323202065087484353e-03
-2.287345743735034586e-03
-2.251974371320715398e-03
-2.217082829226737616e-03
-2.182665998835317707e-03
-2.148718761528670401e-03
-2.115235998689010428e-03
-2.082212591698552086e-03
-2.049643421939509672e-03
-2.017523370794097482e-03
-1.985847319644531549e-03
-1.954610149873026170e-03
-1.923806742861794124e-03
-1.893431979993051009e-03
-1.863480742649010688e-03
-1.833947912211888760e-03
-1.804828370063899521e-03
-1.776116997587257485e-03
-1.747808676164176950e-03
-1.719898287176872429e-03
-1.692380712007560606e-03
-1.665250832038452523e-03
-1.638503528651764430e-03
-1.612133683229710623e-03
-1.586136177154506268e-03
-1.560505891808365011e-03
-1.535237708573502016e-03
-1.510326508832131581e-03
-1.485767173966468435e-03
-1.461554585358728177e-03
-1.437683624391122720e-03
-1.414149172445869178e-03
-1.390946110905180331e-03
-1.368069321151271561e-03
-1.345513684566357598e-03
-1.323274082532652305e-03
-1.301345396432370847e-03
-1.279722507647728822e-03
-1.258400297560937926e-03
-1.237373647554214839e-03
-1.216637439009773643e-03
-1.196186553309828851e-03
-1.176015871836594978e-03
-1.156120275972286537e-03
-1.136494647099119126e-03
-1.117133866599304441e-03
-1.098032815855061331e-03
-1.079186376248599758e-03
-1.060589429162137921e-03
-1.042236855977887516e-03
-1.024123538078066092e-03
-1.006244356844886428e-03
-9.885941936605617368e-04
-9.711679299073100024e-04
