-3.310156050264255402e-04
-5.264800849159069485e-02
-1.032297120339417396e-01
-1.521008262950186429e-01
-1.992860513377606169e-01
-2.448100872251067206e-01
-2.886976340199961522e-01
-3.309733917853680540e-01
-3.716620605841614577e-01
-4.107883404793154503e-01
-4.483769315337695627e-01
-4.844525338104624934e-01
-5.190398473723335515e-01
-5.521635722823219350e-01
-5.838484086033665088e-01
-6.141190563984069151e-01
-6.430002157303815746e-01
-6.705165866622304627e-01
-6.966928692568921111e-01
-7.215537635773056069e-01
-7.451239696864104811e-01
-7.674281876471459318e-01
-7.884911175224506019e-01
-8.083374593752638004e-01
-8.269919132685249474e-01
-8.444791792651731299e-01
-8.608239574281468798e-01
-8.760509478203861722e-01
-8.901848505048297611e-01
-9.032503655444162893e-01
-9.152721930020859542e-01
-9.262750329407771765e-01
-9.362835854234289323e-01
-9.453225505129810857e-01
-9.534166282723718355e-01
-9.605905187645413790e-01
-9.668689220524279149e-01
-9.722765381989710853e-01
-9.768380672671099774e-01
-9.805782093197839000e-01
-9.835216644199314961e-01
-9.856931326304921859e-01
-9.871173140144051672e-01
-9.878189086346093051e-01
-9.878226165540437975e-01
-9.871531378356481756e-01
-9.858351725423611933e-01
-9.838934207371222707e-01
-9.813525824828700506e-01
-9.782373578425441751e-01
-9.745724468790832873e-01
-9.703825496554271401e-01
-9.656923662345143766e-01
-9.605265966792845278e-01
-9.549099410526764586e-01
-9.488670994176294782e-01
-9.424227718370822293e-01
-9.356016583739744652e-01
-9.284284590912451618e-01
-9.209278740518332951e-01
-9.131246033186780631e-01
-9.050433469547185528e-01
-8.967088050228939622e-01
-8.881456775861434894e-01
-8.793786647074062213e-01
-8.704324664496214670e-01
-8.613317828757277583e-01
-8.521013140486649595e-01
-8.427657600313719355e-01
-8.333498208867876622e-01
-8.238781966778514487e-01
-8.143755874675021600e-01
-8.048666933186795491e-01
-7.953761299500745618e-01
-7.859202785827339444e-01
-7.765004915423424636e-01
-7.671165217377438061e-01
-7.577681220777817694e-01
-7.484550454712994849e-01
-7.391770448271406391e-01
-7.299338730541488074e-01
-7.207252830611675654e-01
-7.115510277570402664e-01
-7.024108600506107081e-01
-6.933045328507223548e-01
-6.842317990662188931e-01
-6.751924116059435654e-01
-6.661861233787398362e-01
-6.572126872934515029e-01
-6.482718562589221412e-01
-6.393633831839952153e-01
-6.304870209775143008e-01
-6.216425225483228623e-01
-6.128296408052642530e-01
-6.040481286571824926e-01
-5.952977390129209345e-01
-5.865782247813227102e-01
-5.778893388712318391e-01
-5.692308341914915637e-01
-5.606024636509457926e-01
-5.520039801584379902e-01
-5.434351366228111768e-01
-5.348956859529094832e-01
-5.263853810575763736e-01
-5.179039748456550907e-01
-5.094512202259893208e-01
-5.010268701074227504e-01
-4.926306773987986221e-01
-4.842623950089609552e-01
-4.759217758467527704e-01
-4.676089515050789736e-01
-4.593260458336913543e-01
-4.510758355336621506e-01
-4.428610976847489056e-01
-4.346846093667081634e-01
-4.265491476592969677e-01
-4.184574896422725843e-01
-4.104124123953917791e-01
-4.024166929984114849e-01
-3.944731085310887453e-01
-3.865844360731806040e-01
-3.787534527044437715e-01
-3.709829355046358468e-01
-3.632756615535132072e-01
-3.556344079308330075e-01
-3.480619517163522358e-01
-3.405610699898279914e-01
-3.331345398310170958e-01
-3.257851383196765926e-01
-3.185156425355633036e-01
-3.113288295584344945e-01
-3.042274764680470978e-01
-2.972143603441578241e-01
-2.902922582665239393e-01
-2.834639473149020983e-01
-2.767322045690497889e-01
-2.700998071087235552e-01
-2.635695320136805520e-01
-2.571441563636776562e-01
-2.508264572384719115e-01
-2.446192117178205838e-01
-2.385251968814800505e-01
-2.325471898092076883e-01
-2.266879675807603467e-01
-2.209503072758952080e-01
-2.153369859743689829e-01
-2.098506535440661236e-01
-2.044915752192016656e-01
-1.992578983918882052e-01
-1.941476968362559063e-01
-1.891590443264354604e-01
-1.842900146365572533e-01
-1.795386815407517822e-01
-1.749031188131496273e-01
-1.703814002278810635e-01
-1.659715995590767545e-01
-1.616717905808670863e-01
-1.574800470673826669e-01
-1.533944427927537713e-01
-1.494130515311109797e-01
-1.455339470565848170e-01
-1.417552031433056414e-01
-1.380748935654041443e-01
-1.344910920970105728e-01
-1.310018725122554795e-01
-1.276053085852694169e-01
-1.242994740901828404e-01
-1.210824428011261639e-01
-1.179522884922298981e-01
-1.149070849376245124e-01
-1.119449059114405731e-01
-1.090638251878084525e-01
-1.062619165408586336e-01
-1.035372537447216829e-01
-1.008879105735279724e-01
-9.831196080140811033e-02
-9.580747820249242708e-02
-9.337253655091151683e-02
-9.100520962079576559e-02
-8.870357118627582305e-02
-8.646569502148196418e-02
-8.428965490054474152e-02
-8.217352540174907571e-02
-8.011559872766706170e-02
-7.811467812099838481e-02
-7.616964010301328913e-02
-7.427936119498214362e-02
-7.244271791817520623e-02
-7.065858679386280428e-02
-6.892584434331519572e-02
-6.724336708780270788e-02
-6.561003154859557096e-02
-6.402471424696419555e-02
-6.248629170417879103e-02
-6.099364044150967779e-02
-5.954563698022716928e-02
-5.814115784160151651e-02
-5.677907954690308151e-02
-5.545827861740209447e-02
-5.417763157436897986e-02
-5.293601493907386379e-02
-5.173230523278712217e-02
-5.056537897677904070e-02
-4.943411269231994670e-02
-4.833738290068009119e-02
-4.727406612312981538e-02
-4.624303888093939108e-02
-4.524317769537911788e-02
-4.427335908771932310e-02
-4.333245957923025776e-02
-4.241935569118223531e-02
-4.153292394484553451e-02
-4.067204086149047576e-02
-3.983558296238735863e-02
-3.902242676880648270e-02
-3.823144880201809898e-02
-3.746152558329258336e-02
-3.671153363390020075e-02
-3.598034947511120213e-02
-3.526692094283906398e-02
-3.457069321681850715e-02
-3.389132326855708727e-02
-3.322846885216476642e-02
-3.258178772175149285e-02
-3.195093763142722865e-02
-3.133557633530190123e-02
-3.073536158748552821e-02
-3.014995114208799190e-02
-2.957900275321927175e-02
-2.902217417498931945e-02
-2.847912316150809711e-02
-2.794950746688556684e-02
-2.743298484523166297e-02
-2.692921305065634416e-02
-2.643784983726959678e-02
-2.595855295918132397e-02
-2.549098017050149823e-02
-2.503478922534007819e-02
-2.458963787780702251e-02
-2.415518388201227593e-02
-2.373108499206579708e-02
-2.331699896207754114e-02
-2.291258354615746326e-02
-2.251749649841553250e-02
-2.213139557296166585e-02
-2.175393852390583235e-02
-2.138478310535800453e-02
-2.102358707142811325e-02
-2.067000817622612757e-02
-2.032370417386198530e-02
-1.998433281844565895e-02
-1.965155186408709329e-02
-1.932501906489625734e-02
-1.900439217498307506e-02
-1.868932894845752243e-02
-1.837949155779129359e-02
-1.807466928288693417e-02
-1.777479452322077921e-02
-1.747980731319829714e-02
-1.718964768722493555e-02
-1.690425567970613857e-02
-1.662357132504738849e-02
-1.634753465765409475e-02
-1.607608571193173616e-02
-1.580916452228576727e-02
-1.554671112312162699e-02
-1.528866554884478722e-02
-1.503496783386068861e-02
-1.478555801257478569e-02
-1.454037611939254168e-02
-1.429936218871940244e-02
-1.406245625496081383e-02
-1.382959835252223386e-02
-1.360072851580912227e-02
-1.337578677922692319e-02
-1.315471317718109635e-02
-1.293744774407709283e-02
-1.272393051432036716e-02
-1.251410152231636867e-02
-1.230790080247056231e-02
-1.210526838918838353e-02
-1.190614431687529381e-02
-1.171046861993675116e-02
-1.151818133277819449e-02
-1.132922248980509569e-02
-1.114353212542289369e-02
-1.096105027403705169e-02
-1.078171697005302250e-02
-1.060547224787625024e-02
-1.043225614191219119e-02
-1.026200868656629989e-02
-1.009466991841299031e-02
-9.930183613320953465e-03
-9.768504958079468961e-03
-9.609591308442013910e-03
-9.453400020162065417e-03
-9.299888448993105794e-03
-9.149013950688603472e-03
-9.000733881002032089e-03
-8.855005595686879158e-03
-8.711786450496616582e-03
-8.571033801184717998e-03
-8.432705003504665717e-03
-8.296757413209931639e-03
-8.163148386053996342e-03
-8.031835277790338665e-03
-7.902775444172425306e-03
-7.775926240953740312e-03
-7.651245023887761655e-03
-7.528689148727961238e-03
-7.408215971227817033e-03
-7.289782847140807882e-03
-7.173347132220408290e-03
-7.058866182220097964e-03
-6.946297352893358347e-03
-6.835597999993650066e-03
-6.726725479274460635e-03
-6.619637146489265427e-03
-6.514290357391541546e-03
-6.410642467734763497e-03
-6.308650833272410989e-03
-6.208272809757961128e-03
-6.109465752944886682e-03
-6.012187018586671698e-03
-5.916393962436781138e-03
-5.822043940248702518e-03
-5.729094307775905136e-03
-5.637502420771869568e-03
-5.547227520788905117e-03
-5.458246569258601126e-03
-5.370546236529977376e-03
-5.284113292398479565e-03
-5.198934506659554262e-03
-5.114996649108639361e-03
-5.032286489541184897e-03
-4.950790797752631367e-03
-4.870496343538427073e-03
-4.791389896694014244e-03
-4.713458227014835113e-03
-4.636688104296338847e-03
-4.561066298333970280e-03
-4.486579578923169040e-03
-4.413214715859380827e-03
-4.340958478938052208e-03
-4.269797637954626281e-03
-4.199718962704546144e-03
-4.130709222983258364e-03
-4.062755188586206906e-03
-3.995843629308835736e-03
-3.929961314946593155e-03
-3.865095015294917058e-03
-3.801231500149252276e-03
-3.738357539305048848e-03
-3.676459902557747267e-03
-3.615525359702791500e-03
-3.555540680535628113e-03
-3.496492634851700639e-03
-3.438367992446454344e-03
-3.381153523115333626e-03
-3.324835996653780282e-03
-3.269402182857240879e-03
-3.214838851521158950e-03
-3.161132772440980194e-03
-3.108270715412147275e-03
-3.056239450230106760e-03
-3.005025746690301314e-03
-2.954616374588176636e-03
-2.904998103719178427e-03
-2.856157703878747182e-03
-2.808081944862329035e-03
-2.760757596465368384e-03
-2.714171428483310930e-03
-2.668310210711599337e-03
-2.623160712945679304e-03
-2.578709704980995231e-03
-2.534943956612990216e-03
-2.491850237637112126e-03
-2.449415317848799723e-03
-2.407625967043502176e-03
-2.366468955016662150e-03
-2.325931051563723175e-03
-2.285999026480131386e-03
-2.246659649561330747e-03
-2.207899690602765225e-03
-2.169705919399880951e-03
-2.132065105748119291e-03
-2.094964019442926376e-03
-2.058389430279746607e-03
-2.022328108054024815e-03
-1.986766822561204099e-03
-1.951692343596729507e-03
-1.917091440956047608e-03
-1.882950884434597813e-03
-1.849257443827831459e-03
-1.815997888931184922e-03
-1.783158989540110191e-03
-1.750727515450045376e-03
-1.718690236456440730e-03
-1.687033922354738051e-03
-1.655745342940378052e-03
-1.624811268008812069e-03
