-3.310156050264255402e-04
-3.656470574667276428e-04
-3.954923600989921294e-04
-4.207416282698926832e-04
-4.415849773261035834e-04
-4.582125226142982964e-04
-4.708143794811503425e-04
-4.795806632733345975e-04
-4.847014893375240397e-04
-4.863669730203929484e-04
-4.847672296686152235e-04
-4.800923746288644398e-04
-4.725325232478147139e-04
-4.622777908721397832e-04
-4.495182928485137643e-04
-4.344441445236099609e-04
-4.172454612441025982e-04
-3.981123583566658470e-04
-3.772349512079729568e-04
-3.548033551446980985e-04
-3.310076855135151179e-04
-3.060380576610980774e-04
-2.800845869341205517e-04
-2.533373886792563865e-04
-2.259865782431797257e-04
-1.982222709725640897e-04
-1.702345822140835952e-04
-1.422136273144119524e-04
-1.143495216202230477e-04
-8.683238047819097068e-05
-5.985231923498936376e-05
-3.359945323729214719e-05
-8.263897831773154789e-06
1.596423163489368133e-05
3.889481981603466965e-05
6.033775136497571205e-05
8.010291093504301365e-05
9.800018317956287785e-05
1.138394527518613166e-04
1.274306043052644030e-04
1.385835224930983590e-04
1.471691846918653983e-04
1.533029391707721749e-04
1.571612269222017952e-04
1.589204889385369319e-04
1.587571662121605017e-04
1.568476997354553400e-04
1.533685305008042820e-04
1.484960995005902445e-04
1.424068477271960085e-04
1.352772161730046263e-04
1.272836458303986892e-04
1.186025776917613172e-04
1.094104527494750746e-04
9.988371199592304068e-05
9.019879642348806431e-05
8.053214702455288598e-05
7.106020479150053078e-05
6.195941071671367140e-05
5.340620579257534650e-05
4.557703101146825587e-05
3.861016939435691747e-05
3.249127207653161738e-05
2.716783222186446324e-05
2.258734299422726448e-05
1.869729755749205757e-05
1.544518907553080105e-05
1.277851071221538738e-05
1.064475563141782760e-05
8.991416997010022664e-06
7.765987972863966666e-06
6.915961722851578335e-06
6.388831410844832297e-06
6.132090200715665910e-06
6.093231256336036861e-06
6.219747741577900295e-06
6.459132820313202888e-06
6.758879656413895548e-06
7.066481413751930882e-06
7.329431256199261493e-06
7.495222347627840833e-06
7.521971998572294003e-06
7.410294106217969976e-06
7.171426714412880902e-06
6.816607867005046559e-06
6.357075607842490956e-06
5.804067980773228786e-06
5.168823029645277283e-06
4.462578798306666388e-06
3.696573330605401475e-06
2.882044670389517144e-06
2.030230861507014112e-06
1.152369947805930575e-06
2.596999731342684706e-07
-6.365410186599367045e-07
-1.525114983728682804e-06
-2.394783878223933587e-06
-3.234309658297685691e-06
-4.032454280101912564e-06
-4.777979699788595277e-06
-5.459647873509697539e-06
-6.068775948038803237e-06
-6.606901832635744903e-06
-7.078118627181935858e-06
-7.486519431558784346e-06
-7.836197345647726560e-06
-8.131245469330165658e-06
-8.375756902487526824e-06
-8.573824745001219994e-06
-8.729542096752661878e-06
-8.847002057623274272e-06
-8.930297727494472193e-06
-8.983522206247672353e-06
-9.010768593764286382e-06
-9.016129989925739463e-06
-9.003699494613443224e-06
-8.977570207708816073e-06
-8.941835229093274720e-06
-8.900587658648235879e-06
-8.857920596255112872e-06
-8.817927141795327495e-06
-8.783908926078349132e-06
-8.756001703625849390e-06
-8.733549759887561021e-06
-8.715897380313208305e-06
-8.702388850352522299e-06
-8.692368455455230672e-06
-8.685180481071059399e-06
-8.680169212649739536e-06
-8.676678935641000446e-06
-8.674053935494568105e-06
-8.671638497660173568e-06
-8.668776907587541117e-06
-8.664813450726401809e-06
-8.659092412526483312e-06
-8.650958078437514989e-06
-8.639754733909221120e-06
-8.624826664391336151e-06
-8.605518155333582669e-06
-8.581173492185695118e-06
-8.551136960397397779e-06
-8.514923376052413215e-06
-8.472729677770436790e-06
-8.424923334805158764e-06
-8.371871816410269394e-06
-8.313942591839453857e-06
-8.251503130346405800e-06
-8.184920901184817175e-06
-8.114563373608376547e-06
-8.040798016870765705e-06
-7.963992300225681683e-06
-7.884513692926814739e-06
-7.802729664227848357e-06
-7.719007683382476183e-06
-7.633715219644388476e-06
-7.547219742267271258e-06
-7.459888720504817330e-06
-7.372089623610716951e-06
-7.284189920838655296e-06
-7.196557081442325166e-06
-7.109558574675412584e-06
-7.023496149766611483e-06
-6.938408675844594076e-06
-6.854269302013036249e-06
-6.771051177375618971e-06
-6.688727451036009659e-06
-6.607271272097891822e-06
-6.526655789664938807e-06
-6.446854152840823958e-06
-6.367839510729224011e-06
-6.289585012433819087e-06
-6.212063807058278295e-06
-6.135249043706280066e-06
-6.059113871481501978e-06
-5.983631439487617378e-06
-5.908774896828305540e-06
-5.834517392607236423e-06
-5.760832075928088454e-06
-5.687692095894540061e-06
-5.615070601610266284e-06
-5.542940742178937927e-06
-5.471282698652238399e-06
-5.400104779873856627e-06
-5.329422326635489910e-06
-5.259250679728833002e-06
-5.189605179945575578e-06
-5.120501168077417476e-06
-5.051953984916049215e-06
-4.983978971253170635e-06
-4.916591467880469715e-06
-4.849806815589645445e-06
-4.783640355172388347e-06
-4.718107427420399105e-06
-4.653223373125367394e-06
-4.589003533078987969e-06
-4.525463248072957279e-06
-4.462617858898968388e-06
-4.400482706348716050e-06
-4.339073131213895021e-06
-4.278404474286204293e-06
-4.218492076357329303e-06
-4.159345890262439135e-06
-4.100954317010572223e-06
-4.043300369654234554e-06
-3.986367061245936347e-06
-3.930137404838182742e-06
-3.874594413483488195e-06
-3.819721100234352762e-06
-3.765500478143289628e-06
-3.711915560262803508e-06
-3.658949359645402083e-06
-3.606584889343596420e-06
-3.554805162409891657e-06
-3.503593191896796321e-06
-3.452931990856819363e-06
-3.402804572342467615e-06
-3.353193949406249180e-06
-3.304083135100674704e-06
-3.255455142478246782e-06
-3.207292984591476483e-06
-3.159579674492871064e-06
-3.112300427347722063e-06
-3.065449266772450956e-06
-3.019022418496263502e-06
-2.973016108248364188e-06
-2.927426561757959196e-06
-2.882250004754254284e-06
-2.837482662966452671e-06
-2.793120762123759690e-06
-2.749160527955382796e-06
-2.705598186190524357e-06
-2.662429962558391402e-06
-2.619652082788189268e-06
-2.577260772609121594e-06
-2.535252257750397528e-06
-2.493622763941216898e-06
-2.452368516910788005e-06
-2.411485742388315335e-06
-2.370970666103003801e-06
-2.330819513784059584e-06
-2.291028511160686749e-06
-2.251594445976481430e-06
-2.212516354032590676e-06
-2.173793833144557415e-06
-2.135426481127915684e-06
-2.097413895798206719e-06
-2.059755674970970060e-06
-2.022451416461743556e-06
-1.985500718086065054e-06
-1.948903177659476213e-06
-1.912658392997513610e-06
-1.876765961915717634e-06
-1.841225482229626344e-06
-1.806036551754778645e-06
-1.771198768306712175e-06
-1.736711729700967532e-06
-1.702575033753083201e-06
-1.668788278278597875e-06
-1.635351061093050037e-06
-1.602262980011979229e-06
-1.569523632850924145e-06
-1.537132440490901555e-06
-1.505088116074831425e-06
-1.473389195811113064e-06
-1.442034215908147267e-06
-1.411021712574332286e-06
-1.380350222018068067e-06
-1.350018280447752649e-06
-1.320024424071785346e-06
-1.290367189098565889e-06
-1.261045111736494651e-06
-1.232056728193967976e-06
-1.203400574679386234e-06
-1.175075187401148526e-06
-1.147079102567653950e-06
-1.119410856387302028e-06
-1.092068985068491648e-06
-1.065052024819621910e-06
-1.038358511849092336e-06
-1.011986982365302449e-06
-9.859359725766496537e-07
-9.602034328274803473e-07
-9.347849700059275757e-07
-9.096756051360689299e-07
-8.848703592419834830e-07
-8.603642533477496728e-07
-8.361523084774464666e-07
-8.122295456551528317e-07
-7.885909859049458296e-07
-7.652316502509051685e-07
-7.421465597171093924e-07
-7.193307353276368331e-07
-6.967791981065665639e-07
-6.744869690779767049e-07
-6.524490692659463293e-07
-6.306605196945536633e-07
-6.091163413878786270e-07
-5.878115553699978583e-07
-5.667411826649906421e-07
-5.459002442969359457e-07
-5.252837612899122070e-07
-5.048864176177096717e-07
-4.847015490529643349e-07
-4.647221543180238405e-07
-4.449412321352357267e-07
-4.253517812269485376e-07
-4.059468003155081703e-07
-3.867192881232631686e-07
-3.676622433725610180e-07
-3.487686647857494682e-07
-3.300315510851759517e-07
-3.114439009931883241e-07
-2.929987132321340179e-07
-2.746889865243606770e-07
-2.565077195922166867e-07
-2.384479111580481558e-07
-2.205025599442034165e-07
-2.026646646730301658e-07
-1.849272240668758890e-07
-1.672832368480883095e-07
-1.497257017390150715e-07
-1.322477862078275527e-07
-1.148433327059930988e-07
-9.750635243080367620e-08
-8.023085657954886878e-08
-6.301085634952064281e-08
-4.584036293801019032e-08
-2.871338754230861729e-08
-1.162394135970716704e-08
5.433964412503024669e-09
2.246631857703078898e-08
3.947910993658494710e-08
5.647832729387362047e-08
7.346995945160708281e-08
9.045999521249338112e-08
1.074544233792414028e-07
1.244592327545599888e-07
1.414804121411579407e-07
1.585239503417440994e-07
1.755958361590272266e-07
1.927020583957154751e-07
2.098473373281308671e-07
2.270313191270396779e-07
2.442523814368205436e-07
2.615089019018524969e-07
2.787992581665140680e-07
2.961218278751840780e-07
3.134749886722411364e-07
3.308571182020642232e-07
3.482665941090312066e-07
3.657017940375224430e-07
3.831610956319156420e-07
4.006428765365897835e-07
4.181455143959235828e-07
4.356673868542958082e-07
4.532068715560852808e-07
4.707623461456705572e-07
4.883321882674302468e-07
5.059147755657428531e-07
5.235084856849882561e-07
5.411116962695444829e-07
5.587199704006968369e-07
5.763176129073575036e-07
5.938861140553442509e-07
6.114069641104755876e-07
6.288616533385698110e-07
6.462316720054453240e-07
6.634985103769196827e-07
6.806436587188128784e-07
6.976486072969422554e-07
7.144948463771262166e-07
7.311638662251829534e-07
7.476371571069311864e-07
7.638962092881887895e-07
7.799225130347743772e-07
7.956975586125061411e-07
8.112028362872018487e-07
8.264198363246810680e-07
8.413300489907614607e-07
8.559149645512616417e-07
8.701560732719994847e-07
8.840348654187936045e-07
8.975328312574625099e-07
9.106314610538240747e-07
9.233122450736961726e-07
9.355566735828984771e-07
9.473462368472486502e-07
9.586624251325648831e-07
9.694867287046658965e-07
9.798006378293693524e-07
9.895856427724942891e-07
9.988232337998584743e-07
1.007494901177280946e-06
1.015582135170578838e-06
1.023066426045572034e-06
1.029929264068077244e-06
1.036152139503914354e-06
1.041716542618900494e-06
1.046603963678854282e-06
1.050795892949594754e-06
1.054273820696939255e-06
