-3.310156050264255402e-04
-1.916198682617486701e-02
-3.621209751425861351e-02
-5.144778984196126531e-02
-6.483550598196646808e-02
-7.634168810695782237e-02
-8.593277838961890791e-02
-9.357521900263342240e-02
-9.923545211868493865e-02
-1.028799199104570433e-01
-1.044750645506334896e-01
-1.039873282118976977e-01
-1.013831530669334346e-01
-9.662898128842423162e-02
-8.969125504905374469e-02
-8.053641652150558827e-02
-6.913090787846336294e-02
-5.544117129261078025e-02
-3.943364893663132975e-02
-2.107478298320861199e-02
-3.310156050264288470e-04
2.283121102523179985e-02
4.844545473488237608e-02
7.654527335124164389e-02
1.071642247016260235e-01
1.403358666133519006e-01
1.760937569137356329e-01
2.144714534300938558e-01
2.555025139897424968e-01
2.992204964199982054e-01
3.456589585481771865e-01
3.948514582015961172e-01
4.468315532075712859e-01
5.016328013934187036e-01
5.592887605864551581e-01
6.198329886139971601e-01
6.832990433033604427e-01
7.497204824818622937e-01
8.191308639768186683e-01
8.915637456155455220e-01
9.670526852253594763e-01
1.045590007003277089e+00
1.127003100625111998e+00
1.211078122136377555e+00
1.297601227582588779e+00
1.386358573009258910e+00
1.477136314461900968e+00
1.569720607986030636e+00
1.663897609627159602e+00
1.759453475430803326e+00
1.856174361442474607e+00
1.953846423707688018e+00
2.052255818271956578e+00
2.151188701180794638e+00
2.250431228479716328e+00
2.349769556214234001e+00
2.448989840429863118e+00
2.547878237172116478e+00
2.646220902486508653e+00
2.743803992418551996e+00
2.840413663013761969e+00
2.935859278233040826e+00
3.030043033698840649e+00
3.122890332949006087e+00
3.214326579521381788e+00
3.304277176953807071e+00
3.392667528784125697e+00
3.479423038550181424e+00
3.564469109789814905e+00
3.647731146040872119e+00
3.729134550841192830e+00
3.808604727728622130e+00
3.886067080241002003e+00
3.961447011916173100e+00
4.034669926291980957e+00
4.105661226906267558e+00
4.174346317296875775e+00
4.240650601001647146e+00
4.304499481558426766e+00
4.365818362505054395e+00
4.424532647379376904e+00
4.480579557612663244e+00
4.533943586209918664e+00
4.584621044069566942e+00
4.632608242090046957e+00
4.677901491169785153e+00
4.720497102207214191e+00
4.760391386100763178e+00
4.797580653748863888e+00
4.832061216049948982e+00
4.863829383902444903e+00
4.892881468204788753e+00
4.919213779855408752e+00
4.942822629752735786e+00
4.963704328795198961e+00
4.981855187881230940e+00
4.997271517909261718e+00
5.009949629777726621e+00
5.019885834385051204e+00
5.027076442629669017e+00
5.031517765410010945e+00
5.033217423759939635e+00
5.032228279255054559e+00
5.028614503606385178e+00
5.022440268524962725e+00
5.013769745721816662e+00
5.002667106907976446e+00
4.989196523794477756e+00
4.973422168092346496e+00
4.955408211512613903e+00
4.935218825766312989e+00
4.912918182564472325e+00
4.888570453618121370e+00
4.862239810638293136e+00
4.833990425336016195e+00
4.803886469422324446e+00
4.771992114608242908e+00
4.738371532604809033e+00
4.703088895123048729e+00
4.666208373873992343e+00
4.627794140568671999e+00
4.587911352797178210e+00
4.546629111665831502e+00
4.504017504160017893e+00
4.460146617265114521e+00
4.415086537966506519e+00
4.368907353249575465e+00
4.321679150099702937e+00
4.273472015502271404e+00
4.224356036442662443e+00
4.174401299906258522e+00
4.123677892878442997e+00
4.072255902344594780e+00
4.020205415290099005e+00
3.967596518700335029e+00
3.914499299560688872e+00
3.860983844856537228e+00
3.807120241573265673e+00
3.752978576696254898e+00
3.698628937210888701e+00
3.644141410102548662e+00
3.589580892223087183e+00
3.534991519890235967e+00
3.480412239288205534e+00
3.425881996601199742e+00
3.371439738013420673e+00
3.317124409709076627e+00
3.262974957872374571e+00
3.209030328687519695e+00
3.155329468338713639e+00
3.101911323010164701e+00
3.048814838886078515e+00
2.996078962150659386e+00
2.943742638988114724e+00
2.891844815582647943e+00
2.840424438118464678e+00
2.789520452779771453e+00
2.739171805750774347e+00
2.689417443215676773e+00
2.640296311358684367e+00
2.591847356364004096e+00
2.544103626154769593e+00
2.497074575609831371e+00
2.450763761346966163e+00
2.405174739983956478e+00
2.360311068138577717e+00
2.316176302428611056e+00
2.272773999471833672e+00
2.230107715886024966e+00
2.188181008288963447e+00
2.146997433298430735e+00
2.106560547532202232e+00
2.066873907608057337e+00
2.027941070143775892e+00
1.989765591757136187e+00
1.952351029065918731e+00
1.915700938687899368e+00
1.879818877240858832e+00
1.844708401342576076e+00
1.810373067610830722e+00
1.776816432663398615e+00
1.744039207434355143e+00
1.712030720122950767e+00
1.680777453244730157e+00
1.650265889315238876e+00
1.620482510850020708e+00
1.591413800364620990e+00
1.563046240374584839e+00
1.535366313395457816e+00
1.508360501942783705e+00
1.482015288532107844e+00
1.456317155678975128e+00
1.431252585898930896e+00
1.406808061707520041e+00
1.382970065620286793e+00
1.359725080152776266e+00
1.337059587820534023e+00
1.314960071139104514e+00
1.293413012624032632e+00
1.272404894790864383e+00
1.251922200155143106e+00
1.231951472344597898e+00
1.212479499435690666e+00
1.193493130617067077e+00
1.174979215077372574e+00
1.156924602005252822e+00
1.139316140589354154e+00
1.122140680018321346e+00
1.105385069480800064e+00
1.089036158165435753e+00
1.073080795260873854e+00
1.057505829955760257e+00
1.042298111438740404e+00
1.027444488898459962e+00
1.012931811523564374e+00
9.987469285026995269e-01
9.848766890245106431e-01
9.713079422776438321e-01
9.580275374507435382e-01
9.450223237324563152e-01
9.322791503114271627e-01
9.197859434125886802e-01
9.075349374060179830e-01
8.955194436980788986e-01
8.837327736951363644e-01
8.721682388035533195e-01
8.608191504296954788e-01
8.496788199799250041e-01
8.387405588606067219e-01
8.279976784781046817e-01
8.174434902387825996e-01
8.070713055490051913e-01
7.968744358151360618e-01
7.868461924435390387e-01
7.769798868405790593e-01
7.672688304126190628e-01
7.577063345660237648e-01
7.482857107071569924e-01
7.390002702423824621e-01
7.298433245780648893e-01
7.208081851205677681e-01
7.118888973736199333e-01
7.030824432304065841e-01
6.943865386814784824e-01
6.857988997173848356e-01
6.773172423286760724e-01
6.689392825059021774e-01
6.606627362396133574e-01
6.524853195203593748e-01
6.444047483386905473e-01
6.364187386851566375e-01
6.285250065503081851e-01
6.207212679246949527e-01
6.130052387988667029e-01
6.053746351633735312e-01
5.978271730087658664e-01
5.903605683255933601e-01
5.829725371044063298e-01
5.756607953357546492e-01
5.684230590101884140e-01
5.612570441182578307e-01
5.541607041807211642e-01
5.471329428391694671e-01
5.401729012654025164e-01
5.332797206312198668e-01
5.264525421084211843e-01
5.196905068688062457e-01
5.129927560841742729e-01
5.063584309263251537e-01
4.997866725670584431e-01
4.932766221781740290e-01
4.868274209314710221e-01
4.804382099987491994e-01
4.741081305518081712e-01
4.678363237624474924e-01
4.616219308024672174e-01
4.554640928436662350e-01
4.493619510578447107e-01
4.433146466168019773e-01
4.373213206923379781e-01
4.313811144562518796e-01
4.254931939185260803e-01
4.196568244418731886e-01
4.138712962271883788e-01
4.081358994753670477e-01
4.024499243873042031e-01
3.968126611638952972e-01
3.912234000060353933e-01
3.856814311146198326e-01
3.801860446905437341e-01
3.747365309347022166e-01
3.693321800479906769e-01
3.639722822313044004e-01
3.586561276855383396e-01
3.533830066115881130e-01
3.481522092103485622e-01
3.429630256827153612e-01
3.378147462295832959e-01
3.327066610518475964e-01
3.276380603504037703e-01
3.226082343261468810e-01
3.176164761762368394e-01
3.126620910828929456e-01
3.077443872245988477e-01
3.028626727798381935e-01
2.980162559270953526e-01
2.932044448448534180e-01
2.884265477115966481e-01
2.836818727058086353e-01
2.789697280059733053e-01
2.742894217905744725e-01
2.696402622380960068e-01
2.650215575270214452e-01
2.604326158358348797e-01
2.558727453430202359e-01
2.513412542270608840e-01
2.468374506664408607e-01
2.423606428396440360e-01
2.379101389251540299e-01
2.334852471014548514e-01
2.290852755470302315e-01
2.247095452386470293e-01
2.203574283462040040e-01
2.160283098378834310e-01
2.117215746818666422e-01
2.074366078463357466e-01
2.031727942994728253e-01
1.989295190094594601e-01
1.947061669444777876e-01
1.905021230727095283e-01
1.863167723623366523e-01
1.821494997815411021e-01
1.779996902985049034e-01
1.738667288814094991e-01
1.697500004984370536e-01
1.656488901177694262e-01
1.615627827075885592e-01
1.574910632360762286e-01
1.534331166714144601e-01
1.493883279817850296e-01
1.453560821353700461e-01
1.413358492812825107e-01
1.373274402923618798e-01
1.333307512223787517e-01
1.293456781251039467e-01
1.253721170543081187e-01
1.214099640637619493e-01
1.174591152072361200e-01
1.135194665385013957e-01
1.095909141113286245e-01
1.056733539794881410e-01
1.017666821967508489e-01
9.787079481688742977e-02
9.398558789366859290e-02
9.011095748086507540e-02
8.624679963224754498e-02
8.239301040158668321e-02
7.854948584265322720e-02
7.471612200921806668e-02
7.089281495505148079e-02
6.707946073392442865e-02
6.327619827427441446e-02
5.948413800320646178e-02
5.570463322249234045e-02
5.193903723390388277e-02
4.818870333921292798e-02
4.445498484019127367e-02
4.073923503861093254e-02
3.704280723624337607e-02
3.336705473486062390e-02
2.971333083623447016e-02
2.608298884213674021e-02
2.247738205433926634e-02
1.889786377461386002e-02
1.534578730473235703e-02
1.182250594646656362e-02
8.329373001588464762e-03
4.867741771869587425e-03
1.438965559081891625e-03
-1.955602335002795764e-03
-5.314608608612663918e-03
-8.636699959975865579e-03
-1.192052308732059231e-02
-1.516472468887502222e-02
-1.836795146286719638e-02
-2.152885010752556352e-02
-2.464606732107816472e-02
-2.771824980175317810e-02
-3.074404424777877828e-02
-3.372209735738314340e-02
-3.665105582879445850e-02
-3.952956636024076986e-02
-4.235627564995063377e-02
-4.512983039615171832e-02
-4.784887729707270471e-02
-5.051206305094127491e-02
-5.311803435598608930e-02
-5.566543791043487843e-02
-5.815292041251602512e-02
-6.057912856045793298e-02
-6.294270905248834647e-02
