-3.310156050264255402e-04
-5.628481585465353043e-02
-1.104023749205930993e-01
-1.627104018393188134e-01
-2.132356056473043437e-01
-2.620046953810233337e-01
-3.090443800769495653e-01
-3.543813687715564598e-01
-3.980423705013181324e-01
-4.400540943027075325e-01
-4.804432492121992748e-01
-5.192365442662665309e-01
-5.564606885013827497e-01
-5.921423909540221020e-01
-6.263083606606578702e-01
-6.589853066577641139e-01
-6.901999379818141156e-01
-7.199789636692816019e-01
-7.483490927566406326e-01
-7.753370342803644899e-01
-8.009694972769271226e-01
-8.252731907828021463e-01
-8.482748238344630654e-01
-8.700011054683838285e-01
-8.904787447210378293e-01
-9.097344506288986832e-01
-9.277949322284405609e-01
-9.446868985561367449e-01
-9.604370586484609618e-01
-9.750721215418869381e-01
-9.886187962728884004e-01
-1.001103791877938853e+00
-1.012553817393512245e+00
-1.022995581856082081e+00
-1.032455794302121976e+00
-1.040961163768105546e+00
-1.048538399290506851e+00
-1.055214209905799283e+00
-1.061015304650456903e+00
-1.065968392560952660e+00
-1.070100182673760392e+00
-1.073437384025354380e+00
-1.076006705652208018e+00
-1.077834856590794699e+00
-1.078948545877588705e+00
-1.079374482549062542e+00
-1.079139375641691379e+00
-1.078269934191947943e+00
-1.076792867236306073e+00
-1.074734883811239827e+00
-1.072122692953221934e+00
-1.068983003698727341e+00
-1.065342525084228997e+00
-1.061227966146200075e+00
-1.056666035921115299e+00
-1.051683443445448285e+00
-1.046306897755671983e+00
-1.040563107888260008e+00
-1.034477062923601087e+00
-1.028063137583459907e+00
-1.021331661507695276e+00
-1.014292956373407772e+00
-1.006957343857696641e+00
-9.993351456376611264e-01
-9.914366833904016962e-01
-9.832722787930175956e-01
-9.748522535226090691e-01
-9.661869292562754730e-01
-9.572866276711168299e-01
-9.481616704442323851e-01
-9.388223792527218281e-01
-9.292790757736849594e-01
-9.195420816842224676e-01
-9.096217186614323769e-01
-8.995283083824155979e-01
-8.892721725242713759e-01
-8.788636327640996226e-01
-8.683130107790000274e-01
-8.576306282460720576e-01
-8.468268068424159578e-01
-8.359118682451308624e-01
-8.248961341313169049e-01
-8.137899261780732196e-01
-8.026035660625002732e-01
-7.913473754616974221e-01
-7.800316760527643556e-01
-7.686667735215592101e-01
-7.572615803170201776e-01
-7.458225542325073176e-01
-7.343559031982320739e-01
-7.228678351444050021e-01
-7.113645580012371017e-01
-6.998522796989395944e-01
-6.883372081677233689e-01
-6.768255513377994248e-01
-6.653235171393787617e-01
-6.538373135026726013e-01
-6.423731483578913881e-01
-6.309372296352463438e-01
-6.195357652649486901e-01
-6.081749631772097597e-01
-5.968610313022394420e-01
-5.856001775702496248e-01
-5.743986099114509747e-01
-5.632625362560548243e-01
-5.521981645342715073e-01
-5.412117026763126892e-01
-5.303093586123889258e-01
-5.194973402727114387e-01
-5.087818555874912274e-01
-4.981691124869392362e-01
-4.876653189012663536e-01
-4.772766827606836348e-01
-4.670094119954023570e-01
-4.568697145356330758e-01
-4.468634464953110674e-01
-4.369930077452746087e-01
-4.272588364288084639e-01
-4.176613481729533617e-01
-4.082009586047517513e-01
-3.988780833512458046e-01
-3.896931380394769717e-01
-3.806465382964875355e-01
-3.717386997493191680e-01
-3.629700380250137637e-01
-3.543409687506134942e-01
-3.458519075531603093e-01
-3.375032700596957702e-01
-3.292954718972619932e-01
-3.212289286929008725e-01
-3.133040560736544689e-01
-3.055212696665647876e-01
-2.978809850986732788e-01
-2.903836179970222808e-01
-2.830295839886536324e-01
-2.758192987006093388e-01
-2.687531777599309613e-01
-2.618316367936608380e-01
-2.550550914288406412e-01
-2.484239572925122930e-01
-2.419386500117179928e-01
-2.355995852134994129e-01
-2.294071785248984474e-01
-2.233618442573454543e-01
-2.174633283915407000e-01
-2.117096231978228549e-01
-2.060984367744099488e-01
-2.006274772195194012e-01
-1.952944526313692142e-01
-1.900970711081766684e-01
-1.850330407481596828e-01
-1.801000696495356213e-01
-1.752958659105225137e-01
-1.706181376293378349e-01
-1.660645929041991431e-01
-1.616329398333242462e-01
-1.573208865149307301e-01
-1.531261410472364026e-01
-1.490464115284586555e-01
-1.450794060568153521e-01
-1.412228327305240227e-01
-1.374743996478024199e-01
-1.338318149068682683e-01
-1.302927866059390427e-01
-1.268550228432324400e-01
-1.235162317169662127e-01
-1.202741213253579744e-01
-1.171263997666254220e-01
-1.140707751389860997e-01
-1.111049555406577322e-01
-1.082266490698580580e-01
-1.054335638248045937e-01
-1.027234225147030111e-01
-1.000941932676977508e-01
-9.754404785257810018e-02
-9.507116420214405117e-02
-9.267372024919535989e-02
-9.034989392653199058e-02
-8.809786316695386588e-02
-8.591580590326090838e-02
-8.380190006825291582e-02
-8.175432359472985244e-02
-7.977125441549164087e-02
-7.785087046333814820e-02
-7.599134967106932481e-02
-7.419086997148498230e-02
-7.244760929738508493e-02
-7.075974558156949978e-02
-6.912545675683817725e-02
-6.754292075599094280e-02
-6.601031551182774681e-02
-6.452581895714847027e-02
-6.308760902475306354e-02
-6.169386364744134515e-02
-6.034276075801325856e-02
-5.903247828926869861e-02
-5.776119417400755324e-02
-5.652708634502975893e-02
-5.532833273513516892e-02
-5.416311127712376827e-02
-5.302959990379534777e-02
-5.192616724956446855e-02
-5.085194475530414870e-02
-4.980625456350202401e-02
-4.878841881664572333e-02
-4.779775965722288938e-02
-4.683359922772113021e-02
-4.589525967062810241e-02
-4.498206312843144872e-02
-4.409333174361876329e-02
-4.322838765867768190e-02
-4.238655301609586118e-02
-4.156714995836092302e-02
-4.076950062796048935e-02
-3.999292716738221676e-02
-3.923675171911369941e-02
-3.850029642564262861e-02
-3.778288342945660544e-02
-3.708383487304323795e-02
-3.640247289889016885e-02
-3.573811964948506170e-02
-3.509009726731551759e-02
-3.445772789486917925e-02
-3.384033367463368247e-02
-3.323723674909664916e-02
-3.264775926074571510e-02
-3.207122335206854385e-02
-3.150695116555272263e-02
-3.095426484368589762e-02
-3.041249309821626723e-02
-2.988118166979658250e-02
-2.936013785297237472e-02
-2.884918451386984592e-02
-2.834814451861512180e-02
-2.785684073333438010e-02
-2.737509602415373958e-02
-2.690273325719937450e-02
-2.643957529859744179e-02
-2.598544501447408450e-02
-2.554016527095548036e-02
-2.510355893416775855e-02
-2.467544887023709332e-02
-2.425565794528963121e-02
-2.384400902545154646e-02
-2.344032497684896826e-02
-2.304442866560804312e-02
-2.265614295785495225e-02
-2.227529071971583521e-02
-2.190169481731685935e-02
-2.153517811678416771e-02
-2.117556348424392068e-02
-2.082267378582227171e-02
-2.047633188764540202e-02
-2.013636065583941301e-02
-1.980258295653049283e-02
-1.947482165584479494e-02
-1.915289961990846931e-02
-1.883663971484767288e-02
-1.852587488268632454e-02
-1.822050024679892563e-02
-1.792043462757879693e-02
-1.762559689206693800e-02
-1.733590590730431716e-02
-1.705128054033194437e-02
-1.677163965819082267e-02
-1.649690212792192731e-02
-1.622698681656626479e-02
-1.596181259116483120e-02
-1.570129831875860527e-02
-1.544536286638859002e-02
-1.519392510109580062e-02
-1.494690388992118979e-02
-1.470421809990577443e-02
-1.446578659809054888e-02
-1.423152825151650057e-02
-1.400136192722463077e-02
-1.377520649225592864e-02
-1.355298081365138851e-02
-1.333460375845200475e-02
-1.311999419369877865e-02
-1.290907098643268892e-02
-1.270175300369473688e-02
-1.249795911252591860e-02
-1.229760817996721975e-02
-1.210061907305964510e-02
-1.190691065884418726e-02
-1.171640194044414919e-02
-1.152902377715459351e-02
-1.134472791690598753e-02
-1.116346823391501687e-02
-1.098519860239833071e-02
-1.080987289657261118e-02
-1.063744499065452133e-02
-1.046786875886072249e-02
-1.030109807540788638e-02
-1.013708681451267780e-02
-9.975788850391778886e-03
-9.817158057261826665e-03
-9.661148309339508480e-03
-9.507713480841485654e-03
-9.356807445984424709e-03
-9.208384078984995641e-03
-9.062397254059863239e-03
-8.918800845425694027e-03
-8.777548727299157999e-03
-8.638594773896921680e-03
-8.501892859435646391e-03
-8.367396858132002124e-03
-8.235060644202657140e-03
-8.104838091864274494e-03
-7.976683075333525913e-03
-7.850549468827076188e-03
-7.726391146561591844e-03
-7.604161982753738537e-03
-7.483815851620194068e-03
-7.365307993725439366e-03
-7.248607072635086107e-03
-7.133689370670237909e-03
-7.020531257598275170e-03
-6.909109103186567881e-03
-6.799399277202486901e-03
-6.691378149413405689e-03
-6.585022089586696839e-03
-6.480307467489736413e-03
-6.377210652889891800e-03
-6.275708015554533857e-03
-6.175775925251040382e-03
-6.077390751746780499e-03
-5.980528864809128535e-03
-5.885166634205455348e-03
-5.791280429703134398e-03
-5.698846621069539146e-03
-5.607841578072044787e-03
-5.518241670478016107e-03
-5.430023268054829169e-03
-5.343162740569858300e-03
-5.257636457790471757e-03
-5.173420789484047336e-03
-5.090492105417955028e-03
-5.008826775359566559e-03
-4.928401169076259726e-03
-4.849191656335398448e-03
-4.771174606904362257e-03
-4.694326395351806382e-03
-4.618625835302087382e-03
-4.544058140500089986e-03
-4.470609561769489822e-03
-4.398266349933968589e-03
-4.327014755817205384e-03
-4.256841030242881907e-03
-4.187731424034672918e-03
-4.119672188016261852e-03
-4.052649573011327805e-03
-3.986649829843547273e-03
-3.921659209336602822e-03
-3.857663962314175285e-03
-3.794650339599940723e-03
-3.732604592017581702e-03
-3.671512970390778188e-03
-3.611361725543207109e-03
-3.552137108298547997e-03
-3.493825369480482116e-03
-3.436412759912688998e-03
-3.379885530418846006e-03
-3.324229931822637006e-03
-3.269432214947738061e-03
-3.215478630617830003e-03
-3.162355429656595399e-03
-3.110048862887707707e-03
-3.058545181134849928e-03
-3.007830635221700726e-03
-2.957891475971940933e-03
-2.908713954209249213e-03
-2.860284320757305963e-03
-2.812588826439789847e-03
-2.765613722080380397e-03
-2.719345258502760612e-03
-2.673769686530604820e-03
-2.628873256987595153e-03
-2.584642220697411143e-03
-2.541062828483731887e-03
-2.498121331170237349e-03
-2.455803979580607494e-03
-2.414097024538522287e-03
-2.372986716867661692e-03
-2.332459307391703072e-03
-2.292501046934326391e-03
-2.253098186319212482e-03
-2.214236976370040442e-03
-2.175903667910490669e-03
-2.138084511764241392e-03
-2.100765758754974313e-03
-2.063933659706364623e-03
-2.027574465442098361e-03
-1.991674426785848117e-03
-1.956219794561300362e-03
-1.921196819592128121e-03
-1.886591752702017431e-03
-1.852390844714644569e-03
-1.818580346453686465e-03
-1.785146508742828505e-03
