-3.310156050264255402e-04
-2.704489742823308531e-03
-4.969082658773694115e-03
-7.126905035015005871e-03
-9.180067553684665912e-03
-1.113068089692009245e-02
-1.298085574685871671e-02
-1.473270278563795083e-02
-1.638833269539522949e-02
-1.794985615826794750e-02
-1.941938385639356904e-02
-2.079902647190948542e-02
-2.209089468695313307e-02
-2.329709918366192067e-02
-2.441975064417328811e-02
-2.546095975062464753e-02
-2.642283718515341800e-02
-2.730749362989702902e-02
-2.811703976699289273e-02
-2.885358627857844901e-02
-2.951924384679111696e-02
-3.011612315376829829e-02
-3.064633488164743638e-02
-3.111198971256595031e-02
-3.151519832866125220e-02
-3.185807141207077503e-02
-3.214271964493193440e-02
-3.237125370938215285e-02
-3.254578428755885988e-02
-3.266842206159946416e-02
-3.274127771364140904e-02
-3.276646192582210321e-02
-3.274608538027896226e-02
-3.268225875914942957e-02
-3.257709274457090687e-02
-3.243269801868083058e-02
-3.225118526361660243e-02
-3.203466516151566579e-02
-3.178524839451545708e-02
-3.150504564475335723e-02
-3.119616759436680264e-02
-3.086072492549324017e-02
-3.050082832027006460e-02
-3.011858846083470542e-02
-2.971611602932460253e-02
-2.929552170787715071e-02
-2.885891617862977945e-02
-2.840841012371993560e-02
-2.794611422528501740e-02
-2.747413916546244742e-02
-2.699459562638965165e-02
-2.650959429020405614e-02
-2.602124583904308341e-02
-2.553166095504414215e-02
-2.504295032034467225e-02
-2.455722461708210319e-02
-2.407659452739382630e-02
-2.360317073341728841e-02
-2.313881592317478669e-02
-2.268386233952448747e-02
-2.223805897990565120e-02
-2.180115369363666566e-02
-2.137289433003588396e-02
-2.095302873842168345e-02
-2.054130476811242417e-02
-2.013747026842648349e-02
-1.974127308868223879e-02
-1.935246107819803968e-02
-1.897078208629227741e-02
-1.859598396228330161e-02
-1.822781455548948965e-02
-1.786602171522920501e-02
-1.751035329082083203e-02
-1.716055713158272378e-02
-1.681638108683325417e-02
-1.647757300589079016e-02
-1.614388073807370913e-02
-1.581505213270037458e-02
-1.549083503908915520e-02
-1.517097730655842490e-02
-1.485522678442654718e-02
-1.454333132201189073e-02
-1.423503876863282600e-02
-1.393009697360772514e-02
-1.362825378625496034e-02
-1.332925705589289161e-02
-1.303285600277715763e-02
-1.273891929007305197e-02
-1.244752601981679967e-02
-1.215877671493946488e-02
-1.187277189837212046e-02
-1.158961209304582886e-02
-1.130939782189166465e-02
-1.103222960784070068e-02
-1.075820797382399767e-02
-1.048743344277262846e-02
-1.022000653761766416e-02
-9.956027781290165482e-03
-9.695597696721208747e-03
-9.438816806841863333e-03
-9.185785634583205558e-03
-8.936604702876282252e-03
-8.691374534652180142e-03
-8.450195652841963403e-03
-8.213168580376706621e-03
-7.980393840187467031e-03
-7.751971955205321820e-03
-7.528003448361337765e-03
-7.308588842586586851e-03
-7.093828660812137588e-03
-6.883823425969055020e-03
-6.678673660988408527e-03
-6.478479888801270091e-03
-6.283342632338712562e-03
-6.093362414531794044e-03
-5.908627375598361937e-03
-5.729104007981488354e-03
-5.554689758115291705e-03
-5.385281279940223355e-03
-5.220775227396750283e-03
-5.061068254425337733e-03
-4.906057014966446611e-03
-4.755638162960543029e-03
-4.609708352348084424e-03
-4.468164237069536041e-03
-4.330902471065362254e-03
-4.197819708276027441e-03
-4.068812602641989039e-03
-3.943777808103714894e-03
-3.822611978601662876e-03
-3.705211768076301267e-03
-3.591473830468092272e-03
-3.481294819717496367e-03
-3.374571389764975324e-03
-3.271200194550996990e-03
-3.171077888016021404e-03
-3.074101124100509907e-03
-2.980166556744927742e-03
-2.889170839889736251e-03
-2.801010627475400243e-03
-2.715582573442383227e-03
-2.632783331731143942e-03
-2.552509556282148932e-03
-2.474657928329704239e-03
-2.399138994381101210e-03
-2.325899683638276826e-03
-2.254892820773578537e-03
-2.186071230459348154e-03
-2.119387737367932258e-03
-2.054795166171670927e-03
-1.992246341542909440e-03
-1.931694088153990477e-03
-1.873091230677259534e-03
-1.816390593785059942e-03
-1.761545002149733077e-03
-1.708507280443624654e-03
-1.657230253339077785e-03
-1.607666745508437968e-03
-1.559769581624045279e-03
-1.513491586358245216e-03
-1.468785584383381108e-03
-1.425604400371797151e-03
-1.383900858995837759e-03
-1.343627784927844526e-03
-1.304738002840161865e-03
-1.267184337405133756e-03
-1.230919613295104395e-03
-1.195896655182416028e-03
-1.162068287739413501e-03
-1.129387335638439493e-03
-1.097806623551839285e-03
-1.067278976151954471e-03
-1.037757918977111901e-03
-1.009208749923931267e-03
-9.816065352086587436e-04
-9.549266367253777567e-04
-9.291444163681691296e-04
-9.042352360311158542e-04
-8.801744576083005969e-04
-8.569374429938061326e-04
-8.344995540817138268e-04
-8.128361527661064545e-04
-7.919226009410672241e-04
-7.717342605006776097e-04
-7.522464933390209281e-04
-7.334346613501786533e-04
-7.152741264282336687e-04
-6.977402504672684238e-04
-6.808083953613654768e-04
-6.644539230046066268e-04
-6.486521952910748656e-04
-6.333785741148524259e-04
-6.186084213700221912e-04
-6.043170989506655268e-04
-5.904799687508655330e-04
-5.770723926647047678e-04
-5.640697325862653556e-04
-5.514473504096299630e-04
-5.391806080288804974e-04
-5.272448673381003844e-04
-5.156154902313710977e-04
-5.042710209347346694e-04
-4.932027330020721106e-04
-4.824050823192232019e-04
-4.718725247720282115e-04
-4.615995162463271909e-04
-4.515805126279601373e-04
-4.418099698027673733e-04
-4.322823436565892213e-04
-4.229920900752650822e-04
-4.139336649446353328e-04
-4.051015241505404041e-04
-3.964901235788200222e-04
-3.880939191153143469e-04
-3.799073666458637551e-04
-3.719249220563080271e-04
-3.641410412324875396e-04
-3.565501800602425609e-04
-3.491467944254124920e-04
-3.419253402138378722e-04
-3.348802733113589699e-04
-3.280060496038155111e-04
-3.212971249770478726e-04
-3.147479553168961602e-04
-3.083529965092002625e-04
-3.021067044398005022e-04
-2.960035349945370933e-04
-2.900379440592497078e-04
-2.842043875197787224e-04
-2.784973653272619317e-04
-2.729128332197082820e-04
-2.674485013867934028e-04
-2.621021844692690214e-04
-2.568716971078865399e-04
-2.517548539433978484e-04
-2.467494696165542403e-04
-2.418533587681072534e-04
-2.370643360388087777e-04
-2.323802160694101338e-04
-2.277988135006630221e-04
-2.233179429733191427e-04
-2.189354191281299249e-04
-2.146490566058470689e-04
-2.104566700472223020e-04
-2.063560740930068637e-04
-2.023450833839525085e-04
-1.984215125608108552e-04
-1.945831762643334957e-04
-1.908278891352719405e-04
-1.871534658143778626e-04
-1.835577209424028812e-04
-1.800384691600985336e-04
-1.765935251082166016e-04
-1.732207034275082974e-04
-1.699178187587254297e-04
-1.666826857426196716e-04
-1.635131190199423982e-04
-1.604069332314453638e-04
-1.573620680045679349e-04
-1.543772342966332855e-04
-1.514514370151376842e-04
-1.485836816462197312e-04
-1.457729736760175385e-04
-1.430183185906697607e-04
-1.403187218763147267e-04
-1.376731890190908741e-04
-1.350807255051365862e-04
-1.325403368205904089e-04
-1.300510284515906171e-04
-1.276118058842757024e-04
-1.252216746047842379e-04
-1.228796400992543359e-04
-1.205847078538245423e-04
-1.183358833546333894e-04
-1.161321720878191386e-04
-1.139725795395203086e-04
-1.118561111958753099e-04
-1.097817725430225258e-04
-1.077485690671004074e-04
-1.057555062542474462e-04
-1.038015895906018902e-04
-1.018858245623022852e-04
-1.000072166554870010e-04
-9.816477135629444789e-05
-9.635749415086311770e-05
-9.458439052533138013e-05
-9.284446787004227702e-05
-9.113689947916635064e-05
-8.946115094228276421e-05
-8.781671760216826726e-05
-8.620309480159924344e-05
-8.461977788335240161e-05
-8.306626219020422030e-05
-8.154204306493125930e-05
-8.004661585031010553e-05
-7.857947588911722394e-05
-7.714011852412937763e-05
-7.572803909812284180e-05
-7.434273295387431181e-05
-7.298369543416032034e-05
-7.165042188175745432e-05
-7.034240763944220581e-05
-6.905914804999117526e-05
-6.780013845618088183e-05
-6.656487420078793956e-05
-6.535285062658885403e-05
-6.416356307636015795e-05
-6.299650689287845180e-05
-6.185117741892022763e-05
-6.072706999726207913e-05
-5.962367997068055255e-05
-5.854050268195222127e-05
-5.747703347385363831e-05
-5.643276768916129574e-05
-5.540720067065185500e-05
-5.439984228908953482e-05
-5.341034513819050713e-05
-5.243844281973072822e-05
-5.148386986527736476e-05
-5.054636080639757667e-05
-4.962565017465852386e-05
-4.872147250162737976e-05
-4.783356231887128397e-05
-4.696165415795744381e-05
-4.610548255045295821e-05
-4.526478202792500062e-05
-4.443928712194073773e-05
-4.362873236406734976e-05
-4.283285228587199663e-05
-4.205138141892181112e-05
-4.128405429478398703e-05
-4.053060544502567748e-05
-3.979076940121404916e-05
-3.906428069491624163e-05
-3.835087385769940803e-05
-3.765028342113072859e-05
-3.696224391677738354e-05
-3.628648987620650569e-05
-3.562275583098526170e-05
-3.497077631268081827e-05
-3.433028585286036918e-05
-3.370101898309100656e-05
-3.308271023493993777e-05
-3.247509420139471458e-05
-3.187793667702395507e-05
-3.129108532983598654e-05
-3.071440109465310069e-05
-3.014774490629760614e-05
-2.959097769959180815e-05
-2.904396040935803229e-05
-2.850655397041855672e-05
-2.797861931759568668e-05
-2.746001738571173759e-05
-2.695060910958900114e-05
-2.645025542404979275e-05
-2.595881726391641427e-05
-2.547615556401116419e-05
-2.500213125915635453e-05
-2.453660528417430747e-05
-2.407943857388728084e-05
-2.363049206311760699e-05
-2.318962668668759117e-05
-2.275670337941953185e-05
-2.233158307613572751e-05
-2.191412671165849355e-05
-2.150419522081013185e-05
-2.110164953841294427e-05
-2.070635059928925298e-05
-2.031815933826133276e-05
-1.993693669015149223e-05
-1.956254358978204343e-05
-1.919484097197529500e-05
-1.883368977155354201e-05
-1.847895092333909988e-05
-1.813048536215426369e-05
-1.778815402282133532e-05
-1.745181784016264033e-05
-1.712133774900045349e-05
-1.679657468415709021e-05
-1.647738958045485912e-05
-1.616364337271605870e-05
-1.585519699576299420e-05
-1.555191138441797426e-05
-1.525364747350329904e-05
-1.496026619784129243e-05
-1.467162849225422071e-05
-1.438759529156440947e-05
-1.410802753059416056e-05
-1.383278614416577755e-05
-1.356173206710156906e-05
-1.329472623422383696e-05
-1.303162958035489328e-05
-1.277230304031700769e-05
-1.251660754893253627e-05
-1.226440404102373513e-05
-1.201555345141295187e-05
-1.176991671492244770e-05
-1.152735476637456853e-05
-1.128772854059159589e-05
-1.105089897239581809e-05
-1.081672699660957765e-05
