-3.310156050264255402e-04
2.542790753804795648e-02
5.215510208443371876e-02
7.980758098415201285e-02
1.083423571872240282e-01
1.377164436436708606e-01
1.678868533035138277e-01
1.988105991167738729e-01
2.304446940334724525e-01
2.627461510036303571e-01
2.956719829772690433e-01
3.291792029044096624e-01
3.632248237350731990e-01
3.977658584192810820e-01
4.327593199070541852e-01
4.681622211484139373e-01
5.039315750933811566e-01
5.400243946919774940e-01
5.763976928942236011e-01
6.130084826501411843e-01
6.498137769097509508e-01
6.867705886230742740e-01
7.238359307401323051e-01
7.609668162109460843e-01
7.981202579855370960e-01
8.352532690139261584e-01
8.723228622461345338e-01
9.092860506321833736e-01
9.460998471220942729e-01
9.827212646658876061e-01
1.019107316213585079e+00
1.055215014715207733e+00
1.091001373120776829e+00
1.126423404380313409e+00
1.161438121443838956e+00
1.196002537261373622e+00
1.230073664782939558e+00
1.263608516958557804e+00
1.296564106738249844e+00
1.328897447072035609e+00
1.360565550909937471e+00
1.391525431201976026e+00
1.421734100898172537e+00
1.451148572948548487e+00
1.479725860303124918e+00
1.507422975911922203e+00
1.534196932724962270e+00
1.560004743692266604e+00
1.584803421763855802e+00
1.608549979889751569e+00
1.631201431019973835e+00
1.652714788104545418e+00
1.673047064093486247e+00
1.692155271936817362e+00
1.709996424584561137e+00
1.726527534986738166e+00
1.741705616093369269e+00
1.755487680854475707e+00
1.767838773620239223e+00
1.778773502890899971e+00
1.788325365830039093e+00
1.796527896783644440e+00
1.803414630097704086e+00
1.809019100118206547e+00
1.813374841191140341e+00
1.816515387662493097e+00
1.818474273878254444e+00
1.819285034184411565e+00
1.818981202926953200e+00
1.817596314451867645e+00
1.815163903105142751e+00
1.811717503232767257e+00
1.807290649180729902e+00
1.801916875295017872e+00
1.795629715921619907e+00
1.788462705406525188e+00
1.780449378095720681e+00
1.771623268335195567e+00
1.762017910470937698e+00
1.751666838848936036e+00
1.740603587815178210e+00
1.728861691715652737e+00
1.716474684896347691e+00
1.703476101703251366e+00
1.689899476482353169e+00
1.675778343579640062e+00
1.661146185119895646e+00
1.646031933455407437e+00
1.630456504983475829e+00
1.614440000145072940e+00
1.598002519381169551e+00
1.581164163132736666e+00
1.563945031840745736e+00
1.546365225946168431e+00
1.528444845889974868e+00
1.510203992113137383e+00
1.491662765056626538e+00
1.472841265161413338e+00
1.453759592868469674e+00
1.434437848618765887e+00
1.414896132853275201e+00
1.395154546012965957e+00
1.375233188538811158e+00
1.355152160871781808e+00
1.334931563452849357e+00
1.314591496722984143e+00
1.294152061123157837e+00
1.273633357094341667e+00
1.253055485077507081e+00
1.232438545513625083e+00
1.211802638843667124e+00
1.191167865508603763e+00
1.170554325949406227e+00
1.149982120607047076e+00
1.129471349922495982e+00
1.109041375866997692e+00
1.088704305685196827e+00
1.068468128914540571e+00
1.048340787830411625e+00
1.028330224708194240e+00
1.008444381823273117e+00
9.886912014510308433e-01
9.690786258668524500e-01
9.496145973461209699e-01
9.303070581642204351e-01
9.111639505965348773e-01
8.921932169184487726e-01
8.734027994053448207e-01
8.548006403326076086e-01
8.363946819756203910e-01
8.181928666097676439e-01
8.002031365104336214e-01
7.824334339530010229e-01
7.648917012128545467e-01
7.475858805653781136e-01
7.305239142859553114e-01
7.137137446499697280e-01
6.971633139328056172e-01
6.808805644098465670e-01
6.648734383564769423e-01
6.491498780480804420e-01
6.337178257600407649e-01
6.185852237677413878e-01
6.037600086573255975e-01
5.892472268803252700e-01
5.750443411295381724e-01
5.611475852216305515e-01
5.475531929732674330e-01
5.342573982011143974e-01
5.212564347218360261e-01
5.085465363520980109e-01
4.961239369085654882e-01
4.839848702079039833e-01
4.721255700667786326e-01
4.605422703018544617e-01
4.492312047297971622e-01
4.381886071672715932e-01
4.274107114309437239e-01
4.168937513374778581e-01
4.066339607035397985e-01
3.966275733457947927e-01
3.868708230809079773e-01
3.773599437255449884e-01
3.680911690963706850e-01
3.590607330100503702e-01
3.502648692832494581e-01
3.416998117326332518e-01
3.333617941748669433e-01
3.252470504266157802e-01
3.173518143045449547e-01
3.096723196253201027e-01
3.022048002056060834e-01
2.949454708860804741e-01
2.878902277701280155e-01
2.810347024833043661e-01
2.743745186456711393e-01
2.679052998772889493e-01
2.616226697982192984e-01
2.555222520285232446e-01
2.495996701882623181e-01
2.438505478974971885e-01
2.382705087762893859e-01
2.328551764447000239e-01
2.276001745227901052e-01
2.225011266306212432e-01
2.175536563882541352e-01
2.127533874157502281e-01
2.080959433331707187e-01
2.035769477605766931e-01
1.991920243180292927e-01
1.949367966255898810e-01
1.908068883033194330e-01
1.867979229712793954e-01
1.829055242495306322e-01
1.791253157581345623e-01
1.754529211171522718e-01
1.718839639466449853e-01
1.684140678666738444e-01
1.650388564973000738e-01
1.617539534585849537e-01
1.585549823705894867e-01
1.554379847886778743e-01
1.524006740094266399e-01
1.494411812647149784e-01
1.465576377864223623e-01
1.437481748064281251e-01
1.410109235566116281e-01
1.383440152688523439e-01
1.357455811750296060e-01
1.332137525070226924e-01
1.307466604967110202e-01
1.283424363759739506e-01
1.259992113766908728e-01
1.237151167307411342e-01
1.214882836700041657e-01
1.193168434263592731e-01
1.171989272316858871e-01
1.151326663178634524e-01
1.131161919167711083e-01
1.111476352602883549e-01
1.092251275802946231e-01
1.073468001086691492e-01
1.055107840772914474e-01
1.037152107180408095e-01
1.019582112627965831e-01
1.002379169434381989e-01
9.855245899184505998e-02
9.689996863989644438e-02
9.527857711947174124e-02
9.368643424825727484e-02
9.212230386393073511e-02
9.058568979463040016e-02
8.907613992374059653e-02
8.759320213464556748e-02
8.613642431072968120e-02
8.470535433537711156e-02
8.329954009197217124e-02
8.191852946389918677e-02
8.056187033454241531e-02
7.922911058728619726e-02
7.791979810551474817e-02
7.663348077261240843e-02
7.536970647196343520e-02
7.412802308695218279e-02
7.290797850096286670e-02
7.170912059737978572e-02
7.053099725958721089e-02
6.937315637096946874e-02
6.823514581491085806e-02
6.711651347479562213e-02
6.601680723400805972e-02
6.493557497593248351e-02
6.387236458395322003e-02
6.282672394145445705e-02
6.179820093182052110e-02
6.078634343843571791e-02
5.979069934468431852e-02
5.881081653395062170e-02
5.784626956559541650e-02
5.689679762433461074e-02
5.596220263282883356e-02
5.504228663723864656e-02
5.413685168372453504e-02
5.324569981844706756e-02
5.236863308756678492e-02
5.150545353724420711e-02
5.065596321363990268e-02
4.981996416291439161e-02
4.899725843122820085e-02
4.818764806474188506e-02
4.739093510961603362e-02
4.660692161201107631e-02
4.583540961808760944e-02
4.507620117400617382e-02
4.432909832592729638e-02
4.359390312001152484e-02
4.287041760241940697e-02
4.215844381931144885e-02
4.145778381684821906e-02
4.076823964119025839e-02
4.008961333849806602e-02
3.942170695493221050e-02
3.876432253665321875e-02
3.811726212982162465e-02
3.748032778059798981e-02
3.685332153514283421e-02
3.623604568399404341e-02
3.562832380906476304e-02
3.503001700418893055e-02
3.444099018159641618e-02
3.386110825351701381e-02
3.329023613218058675e-02
3.272823872981694970e-02
3.217498095865592433e-02
3.163032773092736699e-02
3.109414395886108198e-02
3.056629455468692913e-02
3.004664443063469539e-02
2.953505849893424060e-02
2.903140167181537945e-02
2.853553886150794403e-02
2.804733498024176638e-02
2.756665494024668553e-02
2.709336365375252659e-02
2.662732603298911468e-02
2.616840699018628882e-02
2.571647143757386025e-02
2.527138428738167145e-02
2.483301045183954406e-02
2.440121484317731362e-02
2.397586237362481915e-02
2.355681795541187534e-02
2.314394650076832469e-02
2.273711292192397496e-02
2.233618213110869985e-02
2.194102313320569694e-02
2.155154513932540025e-02
2.116768018121365988e-02
2.078936055254616139e-02
2.041651854699859034e-02
2.004908645824661495e-02
1.968699657996592425e-02
1.933018120583218299e-02
1.897857262952110102e-02
1.863210314470832921e-02
1.829070504506954270e-02
1.795431062428043748e-02
1.762285217601668869e-02
1.729626199395397496e-02
1.697447237176796797e-02
1.665741560313436023e-02
1.634502398172882690e-02
1.603722980122705699e-02
1.573396535530470486e-02
1.543516293763746300e-02
1.514075484190100830e-02
1.485067336177102459e-02
1.456485079092319397e-02
1.428321942303318465e-02
1.400571155177668566e-02
1.373225947082938429e-02
1.346279547386693490e-02
1.319725185456503171e-02
1.293556092096352118e-02
1.267766227810256108e-02
1.242351467846598834e-02
1.217307997719917559e-02
1.192632002944751107e-02
1.168319669035637436e-02
1.144367181507115715e-02
1.120770725873721646e-02
1.097526487649994574e-02
1.074630652350472802e-02
1.052079405489693593e-02
1.029868932582196292e-02
1.007995419142518161e-02
9.864550506851975029e-03
9.652440127247722754e-03
9.443584907757814756e-03
9.237946703527616724e-03
9.035487369702515162e-03
8.836168761427893106e-03
8.639952733849131858e-03
8.446801142111612717e-03
8.256675841360715251e-03
8.069538686741815556e-03
7.885351533400303606e-03
7.704076236481565906e-03
7.525674651130963809e-03
7.350108632493887288e-03
7.177340035715718512e-03
7.007330715941837047e-03
6.840042528317625929e-03
6.675437327988465591e-03
6.513476970099733865e-03
6.354123309796815521e-03
6.197338202225095329e-03
6.043083502529943314e-03
5.891321065856745982e-03
5.742012747350883767e-03
5.595120402157737968e-03
5.450605885422689020e-03
5.308431052291118224e-03
5.168557757908408615e-03
5.030947857419944096e-03
4.895563205971093824e-03
4.762365658707246041e-03
4.631317070773781179e-03
4.502379297316079672e-03
4.375514193479523688e-03
4.250683614409492793e-03
4.127849415251373492e-03
4.006973451150531475e-03
3.888017577252367556e-03
3.770943648702243089e-03
3.655713520645559756e-03
3.542289048227676308e-03
3.430632086593994861e-03
3.320704490889886309e-03
3.212468116260722845e-03
3.105884817851903117e-03
