-3.310156050264255402e-04
-2.083964996704373764e-03
-3.668650055217825400e-03
-5.089711936652419923e-03
-6.351791797093802282e-03
-7.459530792627612657e-03
-8.417570079339495998e-03
-9.230550813315091183e-03
-9.903114150640048366e-03
-1.043990124739999428e-02
-1.084555325968059383e-02
-1.112471134356747028e-02
-1.128201665514627812e-02
-1.132211035050265102e-02
-1.124963358572223654e-02
-1.106922751689067876e-02
-1.078553330009361134e-02
-1.040319209141669227e-02
-9.926845046945546522e-03
-9.361133322765825132e-03
-8.710698074963179119e-03
-7.980180459623236952e-03
-7.174221632831648786e-03
-6.297462750674056968e-03
-5.354544969236093438e-03
-4.350109444603420493e-03
-3.288797332861660531e-03
-2.175249790096460672e-03
-1.014107972393471935e-03
1.899869641616618119e-04
1.432393863483309498e-03
2.708471569485817933e-03
4.013578926083560816e-03
5.343074777190872163e-03
6.692317966722129141e-03
8.056667338591675526e-03
9.431481736713879377e-03
1.081212000500308967e-02
1.219394098737367968e-02
1.357230352773998623e-02
1.494256647001637392e-02
1.630008865811720387e-02
1.764022893595683025e-02
1.895834614744961941e-02
2.024979913650992377e-02
2.150994674705208887e-02
2.273414782299048101e-02
2.391776120823946999e-02
2.505614574671339786e-02
2.614466028232663442e-02
2.717866365899351128e-02
2.815351472062841559e-02
2.906457231114568940e-02
2.990719527445969209e-02
3.067674245448478651e-02
3.136857269513532859e-02
3.197804484032567424e-02
3.250051773397016897e-02
3.293225242849151524e-02
3.327507777233819353e-02
3.353294447470978046e-02
3.370980742169707445e-02
3.380962149939086003e-02
3.383634159388192175e-02
3.379392259126106496e-02
3.368631937761908807e-02
3.351748683904678949e-02
3.329137986163496765e-02
3.301195333147439320e-02
3.268316213465589232e-02
3.230896115727022178e-02
3.189330528540820775e-02
3.144014940516063478e-02
3.095344840261830821e-02
3.043715716387199871e-02
2.989523057501252204e-02
2.933162352213066967e-02
2.875029089131724350e-02
2.815518756866301070e-02
2.755026844025880092e-02
2.693948839219538482e-02
2.632680231056357123e-02
2.571616508145414468e-02
2.511153159095790358e-02
2.451685672516564635e-02
2.393609537016816793e-02
2.337318414558776578e-02
2.283046820497941845e-02
2.230748879898465306e-02
2.180350176467480555e-02
2.131776293912121534e-02
2.084952815939521489e-02
2.039805326256815751e-02
1.996259408571137914e-02
1.954240646589621225e-02
1.913674624019401013e-02
1.874486924567610874e-02
1.836603131941383707e-02
1.799948829847854495e-02
1.764449601994157180e-02
1.730031032087427090e-02
1.696618703834795391e-02
1.664138200943398108e-02
1.632515107120368486e-02
1.601675006072842203e-02
1.571543481507950424e-02
1.542046117132829519e-02
1.513108496654611869e-02
1.484656203780432976e-02
1.456614822217425914e-02
1.428909935672725146e-02
1.401467127853464438e-02
1.374211982466777560e-02
1.347070083219799666e-02
1.319967013819663137e-02
1.292834291591722466e-02
1.265661725726719387e-02
1.238472211270589575e-02
1.211289023020831711e-02
1.184135435774946558e-02
1.157034724330435055e-02
1.130010163484796749e-02
1.103085028035533099e-02
1.076282592780143481e-02
1.049626132516127963e-02
1.023138922040988004e-02
9.968442361522238462e-03
9.707653496473346924e-03
9.449255373238218264e-03
9.193480739791846240e-03
8.940562344109248896e-03
8.690732934165425194e-03
8.444225257935370627e-03
8.201272063394092829e-03
7.962106098516597702e-03
7.726960111277892014e-03
7.496066849652968656e-03
7.269659061616838731e-03
7.047969495144501204e-03
6.831230898210963708e-03
6.619676018791233012e-03
6.413537604860302006e-03
6.213048404393180062e-03
6.018440984898701558e-03
5.829856237071436714e-03
5.647194490201566316e-03
5.470317092886611311e-03
5.299085393724084839e-03
5.133360741311504376e-03
4.973004484246373522e-03
4.817877971126209753e-03
4.667842550548525343e-03
4.522759571110837769e-03
4.382490381410657568e-03
4.246896330045494411e-03
4.115838765612864908e-03
3.989179036710282199e-03
3.866778491935261592e-03
3.748498479885309723e-03
3.634200349157944068e-03
3.523745448350676900e-03
3.416995126061021792e-03
3.313810730886493621e-03
3.214053611424601622e-03
3.117585116272860671e-03
3.024266594028783908e-03
2.933959393289885774e-03
2.846524862653677674e-03
2.761824350717673616e-03
2.679719206079385005e-03
2.600070777336329752e-03
2.522740413086014492e-03
2.447592601887298418e-03
2.374544573837218328e-03
2.303557322244026949e-03
2.234593165087169625e-03
2.167614420346086496e-03
2.102583406000225075e-03
2.039462440029027237e-03
1.978213840411940927e-03
1.918799925128405635e-03
1.861183012157867139e-03
1.805325419479770349e-03
1.751189465073558224e-03
1.698737466918677844e-03
1.647931742994568913e-03
1.598734611280678295e-03
1.551108389756449815e-03
1.505015396401327083e-03
1.460417949194753925e-03
1.417278366116174818e-03
1.375558965145034238e-03
1.335222064260776663e-03
1.296229981442844183e-03
1.258545034670683011e-03
1.222129541923736322e-03
1.186945821181448375e-03
1.152956190423263432e-03
1.120122967628625317e-03
1.088408470776979593e-03
1.057775017847768133e-03
1.028186677538059672e-03
9.996145214154212710e-04
9.720313717650414312e-04
9.454100508721112548e-04
9.197233810218197842e-04
8.949441844993577966e-04
8.710452835899146597e-04
8.479995005786814758e-04
8.257796577508460948e-04
8.043585773915995106e-04
7.837090817861320667e-04
7.638039932196330224e-04
7.446161339772926126e-04
7.261183263443010726e-04
7.082833926058478783e-04
6.910841550471233732e-04
6.744934359533179009e-04
6.584840576096198531e-04
6.430288423012205492e-04
6.281006123133095736e-04
6.136721899310765109e-04
5.997163974397118130e-04
5.862060571244052812e-04
5.731139912703465001e-04
5.604130221627260299e-04
5.480759720867336721e-04
5.360756633275590112e-04
5.243849181703921737e-04
5.129768515028259885e-04
5.018342449288800680e-04
4.909515299630649648e-04
4.803238316959583618e-04
4.699462752181368034e-04
4.598139856201785688e-04
4.499220879926598229e-04
4.402657074261581943e-04
4.308399690112510406e-04
4.216399978385153399e-04
4.126609189985288293e-04
4.038978575818682700e-04
3.953459386791111281e-04
3.870002873808345983e-04
3.788560287776163637e-04
3.709082879600329686e-04
3.631521900186617164e-04
3.555828600440801273e-04
3.481954231268654504e-04
3.409850043575948265e-04
3.339467288268455048e-04
3.270757216251947886e-04
3.203671078432198728e-04
3.138160125714984402e-04
3.074175609006068186e-04
3.011668779211227991e-04
2.950590887236236850e-04
2.890893183986865088e-04
2.832526920368886821e-04
2.775445982883815218e-04
2.719620523075404563e-04
2.665026891018135928e-04
2.611641448988323891e-04
2.559440559262275445e-04
2.508400584116306253e-04
2.458497885826729811e-04
2.409708826669856364e-04
2.362009768921999949e-04
2.315377074859472435e-04
2.269787106758585694e-04
2.225216226895653491e-04
2.181640797546990137e-04
2.139037180988903164e-04
2.097381739497707694e-04
2.056650835349716681e-04
2.016820830821241725e-04
1.977868088188596051e-04
1.939768969728091527e-04
1.902499837716041108e-04
1.866037054428756664e-04
1.830356982142553046e-04
1.795435983133738872e-04
1.761250419678628721e-04
1.727776654053534734e-04
1.694991048534769324e-04
1.662869965398645715e-04
1.631389766921476049e-04
1.600526870378626821e-04
1.570262484838127874e-04
1.540586261722931831e-04
1.511488711816231351e-04
1.482960345901214211e-04
1.454991674761072255e-04
1.427573209178993803e-04
1.400695459938169343e-04
1.374348937821788280e-04
1.348524153613040832e-04
1.323211618095117758e-04
1.298401842051206294e-04
1.274085336264497742e-04
1.250252611518181778e-04
1.226894178595448076e-04
1.204000548279486447e-04
1.181562231353486839e-04
1.159569738600638926e-04
1.138013580804132655e-04
1.116884268747158108e-04
1.096172313212903741e-04
1.075868224984560448e-04
1.055962514845317635e-04
1.036445693578365247e-04
1.017308271966892825e-04
9.985407607940904504e-05
9.801336708431482054e-05
9.620775128972548166e-05
9.443627977396019924e-05
9.269802931865415237e-05
9.099232921482324811e-05
8.931865207517554071e-05
8.767647215743141717e-05
8.606526371931122379e-05
8.448450101853533401e-05
8.293365831282409415e-05
8.141220985989783699e-05
7.991962991747697661e-05
7.845539274328183223e-05
7.701897259503269596e-05
7.560984373044998190e-05
7.422748040725407701e-05
7.287135688316528697e-05
7.154094741590395811e-05
7.023572626319049095e-05
6.895516768274520471e-05
6.769874593228851348e-05
6.646593526954069583e-05
6.525620995222212518e-05
6.406904423805314785e-05
6.290391238475413727e-05
6.176028865004548043e-05
6.063764729164748300e-05
5.953546256728051161e-05
5.845320873466499392e-05
5.739036005152116105e-05
5.634639077556941354e-05
5.532077530507515078e-05
5.431305943519476891e-05
5.332297630765068624e-05
5.235028942189850088e-05
5.139476227739385157e-05
5.045615837359231608e-05
4.953424120994954669e-05
4.862877428592108053e-05
4.773952110096255633e-05
4.686624515452958575e-05
4.600870994607776009e-05
4.516667897506269777e-05
4.433991574094001045e-05
4.352818374316528942e-05
4.273124648119415990e-05
4.194886745448223351e-05
4.118081016248508803e-05
4.042683810465832155e-05
3.968671478045757958e-05
3.896020368933844668e-05
3.824706833075652769e-05
3.754707220416744106e-05
3.685997880902677131e-05
3.618555164479015718e-05
3.552355421091321711e-05
3.487375000685150175e-05
3.423590253206062952e-05
3.360977528599622561e-05
3.299513176811389489e-05
3.239173547786923545e-05
3.179934991471787249e-05
3.121773857811538377e-05
3.064666496751739449e-05
3.008589258237953323e-05
2.953518492215735742e-05
2.899430548630649903e-05
2.846301777428255955e-05
2.794108528554115062e-05
2.742827151953786355e-05
2.692433997572832692e-05
2.642905415356814223e-05
2.594217755251293465e-05
2.546347367201825146e-05
2.499270601153974158e-05
2.452963807053299970e-05
2.407403334845364425e-05
2.362565534475726992e-05
2.318426755889949176e-05
2.274963349033592140e-05
2.232151663852212644e-05
2.189968050291377273e-05
2.148388858296640416e-05
2.107390437813569335e-05
2.066949138787717741e-05
2.027041311164653236e-05
1.987643304889932918e-05
1.948731469909114564e-05
1.910282156167764420e-05
