-3.310156050264255402e-04
-2.111409040285124050e-03
-3.688641252965758899e-03
-5.067191170475276660e-03
-6.251537720220625913e-03
-7.246159829608750901e-03
-8.055536426046601070e-03
-8.684146436941124134e-03
-9.136468789699266069e-03
-9.416982411727966781e-03
-9.530166230434186994e-03
-9.480499173224870083e-03
-9.272460167506952483e-03
-8.910528140687391449e-03
-8.399182020173132091e-03
-7.742900733371118650e-03
-6.946163207688304912e-03
-6.013448370531627313e-03
-4.949235149308041370e-03
-3.758002471424494798e-03
-2.444229264287924031e-03
-1.012394455305288708e-03
5.330230281164630244e-04
2.187544258570405572e-03
3.946690308649566069e-03
5.805982250947012632e-03
7.760941158055791912e-03
9.807088102568967472e-03
1.193994415707957078e-02
1.415503039418066974e-02
1.644786788646531925e-02
1.881397770652656204e-02
2.124888092695745995e-02
2.374809862035106092e-02
2.630715185930042332e-02
2.892156171639859163e-02
3.158684926423863115e-02
3.429853557541358289e-02
3.705214172251650867e-02
3.984318877814046339e-02
4.266719781487848112e-02
4.551968990532363757e-02
4.839618612206897375e-02
5.129220753770753760e-02
5.420327522483238403e-02
5.712491025603658873e-02
6.005263370391318578e-02
6.298196664105520926e-02
6.590843014005576261e-02
6.882754527350784524e-02
7.173483311400453977e-02
7.462581473413890110e-02
7.749601120650394248e-02
8.034094360369277432e-02
8.315613299829845151e-02
8.593710046291394566e-02
8.867936707013238107e-02
9.137845389254678485e-02
9.402988200275025354e-02
9.662917247333574489e-02
9.917184637689642479e-02
1.016534247860252510e-01
1.040694287733153617e-01
1.064153794113597284e-01
1.086867977727514617e-01
1.108792049300836025e-01
1.129881219559491640e-01
1.150090699229412705e-01
1.169375699036529076e-01
1.187691429706771579e-01
1.204993101966070762e-01
1.221235926540357175e-01
1.236375114155561228e-01
1.250366112460314927e-01
1.263187499778839762e-01
1.274860070550782876e-01
1.285409111972202756e-01
1.294859911239159000e-01
1.303237755547709820e-01
1.310567932093913424e-01
1.316875728073830520e-01
1.322186430683518488e-01
1.326525327119037201e-01
1.329917704576444593e-01
1.332388850251799983e-01
1.333964051341162693e-01
1.334668595040591488e-01
1.334527768546144577e-01
1.333566859053880727e-01
1.331811153759860367e-01
1.329285939860140875e-01
1.326016504550781572e-01
1.322028135027841222e-01
1.317346118487379147e-01
1.311995742125454112e-01
1.306002293138124881e-01
1.299391058721449943e-01
1.292187326071488618e-01
1.284416382384299393e-01
1.276103514855941867e-01
1.267274010682474805e-01
1.257953157059956417e-01
1.248166241184445885e-01
1.237938550252002390e-01
1.227295371458684559e-01
1.216261992000551434e-01
1.204863699073661504e-01
1.193125779874073672e-01
1.181073521597847953e-01
1.168732211441041863e-01
1.156125646858164602e-01
1.143269787773430052e-01
1.130178025796619301e-01
1.116863751047773023e-01
1.103340353646930366e-01
1.089621223714130477e-01
1.075719751369414862e-01
1.061649326732822113e-01
1.047423339924392072e-01
1.033055181064164996e-01
1.018558240272180587e-01
1.003945907668478410e-01
9.892315733730992766e-02
9.744286275060819180e-02
9.595504601874663142e-02
9.446104615372924451e-02
9.296220216756005683e-02
9.145985307224301086e-02
8.995533787978206297e-02
8.844999560218123891e-02
8.694516525144449504e-02
8.544218583957587099e-02
8.394239637857925374e-02
8.244713588045872454e-02
8.095774335721817039e-02
7.947555782086165865e-02
7.800191828339314570e-02
7.653816375681657402e-02
7.508563325313598324e-02
7.364566578435528810e-02
7.221960036247859760e-02
7.080877599950975709e-02
6.941453170745280621e-02
6.803820649831170131e-02
6.668113938409050978e-02
6.534466937679309084e-02
6.403009441949815417e-02
6.273794260306757298e-02
6.146805829680947880e-02
6.022026210329273904e-02
5.899437462508630436e-02
5.779021646475904217e-02
5.660760822487986149e-02
5.544637050801769218e-02
5.430632391674140164e-02
5.318728905361989889e-02
5.208908652122209298e-02
5.101153692211692070e-02
4.995446085887319393e-02
4.891767893405991191e-02
4.790101175024591429e-02
4.690427991000012398e-02
4.592730401589148470e-02
4.496990467048882917e-02
4.403190247636108029e-02
4.311311803607716098e-02
4.221337195220598026e-02
4.133248482731639861e-02
4.047027726397733893e-02
3.962656986475771720e-02
3.880118323222643550e-02
3.799393796895237513e-02
3.720465467750445204e-02
3.643315396045156834e-02
3.567925642036261225e-02
3.494278265980652054e-02
3.422355328135216063e-02
3.352138888756844848e-02
3.283611008102427925e-02
3.216753746428858973e-02
3.151549163993023345e-02
3.087979321051812637e-02
3.026026263388410451e-02
2.965668119838507991e-02
2.906873821195755242e-02
2.849610979337067682e-02
2.793847206139367725e-02
2.739550113479573279e-02
2.686687313234603289e-02
2.635226417281375660e-02
2.585135037496811075e-02
2.536380785757826398e-02
2.488931273941341962e-02
2.442754113924276715e-02
2.397816917583548216e-02
2.354087296796078185e-02
2.311532863438782101e-02
2.270121229388581338e-02
2.229820006522392761e-02
2.190596806717140174e-02
2.152419241849736278e-02
2.115254923797102449e-02
2.079071464436157979e-02
2.043836475643822162e-02
2.009517569297012557e-02
1.976082357272649845e-02
1.943498451447651584e-02
1.911733463698937069e-02
1.880755005903425939e-02
1.850530689938036447e-02
1.821028127679686845e-02
1.792214931005296774e-02
1.764058711791785181e-02
1.736527081916071011e-02
1.709587653255073905e-02
1.683208037685710728e-02
1.657355847084903203e-02
1.631998693329568539e-02
1.607104188296625338e-02
1.582642313255668357e-02
1.558599573471301791e-02
1.534969510881851150e-02
1.511745693427205342e-02
1.488921689047255879e-02
1.466491065681892886e-02
1.444447391271006659e-02
1.422784233754489057e-02
1.401495161072228123e-02
1.380573741164115714e-02
1.360013541970041435e-02
1.339808131429896972e-02
1.319951077483571926e-02
1.300435948070956770e-02
1.281256311131942147e-02
1.262405734606419049e-02
1.243877786434276558e-02
1.225666034555405841e-02
1.207764046909697193e-02
1.190165391437041260e-02
1.172863636077328339e-02
1.155852348770449248e-02
1.139125097456293936e-02
1.122675450074753049e-02
1.106496974565717752e-02
1.090583238869076953e-02
1.074927810924721817e-02
1.059524258672543164e-02
1.044366150052430595e-02
1.029447053004275622e-02
1.014760535467967850e-02
1.000300165383397923e-02
9.860595106904563104e-03
9.720321393290341783e-03
9.582116192390207829e-03
9.445915183603067686e-03
9.311654711186554897e-03
9.179290246054084765e-03
9.048798795222868716e-03
8.920158514586008433e-03
8.793347560036591723e-03
8.668344087467715064e-03
8.545126252772481876e-03
8.423672211843964350e-03
8.303960120575271109e-03
8.185968134859498632e-03
8.069674410589729521e-03
7.955057103659067194e-03
7.842094369960601191e-03
7.730764365387426257e-03
7.621045245832638870e-03
7.512915167189332909e-03
7.406352285350597045e-03
7.301334756209526024e-03
7.197840735659216324e-03
7.095848379592764425e-03
6.995335843903259000e-03
6.896281284483797396e-03
6.798662857227472621e-03
6.702458718027377686e-03
6.607647022776608203e-03
6.514205927368257182e-03
6.422113587695418499e-03
6.331348159651185165e-03
6.241887799128650188e-03
6.153710662020910917e-03
6.066794904221058625e-03
5.981118681622190660e-03
5.896660150117400030e-03
5.813397465599778012e-03
5.731308783962417615e-03
5.650372261098414450e-03
5.570566053869462596e-03
5.491869989003602022e-03
5.414268989033296960e-03
5.337748945090985304e-03
5.262295748309099748e-03
5.187895289820079921e-03
5.114533460756354177e-03
5.042196152250359546e-03
4.970869255434533923e-03
4.900538661441310867e-03
4.831190261403125671e-03
4.762809946452412763e-03
4.695383607721604832e-03
4.628897136343142378e-03
4.563336423449460694e-03
4.498687360172987267e-03
4.434935837646164329e-03
4.372067747001423706e-03
4.310068979371199822e-03
4.248925425887929708e-03
4.188622977684047788e-03
4.129147525891991091e-03
4.070484961644192309e-03
4.012621176073088471e-03
3.955542060311110532e-03
3.899233505490695955e-03
3.843681402744281335e-03
3.788871643204299797e-03
3.734790118003186634e-03
3.681422718273377141e-03
3.628755335147309212e-03
3.576773859757413371e-03
3.525464183236129249e-03
3.474812196715886068e-03
3.424803791329123458e-03
3.375424858208275411e-03
3.326661288485776354e-03
3.278499549902173099e-03
3.230931528287128273e-03
3.183952078101129606e-03
3.137556084211731017e-03
3.091738431486492494e-03
3.046494004792964488e-03
3.001817688998706986e-03
2.957704368971273909e-03
2.914148929578222642e-03
2.871146255687108840e-03
2.828691232165487721e-03
2.786778743880916238e-03
2.745403675700951781e-03
2.704560912493146965e-03
2.664245339125060480e-03
2.624451840464246243e-03
2.585175301378261209e-03
2.546410606734662331e-03
2.508152641401003961e-03
2.470396290244843487e-03
2.433136438133736562e-03
2.396367969935240139e-03
2.360085770516907270e-03
2.324284724746295775e-03
2.288959717490961741e-03
2.254105633618461689e-03
2.219717357996349970e-03
2.185789775492183538e-03
2.152317770973519347e-03
2.119296229307911748e-03
2.086720035362919431e-03
2.054584074006095013e-03
2.022883230104995447e-03
1.991612388527177688e-03
1.960766434140196520e-03
1.930340251811609332e-03
1.900328726408971559e-03
1.870726742799838204e-03
1.841529185851767088e-03
1.812730940432314081e-03
1.784326891409033968e-03
1.756311923649481969e-03
1.728680922021215904e-03
1.701428771391791210e-03
1.674550356628763757e-03
1.648040562599689630e-03
1.621894274172124700e-03
1.596106376213625054e-03
1.570671753591747861e-03
1.545585291174046607e-03
1.520841873828079546e-03
1.496436386421401031e-03
1.472363713821567797e-03
1.448618740896136584e-03
1.425196352512661958e-03
1.402091433538701091e-03
1.379298868841810286e-03
1.356813543289543461e-03
1.334630341749458438e-03
1.312744149089110869e-03
1.291149850176056190e-03
1.269842329877850923e-03
1.248816473062050935e-03
1.228067164596213182e-03
1.207589289347890714e-03
1.187377732184643955e-03
1.167427377974024003e-03
1.147733111583591715e-03
1.128289817880898625e-03
1.109092381733504723e-03
1.090135688008963709e-03
1.071414621574830368e-03
1.052924067298664258e-03
