-3.310156050264255402e-04
5.548299645998486240e-02
1.094696053309067996e-01
1.616553173278707789e-01
2.120666387710081757e-01
2.607300759804502266e-01
3.076721352763283623e-01
3.529193229787739861e-01
3.964981454079185563e-01
4.384351088838929211e-01
4.787567197268289831e-01
5.174894842568580344e-01
5.546599087941112005e-01
5.902944996587199400e-01
6.244197631708157115e-01
6.570622056505297515e-01
6.882483334179931855e-01
7.180046527933379163e-01
7.463576700966948474e-01
7.733338916481957703e-01
7.989598237679718107e-01
8.232619727761539830e-01
8.462668449928737457e-01
8.680009467382633348e-01
8.884907843324528764e-01
9.077628640955744954e-01
9.258436923477595393e-01
9.427597754091383564e-01
9.585376195998440707e-01
9.732037312400064755e-01
9.867846166497578064e-01
9.993067821492290781e-01
1.010796734058551527e+00
1.021280978697857167e+00
1.030786022387276457e+00
1.039338371446941300e+00
1.046964532196982489e+00
1.053691010957532592e+00
1.059544314048721958e+00
1.064550947790681823e+00
1.068737418503544090e+00
1.072130232507440217e+00
1.074755896122500554e+00
1.076640915668857890e+00
1.077811797466642796e+00
1.078295047835986287e+00
1.078117173097020265e+00
1.077304679569876189e+00
1.075884073574685074e+00
1.073881861431578155e+00
1.071324549460687114e+00
1.068238643982143410e+00
1.064650651316078056e+00
1.060587077782622512e+00
1.056074429701908013e+00
1.051139213394066463e+00
1.045807935179228432e+00
1.040107101377525822e+00
1.034061529388729417e+00
1.027685613784643071e+00
1.020989777046593883e+00
1.013984433836832233e+00
1.006679998817608723e+00
9.990868866511747326e-01
9.912155119997806407e-01
9.830762895256770495e-01
9.746796338911152269e-01
9.660359597583459967e-01
9.571556817896197389e-01
9.480492146471874992e-01
9.387269729933001017e-01
9.291993714902079260e-01
9.194768248001622402e-01
9.095697475854135350e-01
8.994885545082125233e-01
8.892436602308104732e-01
8.788454794154578753e-01
8.683044267244053316e-01
8.576309168199039989e-01
8.468353643642044792e-01
8.359281840195573743e-01
8.249197904482138410e-01
8.138205983124243703e-01
8.026410222744397860e-01
7.913914769965111340e-01
7.800823771408889051e-01
7.687241209608992598e-01
7.573256770823075801e-01
7.458934953609440699e-01
7.344337692631910386e-01
7.229526922554304624e-01
7.114564578040450948e-01
6.999512593754171341e-01
6.884432904359291117e-01
6.769387444519630037e-01
6.654438148899015637e-01
6.539646952161271010e-01
6.425075788970212587e-01
6.310786593989673454e-01
6.196841301883471154e-01
6.083301847315436550e-01
5.970230164949381635e-01
5.857688189449138383e-01
5.745737855478527667e-01
5.634441097701374801e-01
5.523859850781500658e-01
5.414056049382728331e-01
5.305091628168882023e-01
5.197028521803788159e-01
5.089928664951267612e-01
4.983853992275145139e-01
4.878866438439242170e-01
4.775027938107382908e-01
4.672400425943394331e-01
4.571045836611092872e-01
4.471022600963576732e-01
4.372354728417321978e-01
4.275046691140178545e-01
4.179102737056096251e-01
4.084527114089037125e-01
3.991324070162963755e-01
3.899497853201827624e-01
3.809052711129592983e-01
3.719992891870214646e-01
3.632322643347649649e-01
3.546046213485861132e-01
3.461167850208805019e-01
3.377691801440437236e-01
3.295622315104720923e-01
3.214963639125608674e-01
3.135720021427063631e-01
3.057895709933043937e-01
2.981494952567504964e-01
2.906521997254407075e-01
2.832981091917707306e-01
2.760876484481367688e-01
2.690212422869340814e-01
2.620993155005588715e-01
2.553222928814068982e-01
2.486905992218739758e-01
2.422046593143560855e-01
2.358648979512488475e-01
2.296717399249481595e-01
2.236256087081079924e-01
2.177262573445187255e-01
2.119716796620732535e-01
2.063595844244239252e-01
2.008876803952226731e-01
1.955536763381217347e-01
1.903552810167728759e-01
1.852902031948282235e-01
1.803561516359397932e-01
1.755508351037598502e-01
1.708719623619402161e-01
1.663172421741329066e-01
1.618843833039901314e-01
1.575710945151637676e-01
1.533750845713061361e-01
1.492940622360688641e-01
1.453257362731042723e-01
1.414678154460643211e-01
1.377180085186010539e-01
1.340740242543666527e-01
1.305335714170129113e-01
1.270943587701919841e-01
1.237540950775559562e-01
1.205104891027568570e-01
1.173612496094466606e-01
1.143040853612774937e-01
1.113367051219012610e-01
1.084568176549702695e-01
1.056621317241362434e-01
1.029503707273825702e-01
1.003195038737241807e-01
9.776770433816678318e-02
9.529315146957477445e-02
9.289402461681230128e-02
9.056850312874371867e-02
8.831476635423328447e-02
8.613099364214533982e-02
8.401536434134405928e-02
8.196605780069374236e-02
7.998125336905875793e-02
7.805913039530330833e-02
7.619786822829173467e-02
7.439564621688819768e-02
7.265064370995708010e-02
7.096104005636265366e-02
6.932501460496919010e-02
6.774074670464091952e-02
6.620641570424218303e-02
6.472020095263719686e-02
6.328028179869034375e-02
6.188483759126578443e-02
6.053204767922786000e-02
5.922009141144086303e-02
5.794714813676902360e-02
5.671139720407666202e-02
5.551101796222804308e-02
5.434418976008750096e-02
5.320909194651922414e-02
5.210409416351095141e-02
5.102832722554427602e-02
4.998111224022411953e-02
4.896177031515550754e-02
4.796962255794341712e-02
4.700399007619283226e-02
4.606419397750872308e-02
4.514955536949610826e-02
4.425939535975991629e-02
4.339303505590514504e-02
4.254979556553680625e-02
4.172899799625985617e-02
4.092996345567927879e-02
4.015201305140008586e-02
3.939446789102721280e-02
3.865664908216569912e-02
3.793787773242051492e-02
3.723747494939659564e-02
3.655476184069896689e-02
3.588905951393259880e-02
3.523968907670247536e-02
3.460597163661358056e-02
3.398722830127091227e-02
3.338278017827942673e-02
3.279194837524412875e-02
3.221405399977000927e-02
3.164841815946201758e-02
3.109436196192516197e-02
3.055121310858919734e-02
3.001851714131742108e-02
2.949608213388572875e-02
2.898373178987693338e-02
2.848128981287380984e-02
2.798857990645918850e-02
2.750542577421580259e-02
2.703165111972647902e-02
2.656707964657399959e-02
2.611153505834115651e-02
2.566484105861076281e-02
2.522682135096558989e-02
2.479729963898843342e-02
2.437609962626209950e-02
2.396304501636938034e-02
2.355795951289305079e-02
2.316066681941591002e-02
2.277099063952075023e-02
2.238875467679037057e-02
2.201378263480756325e-02
2.164589821715511009e-02
2.128492512741582410e-02
2.093068706917247668e-02
2.058300774600789126e-02
2.024171086150482191e-02
1.990662011924607469e-02
1.957755922281445918e-02
1.925435187579273982e-02
1.893682178176373659e-02
1.862480260241872188e-02
1.831818945388705155e-02
1.801690087229397205e-02
1.772085543986710518e-02
1.742997173883403458e-02
1.714416835142237860e-02
1.686336385985974518e-02
1.658747684637373529e-02
1.631642589319195688e-02
1.605012958254202135e-02
1.578850649665152969e-02
1.553147521774808984e-02
1.527895432805932360e-02
1.503086240981281116e-02
1.478711804523617085e-02
1.454763981655700714e-02
1.431234630600292969e-02
1.408115609580154470e-02
1.385398776818045664e-02
1.363075990536727344e-02
1.341139108958960477e-02
1.319579990307505682e-02
1.298390492805122712e-02
1.277562474674572707e-02
1.257087794138616287e-02
1.236958309420014245e-02
1.217165878741527374e-02
1.197702360325915948e-02
1.178559626082861973e-02
1.159730740395052175e-02
1.141210868587564514e-02
1.122995389843623945e-02
1.105079683346451604e-02
1.087459128279272096e-02
1.070129103825307425e-02
1.053084989167780809e-02
1.036322163489915293e-02
1.019836005974933228e-02
1.003621895806059219e-02
9.876752121665138828e-03
9.719913342395213041e-03
9.565656412083043542e-03
9.413935122560859042e-03
9.264703265660886519e-03
9.117914633215361622e-03
8.973523017056507858e-03
8.831482209016559143e-03
8.691746000927744187e-03
8.554268184622286497e-03
8.419002551932419989e-03
8.285902894690368170e-03
8.154923004728368424e-03
8.026016673878645993e-03
7.899137693973433058e-03
7.774239856844955728e-03
7.651276954325440978e-03
7.530202778247132266e-03
7.410972491078206791e-03
7.293554720414601941e-03
7.177925736518393947e-03
7.064061897372363001e-03
6.951939560959291900e-03
6.841535085261953898e-03
6.732824828263135261e-03
6.625785147945609244e-03
6.520392402292163846e-03
6.416622949285569720e-03
6.314453146908608795e-03
6.213859353144062132e-03
6.114817925974708190e-03
6.017305223383328898e-03
5.921297603352700112e-03
5.826771423865605495e-03
5.733703042904821773e-03
5.642068818453131740e-03
5.551845108493310386e-03
5.463008271008139641e-03
5.375534663980395360e-03
5.289400645392863809e-03
5.204582573228320845e-03
5.121056805469545795e-03
5.038799700099319719e-03
4.957787615100423678e-03
4.877996908455630928e-03
4.799403938147726867e-03
4.721985066973501122e-03
4.645719103249584640e-03
4.570591272375145592e-03
4.496587839576680554e-03
4.423695070080693910e-03
4.351899229113681371e-03
4.281186581902147320e-03
4.211543393672585733e-03
4.142955929651498392e-03
4.075410455065385344e-03
4.008893235140744034e-03
3.943390535104076243e-03
3.878888620181882019e-03
3.815373755600659240e-03
3.752832206586908820e-03
3.691250238367131675e-03
3.630614116167824382e-03
3.570910105215485686e-03
3.512124470736619104e-03
3.454243477957719913e-03
3.397253392105291630e-03
3.341140478405831265e-03
3.285891002085840167e-03
3.231491228371816647e-03
3.177927422490262922e-03
3.125185849667675136e-03
3.073252775130552901e-03
3.022114464105397132e-03
2.971757181818707877e-03
2.922167193496983447e-03
2.873330764366724323e-03
2.825234159654429686e-03
2.777863644586599148e-03
2.731205484389734491e-03
2.685245944290330991e-03
2.639971289514890865e-03
2.595367785289913291e-03
2.551421696841897017e-03
2.508119289397342522e-03
2.465446828182749853e-03
2.423390578424618191e-03
2.381936805349448884e-03
2.341071774183737641e-03
2.300781750153985377e-03
2.261052998486692573e-03
2.221871784408357975e-03
2.183224373145482497e-03
2.145097029924564452e-03
2.107476019972105621e-03
2.070347608514600413e-03
2.033698060778554948e-03
1.997513641990462767e-03
1.961780617376829121e-03
1.926485252164147986e-03
1.891613811578924612e-03
1.857152560847656012e-03
1.823087765196838329e-03
1.789405689852977249e-03
