-3.310156050264255402e-04
-3.831411206901683998e-04
-4.326597568629456949e-04
-4.796170746927346353e-04
-5.240586353275130272e-04
-5.660299999152579179e-04
-6.055767296039472761e-04
-6.427443855415585286e-04
-6.775785288760692105e-04
-7.101247207554563148e-04
-7.404285223276980271e-04
-7.685354947407715574e-04
-7.944911991426544407e-04
-8.183411966813244291e-04
-8.401310485047584070e-04
-8.599063157609347771e-04
-8.777125595978303154e-04
-8.935953411634228825e-04
-9.076002216056897965e-04
-9.197727620726087010e-04
-9.301585237121570227e-04
-9.388030676723126220e-04
-9.457519551010523835e-04
-9.510507471463544929e-04
-9.547450049561959431e-04
-9.568802896785542694e-04
-9.575021624614074404e-04
-9.566561844527323409e-04
-9.543879168005069396e-04
-9.507429206527089885e-04
-9.457667571573153721e-04
-9.395049874623038425e-04
-9.320031727156518264e-04
-9.233068740653370757e-04
-9.134616526593366918e-04
-9.025130696456289689e-04
-8.905066861721907916e-04
-8.774880633869995865e-04
-8.635027624380329971e-04
-8.485963444732688840e-04
-8.328143706406844569e-04
-8.162024020882570341e-04
-7.988059999639646929e-04
-7.806707254157845347e-04
-7.618421395916938777e-04
-7.423658036396706909e-04
-7.222872787076924008e-04
-7.016521259437363258e-04
-6.805059064957798927e-04
-6.588941815118010701e-04
-6.368625121397770679e-04
-6.144564595276853130e-04
-5.917215848235034487e-04
-5.687034491752089018e-04
-5.454476137307792075e-04
-5.219996396381922261e-04
-4.984050880454247339e-04
-4.747095201004551874e-04
-4.509584969512599292e-04
-4.271975797458177956e-04
-4.034723296321051289e-04
-3.798283077581002774e-04
-3.563110752717801801e-04
-3.329661933211228056e-04
-3.098392230541052012e-04
-2.869757256187051731e-04
-2.644212621629003107e-04
-2.422213938346679321e-04
-2.204216817819857894e-04
-1.990676871528309570e-04
-1.782049710951814307e-04
-1.578790947570143119e-04
-1.381356192863075153e-04
-1.190198972044450090e-04
-1.005569128957884811e-04
-8.273447657655901650e-05
-6.553644228461854703e-05
-4.894666405782906535e-05
-3.294899593405198817e-05
-1.752729195114952505e-05
-2.665406146983093952e-06
1.165280744058511802e-05
2.544349477369376656e-05
3.872280181448051976e-05
5.150687452508410149e-05
6.381185886764229205e-05
7.565390080429361375e-05
8.704914629717603323e-05
9.801374130842774074e-05
1.085638318001871298e-04
1.187155637345922282e-04
1.284850830737813750e-04
1.378885357798925303e-04
1.469420678150641960e-04
1.556618251414342913e-04
1.640639537211412504e-04
1.721645995163230468e-04
1.799799084891181417e-04
1.875260266016645356e-04
1.948190998161004731e-04
2.018752740945640902e-04
2.087106953991936314e-04
2.153415096921275308e-04
2.217838629355036264e-04
2.280539010914601084e-04
2.341677701221355195e-04
2.401416159896678872e-04
2.459915846561952935e-04
2.517338220838561454e-04
2.573844742347883080e-04
2.629574854544502083e-04
2.684552173829452665e-04
2.738762360732206421e-04
2.792191053766065675e-04
2.844823891444337089e-04
2.896646512280321361e-04
2.947644554787324611e-04
2.997803657478647537e-04
3.047109458867597342e-04
3.095547597467476894e-04
3.143103711791589601e-04
3.189763440353238330e-04
3.235512421665727575e-04
3.280336294242362370e-04
3.324220696596443957e-04
3.367151267241278454e-04
3.409113644690167102e-04
3.450093467456417104e-04
3.490076374053329702e-04
3.529048002994209388e-04
3.566993992792360656e-04
3.603899981961084745e-04
3.639751609013687776e-04
3.674534512463475326e-04
3.708234330823744840e-04
3.740836702607805691e-04
3.772327266328961287e-04
3.802691660500512869e-04
3.831915523635766557e-04
3.859984494248023049e-04
3.886884210850590632e-04
3.912600311956768921e-04
3.937118436079865120e-04
3.960424221733179384e-04
3.982503307430017834e-04
4.003341331683683878e-04
4.022924984851480737e-04
4.041260674496033431e-04
4.058372319434688639e-04
4.074284447190807236e-04
4.089021585287751725e-04
4.102608261248883522e-04
4.115069002597564586e-04
4.126428336857156879e-04
4.136710791551023985e-04
4.145940894202525154e-04
4.154143172335026681e-04
4.161342153471886190e-04
4.167562365136467267e-04
4.172828334852134039e-04
4.177164590142245213e-04
4.180595658530164376e-04
4.183146067539254029e-04
4.184840344692875047e-04
4.185703017514389931e-04
4.185758613527161185e-04
4.185031660254550224e-04
4.183546685219919552e-04
4.181328215946630042e-04
4.178400779958044197e-04
4.174788904777525060e-04
4.170517117928435134e-04
4.165609946934134208e-04
4.160091919317986412e-04
4.153987562603351537e-04
4.147321404313593167e-04
4.140117971972072722e-04
4.132401793102153244e-04
4.124197395227195066e-04
4.115529305870562859e-04
4.106422052555615330e-04
4.096900162805716607e-04
4.086988146368762762e-04
4.076705702507304302e-04
4.066061234175575353e-04
4.055061524538521988e-04
4.043713356761086488e-04
4.032023514008212760e-04
4.019998779444843083e-04
4.007645936235923532e-04
3.994971767546394762e-04
3.981983056541202304e-04
3.968686586385288982e-04
3.955089140243598159e-04
3.941197501281074283e-04
3.927018452662661805e-04
3.912558777553300834e-04
3.897825259117939614e-04
3.882824680521516090e-04
3.867563824928980671e-04
3.852049475505270760e-04
3.836288415415332973e-04
3.820287427824110133e-04
3.804053295896546688e-04
3.787592802797585460e-04
3.770912731692169814e-04
3.754019865745243114e-04
3.736920988121750350e-04
3.719622881986633261e-04
3.702132330504837379e-04
3.684456116841305527e-04
3.666601024160979442e-04
3.648573835628804657e-04
3.630381334409724537e-04
3.612030303668683530e-04
3.593527526570622832e-04
3.574879786280488517e-04
3.556093865963222867e-04
3.537176548783769244e-04
3.518134498603068573e-04
3.498973547263472010e-04
3.479699172295717025e-04
3.460316849921306250e-04
3.440832056361742318e-04
3.421250267838527861e-04
3.401576960573166053e-04
3.381817610787159526e-04
3.361977694702010370e-04
3.342062688539222302e-04
3.322078068520296326e-04
3.302029310866736703e-04
3.281921891800046605e-04
3.261761287541725955e-04
3.241552974313280638e-04
3.221302428336212742e-04
3.201015125832022191e-04
3.180696543022214326e-04
3.160352156128290696e-04
3.139987441371755016e-04
3.119607874974109920e-04
3.099218933156857496e-04
3.078826092141500378e-04
3.058434828149541197e-04
3.038050617402484753e-04
3.017678936121830969e-04
2.997325260529083019e-04
2.976995066845744618e-04
2.956693831293317858e-04
2.936427030093305369e-04
2.916200139467210327e-04
2.896018635636535363e-04
2.875887994822782568e-04
2.855813693247455658e-04
2.835801207132056722e-04
2.815856012698087852e-04
2.795983491494248010e-04
2.776186301521973336e-04
2.756464034141194890e-04
2.736816117117237663e-04
2.717241978215425018e-04
2.697741045201079236e-04
2.678312745839529644e-04
2.658956507896091475e-04
2.639671759136095683e-04
2.620457927324862922e-04
2.601314440227717097e-04
2.582240725609983201e-04
2.563236211236984597e-04
2.544300324874045191e-04
2.525432494286488348e-04
2.506632147239638516e-04
2.487898711498819060e-04
2.469231614829353887e-04
2.450630284996566360e-04
2.432094149765780928e-04
2.413622636902322039e-04
2.395215174171512517e-04
2.376871189338676808e-04
2.358590110169138008e-04
2.340371364428221106e-04
2.322214379881248924e-04
2.304118584293545098e-04
2.286083405430434619e-04
2.268108271057240309e-04
2.250192608939286345e-04
2.232335846841896905e-04
2.214537412530395352e-04
2.196796733770106408e-04
2.179113238326352894e-04
2.161486353964458445e-04
2.143915508449747780e-04
2.126400129740811434e-04
2.108939978990560056e-04
2.091535834135715846e-04
2.074188666381168863e-04
2.056899446931807264e-04
2.039669146992520833e-04
2.022498737768198003e-04
2.005389190463727201e-04
1.988341476283997942e-04
1.971356566433900824e-04
1.954435432118321837e-04
1.937579044542151580e-04
1.920788374910278211e-04
1.904064394427591787e-04
1.887408074298981551e-04
1.870820385729334576e-04
1.854302299923541190e-04
1.837854788086490366e-04
1.821478821423070261e-04
1.805175371138170661e-04
1.788945408436680266e-04
1.772789904523488049e-04
1.756709830603483795e-04
1.740706157881555119e-04
1.724779857562591266e-04
1.708931900851481478e-04
1.693163258953114456e-04
1.677474903072379714e-04
1.661867804414165681e-04
1.646342934183361330e-04
1.630901263584856446e-04
1.615543763823539187e-04
1.600271406104299067e-04
1.585085161632024517e-04
1.569986001611604507e-04
1.554974897247928011e-04
1.540052819745884813e-04
1.525220674602666626e-04
1.510478749894125414e-04
1.495826995404147088e-04
1.481265357451560269e-04
1.466793782355197101e-04
1.452412216433885935e-04
1.438120606006458916e-04
1.423918897391744935e-04
1.409807036908575326e-04
1.395784970875780064e-04
1.381852645612189668e-04
1.368010007436633844e-04
1.354257002667944737e-04
1.340593577624950696e-04
1.327019678626482782e-04
1.313535251991371786e-04
1.300140244038446870e-04
1.286834601086539909e-04
1.273618269454480066e-04
1.260491195461098401e-04
1.247453325425225434e-04
1.234504605665691140e-04
1.221644982501325497e-04
1.208874402250958887e-04
1.196192811233421965e-04
1.183600155767545385e-04
1.171096382172159123e-04
1.158681436766093698e-04
1.146355265868179358e-04
1.134117815797246214e-04
1.121969032872125599e-04
1.109908863411646540e-04
1.097937253734640098e-04
1.086054150159936386e-04
1.074259499006365785e-04
1.062553246592758680e-04
1.050935339237945860e-04
1.039405723260757031e-04
1.027964344980022846e-04
1.016611150714574096e-04
1.005346086783240214e-04
9.941690995048521270e-05
9.830801351982396748e-05
9.720791401822340540e-05
9.611660607756646990e-05
9.503408432973625350e-05
9.396034340661578096e-05
9.289537794008810416e-05
9.183918256203626139e-05
9.079175190434320966e-05
8.975308059889209569e-05
8.872316327756583584e-05
8.770199457224754972e-05
8.668956911482027564e-05
8.568588153716698416e-05
8.469092647117076780e-05
8.370469854871470552e-05
8.272719240168168657e-05
8.175840266195485767e-05
8.079832396141723003e-05
7.984695093195182840e-05
7.890427820544170467e-05
7.797030041376987002e-05
7.704501218881941698e-05
7.612840816247324835e-05
7.522048296661459216e-05
7.432123123312628344e-05
7.343064759389153668e-05
7.254872668079322758e-05
7.167546312571452995e-05
7.081085156053842792e-05
6.995488661714785136e-05
6.910756292742601477e-05
