-3.310156050264255402e-04
5.187807659437400354e-02
1.023571350764026083e-01
1.511307681671172909e-01
1.982235841925761577e-01
2.436601914788370793e-01
2.874651983519579401e-01
3.296632131379969577e-01
3.702788441630118776e-01
4.093366997530605844e-01
4.468613882342014620e-01
4.828775179324921174e-01
5.174096971739907680e-01
5.504825342847550207e-01
5.821206375908433150e-01
6.123486154183135355e-01
6.411910760932233444e-01
6.686726279416308483e-01
6.948178792895939315e-01
7.196514384631709227e-01
7.431979137884194841e-01
7.654819135913976114e-01
7.865280461981635218e-01
8.063609199347747669e-01
8.250051431272896751e-01
8.424853241017661309e-01
8.588260711842622408e-01
8.740519927008353340e-01
8.881876969775442943e-01
9.012577923404462288e-01
9.132868871156002433e-01
9.242995896290630009e-01
9.343205082068929412e-01
9.433742511751482818e-01
9.514854268598870179e-01
9.586786435871672563e-01
9.649785096830463260e-01
9.704096334735825558e-01
9.749966232848341630e-01
9.787640874428591431e-01
9.817366342737148255e-01
9.839388721034596497e-01
9.853954092581516111e-01
9.861308540638484832e-01
9.861698148466082614e-01
9.855368999324888302e-01
9.842567176475488511e-01
9.823538763178454314e-01
9.798529842694367886e-01
9.767786498283810293e-01
9.731554813207362598e-01
9.690080870725601425e-01
9.643610754099111171e-01
9.592390546588465128e-01
9.536666331454245471e-01
9.476684191957035486e-01
9.412690211357409575e-01
9.344930472915952135e-01
9.273651059893236459e-01
9.199098055549850272e-01
9.121517543146367979e-01
9.041155605943371754e-01
8.958258327201438220e-01
8.873071790181150664e-01
8.785842078143086820e-01
8.696815274347828861e-01
8.606237462055951193e-01
8.514354724528040430e-01
8.421413145024672087e-01
8.327658806806425007e-01
8.233337793133881366e-01
8.138696187267620008e-01
8.043980072468220888e-01
7.949434692846805151e-01
7.855223366663566242e-01
7.761359888176881938e-01
7.667842138885008207e-01
7.574668000286204350e-01
7.481835353878725225e-01
7.389342081160825693e-01
7.297186063630769493e-01
7.205365182786808154e-01
7.113877320127199866e-01
7.022720357150199488e-01
6.931892175354068542e-01
6.841390656237065215e-01
6.751213681297441038e-01
6.661359132033455310e-01
6.571824889943365111e-01
6.482608836525427520e-01
6.393708853277900728e-01
6.305122821699037372e-01
6.216848623287101194e-01
6.128884139540344833e-01
6.041227251957027589e-01
5.953875842035402099e-01
5.866827791273729886e-01
5.780080981170266918e-01
5.693633293223270275e-01
5.607482608930994816e-01
5.521626809791704282e-01
5.436063777303644651e-01
5.350791392965082993e-01
5.265807538274271948e-01
5.181110094729467486e-01
5.096696943828930015e-01
5.012565967070913286e-01
4.928715045953676044e-01
4.845142061975477588e-01
4.761844896634570001e-01
4.678825167116050787e-01
4.596104144053472784e-01
4.513709538404492294e-01
4.431669064862457930e-01
4.350010438120717193e-01
4.268761372872612592e-01
4.187949583811494958e-01
4.107602785630711240e-01
4.027748693023603388e-01
3.948415020683521681e-01
3.869629483303811401e-01
3.791419795577819496e-01
3.713813672198894578e-01
3.636838827860381373e-01
3.560522977255623500e-01
3.484893835077972346e-01
3.409979116020773193e-01
3.335806534777371324e-01
3.262403806041114240e-01
3.189798644505347780e-01
3.118018764863420000e-01
3.047091881808677294e-01
2.977045710034463832e-01
2.907907964234129894e-01
2.839706359101017430e-01
2.772468609328479494e-01
2.706222429609858038e-01
2.640995534638498898e-01
2.576815639107751243e-01
2.513710457710960355e-01
2.451707705141475957e-01
2.390835096092638890e-01
2.331120345257800541e-01
2.272591167330304529e-01
2.215275277003500576e-01
2.159200388970731743e-01
2.104392948589238199e-01
2.050855607040764361e-01
1.998569883411464299e-01
1.947516562217979086e-01
1.897676427976952851e-01
1.849030265205029722e-01
1.801558858418853271e-01
1.755242992135067903e-01
1.710063450870314972e-01
1.666001019141240269e-01
1.623036481464486536e-01
1.581150622356698454e-01
1.540324226334517932e-01
1.500538077914589929e-01
1.461772961613556909e-01
1.424009661948063554e-01
1.387228963434754547e-01
1.351411650590270963e-01
1.316538507931257485e-01
1.282590319974357962e-01
1.249547871236216939e-01
1.217391946233476463e-01
1.186103329482780244e-01
1.155662805500773105e-01
1.126051158804098201e-01
1.097249173909398828e-01
1.069237635333318837e-01
1.041997327592502076e-01
1.015509035203591426e-01
9.897535426832319849e-02
9.647116345480659383e-02
9.403640953147374137e-02
9.166917094998899840e-02
8.936752616201680544e-02
8.712955361922140873e-02
8.495333177326722107e-02
8.283693987626890298e-02
8.077867380219876103e-02
7.877733811118352303e-02
7.683181030438189507e-02
7.494096788295254163e-02
7.310368834805425209e-02
7.131884920084573254e-02
6.958532794248563358e-02
6.790200207413271682e-02
6.626774909694564675e-02
6.468144651208322660e-02
6.314197182070405145e-02
6.164820252396688988e-02
6.019901612303047572e-02
5.879329011905346652e-02
5.742990201319463084e-02
5.610772930661263314e-02
5.482564950046628360e-02
5.358254009591414263e-02
5.237727859411499265e-02
5.120874249622754670e-02
5.007580930341053171e-02
4.897735651682263297e-02
4.791226163762257739e-02
4.687940216696906415e-02
4.587765560602082016e-02
4.490589945593657234e-02
4.396301121787499905e-02
4.304786839299479251e-02
4.215934848245470046e-02
4.129632898741342900e-02
4.045768740902968424e-02
3.964230124846219311e-02
3.884904800686963394e-02
3.807680518541076142e-02
3.732445028524428859e-02
3.659086080752887299e-02
3.587498559289117872e-02
3.517627099890564824e-02
3.449437524864475135e-02
3.382895734805573679e-02
3.317967630308592958e-02
3.254619111968258538e-02
3.192816080379300148e-02
3.132524436136447515e-02
3.073710079834423778e-02
3.016338912067961439e-02
2.960376833431786411e-02
2.905789744520628423e-02
2.852543545929215815e-02
2.800604138252275541e-02
2.749937422084537328e-02
2.700509298020730559e-02
2.652285666655579063e-02
2.605232428583813611e-02
2.559315484400163584e-02
2.514500734699354895e-02
2.470754080076118311e-02
2.428041421125180441e-02
2.386328658441270317e-02
2.345581692619115241e-02
2.305766424253446328e-02
2.266848753938987410e-02
2.228794582270468908e-02
2.191569809842619163e-02
2.155140337250166169e-02
2.119472065087838961e-02
2.084530893950364838e-02
2.050282724432472836e-02
2.016693457128889561e-02
1.983728992634346475e-02
1.951355231543568450e-02
1.919538074451284868e-02
1.888243861873298637e-02
1.857451589974860526e-02
1.827154504844643798e-02
1.797346612754937775e-02
1.768021919978030043e-02
1.739174432786209229e-02
1.710798157451765694e-02
1.682887100246984249e-02
1.655435267444156297e-02
1.628436665315569423e-02
1.601885300133511908e-02
1.575775178170272378e-02
1.550100305698139981e-02
1.524854688989402823e-02
1.500032334316348664e-02
1.475627247951268213e-02
1.451633436166447320e-02
1.428044905234175307e-02
1.404855661426741321e-02
1.382059711016433469e-02
1.359651060275540203e-02
1.337623715476350152e-02
1.315971682891151941e-02
1.294688968792233850e-02
1.273769579451885028e-02
1.253207521142392887e-02
1.232996800136046227e-02
1.213131422705134022e-02
1.193605395121944378e-02
1.174412723658765922e-02
1.155547414587887282e-02
1.137003474181597085e-02
1.118774908712184130e-02
1.100855724451935656e-02
1.083239927673140986e-02
1.065921524648088571e-02
1.048894521867673076e-02
1.032153302700208192e-02
1.015693400602229665e-02
9.995105676366649108e-03
9.836005558664415171e-03
9.679591173544874194e-03
9.525820041637291652e-03
9.374649683570936490e-03
9.226037619975095000e-03
9.079941371479036127e-03
8.936318458712032287e-03
8.795126402303355892e-03
8.656322722882282827e-03
8.519864941078088977e-03
8.385710577520053693e-03
8.253817152837435514e-03
8.124142187659517261e-03
7.996643202615573084e-03
7.871277718334871928e-03
7.748003255446694014e-03
7.626777334580310021e-03
7.507557476364994965e-03
7.390301201430021262e-03
7.274966030404668264e-03
7.161509483918200580e-03
7.049889082599894961e-03
6.940062347079025556e-03
6.831986797984871719e-03
6.725619955946698057e-03
6.620919341593783924e-03
6.517842475555406939e-03
6.416346878460831710e-03
6.316390070939342793e-03
6.217929573620201329e-03
6.120922907132691874e-03
6.025327592106081639e-03
5.931101149169648243e-03
5.838202979703187301e-03
5.746610157529434895e-03
5.656309439397656270e-03
5.567287681237318049e-03
5.479531738977899864e-03
5.393028468548857930e-03
5.307764725879672747e-03
5.223727366899810938e-03
5.140903247538743462e-03
5.059279223725941278e-03
4.978842151390873612e-03
4.899578886463009687e-03
4.821476284871826536e-03
4.744521202546785575e-03
4.668700495417361235e-03
4.594001019413022739e-03
4.520409630463240180e-03
4.447913184497486253e-03
4.376498537445227578e-03
4.306152545235937719e-03
4.236862063799085899e-03
4.168613949064146548e-03
4.101395056960580217e-03
4.035192243417863069e-03
3.969992364365465196e-03
3.905782275732856690e-03
3.842548833449507210e-03
3.780278893444886847e-03
3.718959311648467863e-03
3.658576943989719481e-03
3.599118646398113096e-03
3.540571274803115762e-03
3.482921685134200175e-03
3.426156733320835125e-03
3.370263275292492006e-03
3.315228166978640909e-03
3.261038264308752793e-03
3.207680423212296451e-03
3.155141499618742840e-03
3.103408349457565957e-03
3.052467828658229389e-03
3.002306793150206262e-03
2.952912098862967970e-03
2.904270601725982871e-03
2.856369157668723225e-03
2.809194622620658690e-03
2.762733852511258057e-03
2.716973703269993587e-03
2.671901030826336673e-03
2.627502691109753936e-03
2.583765540049718073e-03
2.540676433575697439e-03
2.498222227617164296e-03
2.456389778103588734e-03
2.415165940964439546e-03
2.374537572129188558e-03
2.334491527527307164e-03
2.295014663088261984e-03
2.256093834741526149e-03
2.217715898416568448e-03
2.179867710042860274e-03
2.142536125549870853e-03
2.105708000867071578e-03
2.069370191923933840e-03
2.033509554649922529e-03
1.998112944974515543e-03
1.963167218827175601e-03
1.928659232137380384e-03
1.894575840834593046e-03
1.860903900848289967e-03
1.827630268107939505e-03
1.794741798543007631e-03
1.762225348082971160e-03
