-3.310156050264255402e-04
1.393420322047898363e-03
2.952287081861427413e-03
4.350155075071884120e-03
5.591594702336984656e-03
6.681176364314448876e-03
7.623470461661997072e-03
8.423047395037344329e-03
9.084477565098218743e-03
9.612331372502324126e-03
1.001117921790739378e-02
1.028559150197114018e-02
1.044013862535128449e-02
1.047939098870554614e-02
1.040791899269164281e-02
1.023029303796729912e-02
9.951083525190215426e-03
9.574860855018133693e-03
9.106195428108761203e-03
8.549657645119817378e-03
7.909817906709033786e-03
7.191246613534109031e-03
6.398514166252776414e-03
5.536190965522753624e-03
4.608847412001750542e-03
3.621053906347497433e-03
2.577380849217710684e-03
1.482398641270091287e-03
3.406776831623911368e-04
-8.432116244476919745e-04
-2.064698880902437160e-03
-3.319213685544118112e-03
-4.602185637715025708e-03
-5.909044336757426213e-03
-7.235219382013619721e-03
-8.576140372825875532e-03
-9.927236908536465551e-03
-1.128393858848769464e-02
-1.264167501202182950e-02
-1.399587577848114724e-02
-1.534197048720793363e-02
-1.667538873754446579e-02
-1.799156012883303818e-02
-1.928591426041590881e-02
-2.055388073163538776e-02
-2.179088914183372958e-02
-2.299236909035322005e-02
-2.415375017653615883e-02
-2.527046199972480395e-02
-2.633793415926146547e-02
-2.735159625448837714e-02
-2.830687788474786637e-02
-2.919920864938218077e-02
-3.002401814773362695e-02
-3.077673597914446987e-02
-3.145279174295700225e-02
-3.204761503851348559e-02
-3.255663546515621953e-02
-3.297617173588585082e-02
-3.330802954752986461e-02
-3.355610566051969723e-02
-3.372430095155371649e-02
-3.381651629733028325e-02
-3.383665257454777225e-02
-3.378861065990453744e-02
-3.367629143009895354e-02
-3.350359576182940224e-02
-3.327442453179423054e-02
-3.299267861669182011e-02
-3.266225889322051795e-02
-3.228706623807871268e-02
-3.187100152796474434e-02
-3.141796563957701544e-02
-3.093185944961385908e-02
-3.041658383477366043e-02
-2.987603967175477687e-02
-2.931412783725558663e-02
-2.873474920797445750e-02
-2.814180466060973995e-02
-2.753919507185981566e-02
-2.693082131842304203e-02
-2.632058427699779726e-02
-2.571238482428242836e-02
-2.511012383697531700e-02
-2.451770219177483792e-02
-2.393902076537934159e-02
-2.337796242590190962e-02
-2.283684104346180369e-02
-2.231520617033555878e-02
-2.181232597465447218e-02
-2.132746862454984807e-02
-2.085990228815296985e-02
-2.040889513359515212e-02
-1.997371532900769214e-02
-1.955363104252188025e-02
-1.914791044226902064e-02
-1.875582169638041752e-02
-1.837663297298735773e-02
-1.800961244022114896e-02
-1.765402826621308499e-02
-1.730914861909448391e-02
-1.697424166699661174e-02
-1.664857557805079352e-02
-1.633141852038831263e-02
-1.602203866214048714e-02
-1.571970417143859350e-02
-1.542368321641394112e-02
-1.513324396519782900e-02
-1.484765458592156306e-02
-1.456618324671642671e-02
-1.428809811571373455e-02
-1.401266736104477169e-02
-1.373915915084084928e-02
-1.346684165323326458e-02
-1.319498303635330445e-02
-1.292290983112304170e-02
-1.265052192452097678e-02
-1.237804463444691985e-02
-1.210570701401925651e-02
-1.183373811635640011e-02
-1.156236699457676396e-02
-1.129182270179874062e-02
-1.102233429114074861e-02
-1.075413081572117874e-02
-1.048744132865843913e-02
-1.022249488307094313e-02
-9.959520532077097144e-03
-9.698747328795290223e-03
-9.440404326343942651e-03
-9.184720577841450420e-03
-8.931925136406223403e-03
-8.682247055156671472e-03
-8.435915387211190622e-03
-8.193159185688187254e-03
-7.954207503706072976e-03
-7.719289394383251589e-03
-7.488633910838119086e-03
-7.262470106189087941e-03
-7.041027033554562824e-03
-6.824533746052946666e-03
-6.613219296802653677e-03
-6.407312738922074646e-03
-6.207043125529622916e-03
-6.012639331493585364e-03
-5.824239680622960921e-03
-5.641744889321138184e-03
-5.465017171966314417e-03
-5.293918742936674741e-03
-5.128311816610415554e-03
-4.968058607365713301e-03
-4.813021329580764382e-03
-4.663062197633753916e-03
-4.518043425902873965e-03
-4.377827228766313118e-03
-4.242275820602254763e-03
-4.111251415788892694e-03
-3.984616228704414634e-03
-3.862232473727012644e-03
-3.743962365234866640e-03
-3.629668117606169985e-03
-3.519211945219112569e-03
-3.412456062451880816e-03
-3.309262683682668519e-03
-3.209494023289656030e-03
-3.113012295651036709e-03
-3.019679715144999149e-03
-2.929358496149733239e-03
-2.841910853043424102e-03
-2.757199000204262930e-03
-2.675085152010436580e-03
-2.595431522840137544e-03
-2.518100327071549644e-03
-2.442956883871385404e-03
-2.369918663151064815e-03
-2.298946407812033771e-03
-2.230002170588399335e-03
-2.163048004214262500e-03
-2.098045961423729896e-03
-2.034958094950905551e-03
-1.973746457529896095e-03
-1.914373101894802738e-03
-1.856800080779731892e-03
-1.800989446918788671e-03
-1.746903253046076234e-03
-1.694503551895702297e-03
-1.643752396201767852e-03
-1.594611838698379311e-03
-1.547043932119640921e-03
-1.501010729199658009e-03
-1.456474282672533737e-03
-1.413396645272374085e-03
-1.371739869733283081e-03
-1.331466008789366487e-03
-1.292537115174726813e-03
-1.254915241623470257e-03
-1.218562440869700846e-03
-1.183440765647523693e-03
-1.149512268691043042e-03
-1.116739002734363573e-03
-1.085083020511591048e-03
-1.054506374756828194e-03
-1.024972924283381681e-03
-9.964537522213633321e-04
-9.689217477800851153e-04
-9.423498001688608442e-04
-9.167107985970024886e-04
-8.919776322738233194e-04
-8.681231904086351980e-04
-8.451203622107530218e-04
-8.229420368894867005e-04
-8.015611036541503724e-04
-7.809504517140567663e-04
-7.610829702785183943e-04
-7.419315485568478766e-04
-7.234690757583588094e-04
-7.056684410923628374e-04
-6.885025337681735568e-04
-6.719442429951038047e-04
-6.559664579824652257e-04
-6.405420679395713076e-04
-6.256439620757348876e-04
-6.112450296002682609e-04
-5.973181597224845900e-04
-5.838362416516964951e-04
-5.707721645972165967e-04
-5.580988177683579490e-04
-5.457890903744333890e-04
-5.338158716247549951e-04
-5.221520507286359298e-04
-5.107708085341418911e-04
-4.996549607696252997e-04
-4.887989347063849150e-04
-4.781978489075787561e-04
-4.678468219363641914e-04
-4.577409723558997822e-04
-4.478754187293424631e-04
-4.382452796198503617e-04
-4.288456735905814428e-04
-4.196717192046934002e-04
-4.107185350253441986e-04
-4.019812396156914234e-04
-3.934549515388931478e-04
-3.851347893581069572e-04
-3.770158716364911417e-04
-3.690933169372030698e-04
-3.613622438234003267e-04
-3.538177708582413111e-04
-3.464550166048834456e-04
-3.392690996264847493e-04
-3.322551384862028616e-04
-3.254082517471958017e-04
-3.187235579726212633e-04
-3.121961757256376448e-04
-3.058212235694016644e-04
-2.995938200670717746e-04
-2.935090837818058319e-04
-2.875621332767614217e-04
-2.817480871150965628e-04
-2.760623281454247196e-04
-2.705018702002141102e-04
-2.650643486721712357e-04
-2.597474001775465957e-04
-2.545486613325904186e-04
-2.494657687535532038e-04
-2.444963590566853967e-04
-2.396380688582373342e-04
-2.348885347744595698e-04
-2.302453934216024676e-04
-2.257062814159162289e-04
-2.212688353736515701e-04
-2.169306919110589363e-04
-2.126894876443884478e-04
-2.085428591898905496e-04
-2.044884431638157956e-04
-2.005238761824145225e-04
-1.966467948619372299e-04
-1.928548358186342275e-04
-1.891456356687559878e-04
-1.855168310285528746e-04
-1.819660585142754959e-04
-1.784909547421739174e-04
-1.750891563284987743e-04
-1.717582998895004034e-04
-1.684960220414292228e-04
-1.652999594005356778e-04
-1.621677485830701866e-04
-1.590970317185603936e-04
-1.560859312808153293e-04
-1.531334160317029697e-04
-1.502385408780489671e-04
-1.474003607266786487e-04
-1.446179304844174771e-04
-1.418903050580908607e-04
-1.392165393545242893e-04
-1.365956882805431172e-04
-1.340268067429728070e-04
-1.315089496486389570e-04
-1.290411719043666502e-04
-1.266225284169815121e-04
-1.242520740933089781e-04
-1.219288638401744160e-04
-1.196519525644032885e-04
-1.174203951728210448e-04
-1.152332465722530797e-04
-1.130895616695248829e-04
-1.109883953714618766e-04
-1.089288025848893606e-04
-1.069098382166328790e-04
-1.049305571735178132e-04
-1.029900143623696122e-04
-1.010872646900137252e-04
-9.922136306327556060e-05
-9.739136438898055395e-05
-9.559632357395405949e-05
-9.383529552502172964e-05
-9.210736070644949547e-05
-9.041185065880135959e-05
-8.874823943093083608e-05
-8.711600270736763907e-05
-8.551461617264146916e-05
-8.394355551128202691e-05
-8.240229640781899937e-05
-8.089031454678212777e-05
-7.940708561270109914e-05
-7.795208529010557341e-05
-7.652478926352523762e-05
-7.512467321748984655e-05
-7.375121283652910078e-05
-7.240388380517268736e-05
-7.108216180795029330e-05
-6.978552252939164630e-05
-6.851344165402643339e-05
-6.726539486638438226e-05
-6.604085785099513928e-05
-6.483930629238843213e-05
-6.366021587509394786e-05
-6.250306228364141414e-05
-6.136732120256051801e-05
-6.025246831638097361e-05
-5.915797930963245441e-05
-5.808332986684475586e-05
-5.702799567254744303e-05
-5.599145241127029103e-05
-5.497317590751346026e-05
-5.397271309080331567e-05
-5.298979747137427278e-05
-5.202419279309386936e-05
-5.107566279982966352e-05
-5.014397123544923370e-05
-4.922888184382017866e-05
-4.833015836880996164e-05
-4.744756455428621530e-05
-4.658086414411646386e-05
-4.572982088216827221e-05
-4.489419851230922555e-05
-4.407376077840687522e-05
-4.326827142432875222e-05
-4.247749419394245533e-05
-4.170119283111555620e-05
-4.093913107971557227e-05
-4.019107268361004812e-05
-3.945678138666659606e-05
-3.873602093275275386e-05
-3.802855506573608641e-05
-3.733414752948414504e-05
-3.665256206786449464e-05
-3.598356242474470010e-05
-3.532691234399234662e-05
-3.468237556947493134e-05
-3.404971584506005978e-05
-3.342869691461526296e-05
-3.281908252200813286e-05
-3.222063641110620727e-05
-3.163312232577706462e-05
-3.105630400988825625e-05
-3.048994520730732670e-05
-2.993380966190188830e-05
-2.938766111753943140e-05
-2.885126331808755137e-05
-2.832438000741381649e-05
-2.780677492938575776e-05
-2.729821182787096377e-05
-2.679845444673697910e-05
-2.630726652985137878e-05
-2.582441182108173447e-05
-2.534965406429555686e-05
-2.488275700336043793e-05
-2.442348438214393580e-05
-2.397159994451360517e-05
-2.352686743433701433e-05
-2.308905059548172137e-05
-2.265791317181529798e-05
-2.223321890720525819e-05
-2.181473154551923129e-05
-2.140221483062470422e-05
-2.099543250638930962e-05
-2.059414831668053447e-05
-2.019812600536601140e-05
-1.980712931631327143e-05
-1.942092199338983199e-05
-1.903926778046332235e-05
