-3.310156050264255402e-04
-3.027601006728122173e-04
-2.755766218565566784e-04
-2.494473291284668025e-04
-2.243543830393511193e-04
-2.002799441400174264e-04
-1.772061729812743076e-04
-1.551152301139295064e-04
-1.339892760887914712e-04
-1.138104714566681892e-04
-9.456097676836791913e-05
-7.622295257469882451e-05
-5.877855942646904191e-05
-4.220995787448662655e-05
-2.649930846955990131e-05
-1.162877176249696884e-05
2.419491695894009741e-06
1.566332135480487335e-05
2.812055666342752695e-05
3.980903707095373320e-05
5.074660202657528443e-05
6.095109097948412540e-05
7.044034337887208571e-05
7.923219867393090684e-05
8.734449631385252002e-05
9.479507574782872095e-05
1.016017764250513866e-04
1.077824377947123535e-04
1.133548993060034171e-04
1.183370004081163868e-04
1.227465805502432345e-04
1.266014791815756610e-04
1.299195357513055840e-04
1.327185897086247720e-04
1.350164805027251563e-04
1.368310475827985327e-04
1.381801303980367780e-04
1.390815683976316338e-04
1.395532010307750856e-04
1.396128677466588206e-04
1.392784079944747158e-04
1.385676612234146483e-04
1.374984668826705221e-04
1.360886644214340246e-04
1.343560932888970870e-04
1.323185929342515321e-04
1.299940028066892369e-04
1.274001623554019429e-04
1.245549110295815541e-04
1.214760882784199071e-04
1.181815335511088652e-04
1.146890862968401970e-04
1.110165859648058338e-04
1.071818720041975306e-04
1.032027838642070967e-04
9.909716099402657167e-05
9.488284284284756150e-05
9.057766885986205164e-05
8.619947849426179713e-05
8.176611119523871565e-05
7.729540641198454868e-05
7.280520359369120034e-05
6.831334218955047990e-05
6.383766164875430502e-05
5.939600142049439009e-05
5.500620095396263246e-05
5.068609969835094302e-05
4.645353710285103616e-05
4.232635261665482955e-05
3.832238568895411212e-05
3.445947576894079476e-05
3.075546230580662575e-05
2.722818474874353969e-05
2.389540523858902046e-05
2.076733833018537667e-05
1.784042337495168618e-05
1.510963372884824303e-05
1.256994274783531412e-05
1.021632378787310369e-05
8.043750204921909137e-06
6.047195354941939786e-06
4.221632593893495583e-06
2.562035277736771867e-06
1.063376762432075361e-06
-2.793695960603842474e-07
-1.471230441780321676e-06
-2.517232418767517602e-06
-3.422402171061696590e-06
-4.191766342702604855e-06
-4.830351577730006400e-06
-5.343184520183635582e-06
-5.735291814103246662e-06
-6.011700103528586280e-06
-6.177436032499403616e-06
-6.237526245055444461e-06
-6.196997385236459690e-06
-6.060876097082192553e-06
-5.834189024632393077e-06
-5.521962811926809595e-06
-5.129224103005188747e-06
-4.660999541907291569e-06
-4.122315772672841832e-06
-3.518199439341601421e-06
-2.853677185953316127e-06
-2.133775656547744871e-06
-1.363521495164614600e-06
-5.479413458436824326e-07
3.079381473753040381e-07
1.199090340452595738e-06
2.120488589348423901e-06
3.067639249559741011e-06
4.038852787145818770e-06
5.033358559367150747e-06
6.050386456483741911e-06
7.089166368755664143e-06
8.148928186442928342e-06
9.228901799805563189e-06
1.032831709910357535e-05
1.144640397459703839e-05
1.258239231654596492e-05
1.373551201521038106e-05
1.490499296085030620e-05
1.609006504372575630e-05
1.728995815409681850e-05
1.850390218222348505e-05
1.973112701836578719e-05
2.097086255278372225e-05
2.222233867573738923e-05
2.348478527748678208e-05
2.475743224829192525e-05
2.603950947841286013e-05
2.733024685810956712e-05
2.862887427764215876e-05
2.993462162727063240e-05
3.124671879725498538e-05
3.256439567785524892e-05
3.388688215933151863e-05
3.521340813194377153e-05
3.654320348595204560e-05
3.787549811161635853e-05
3.920952189919674831e-05
4.054450473895325295e-05
4.187967652114592401e-05
4.321426713603473849e-05
4.454750647387973440e-05
4.587862442494098362e-05
4.720685806064213333e-05
4.853157906597867991e-05
4.985227867902212941e-05
5.116845229360997662e-05
5.247959530357966214e-05
5.378520310276866724e-05
5.508477108501443249e-05
5.637779464415443916e-05
5.766376917402616850e-05
5.894219006846710855e-05
6.021255272131470666e-05
6.147435252640638312e-05
6.272708487757966661e-05
6.397024516867206548e-05
6.520332879352095257e-05
6.642583114596384980e-05
6.763724761983818420e-05
6.883707360898150480e-05
7.002480450723122508e-05
7.119993570842479919e-05
7.236196260639970838e-05
7.351038059499344747e-05
7.464468506804345705e-05
7.576437141938723193e-05
7.686893504286219914e-05
7.795787133230586705e-05
7.903067568155570336e-05
8.008684348444918932e-05
8.112587013482372488e-05
8.214725102651683193e-05
8.315048155336599175e-05
8.413505710920861781e-05
8.510047308788223203e-05
8.604622488322428856e-05
8.697180788907225510e-05
8.787671749926359935e-05
8.876044974678543801e-05
8.962267363450183467e-05
9.046346434488604631e-05
9.128295530292435589e-05
9.208127993360289728e-05
9.285857166190783149e-05
9.361496391282529239e-05
9.435059011134148163e-05
9.506558368244257375e-05
9.576007805111470263e-05
9.643420664234406993e-05
9.708810288111680952e-05
9.772190019241915016e-05
9.833573200123725284e-05
9.892973173255718367e-05
9.950403281136525272e-05
1.000587686626474855e-04
1.005940727113901649e-04
1.011100783825794112e-04
1.016069191012013991e-04
1.020847282922422895e-04
1.025436393806882976e-04
1.029837857915255167e-04
1.034053009497401890e-04
1.038083182803183942e-04
1.041929712082463746e-04
1.045593931585102641e-04
1.049077175560962508e-04
1.052380778259905092e-04
1.055506073931791598e-04
1.058454396826484311e-04
1.061227081193844300e-04
1.063825461283734395e-04
1.066250871346014444e-04
1.068504645630547953e-04
1.070588118387195314e-04
1.072502623865818813e-04
1.074249647423679087e-04
1.075831728231504877e-04
1.077251854222053298e-04
1.078513014986324646e-04
1.079618200115319487e-04
1.080570399200038927e-04
1.081372601831482585e-04
1.082027797600651839e-04
1.082538976098546847e-04
1.082909126916168041e-04
1.083141239644516121e-04
1.083238303874591111e-04
1.083203309197394796e-04
1.083039245203926116e-04
1.082749101485186720e-04
1.082335867632176632e-04
1.081802533235896283e-04
1.081152087887346373e-04
1.080387521177527738e-04
1.079511822697440539e-04
1.078527982038085341e-04
1.077438988790462574e-04
1.076247832545573074e-04
1.074957502894417137e-04
1.073570989427995599e-04
1.072091281737308347e-04
1.070521369413356491e-04
1.068864242047140324e-04
1.067122889229660411e-04
1.065300300551917184e-04
1.063399465604911073e-04
1.061423373979643455e-04
1.059375015267113271e-04
1.057257379058322441e-04
1.055073454944270990e-04
1.052826232515959346e-04
1.050518656965370736e-04
1.048152396213556813e-04
1.045727680008597945e-04
1.043244661377074121e-04
1.040703493345563566e-04
1.038104328940644776e-04
1.035447321188897875e-04
1.032732623116900138e-04
1.029960387751231959e-04
1.027130768118471836e-04
1.024243917245198129e-04
1.021299988157990148e-04
1.018299133883427202e-04
1.015241507448087381e-04
1.012127261878550266e-04
1.008956550201394625e-04
1.005729525443199224e-04
1.002446340630542833e-04
9.991071487900047589e-05
9.957121029481639065e-05
9.922613561315986363e-05
9.887550613668883933e-05
9.851933716806120808e-05
9.815764400993483307e-05
9.779044196496760460e-05
9.741774633581748075e-05
9.703957242514227050e-05
9.665593553559990482e-05
9.626685096984824691e-05
9.587233403054522772e-05
9.547240002034871047e-05
9.506706424191658546e-05
9.465634199790679720e-05
9.424024859097716823e-05
9.381879932378561597e-05
9.339200949899003072e-05
9.295989443432901291e-05
9.252249544673929156e-05
9.207993319293736399e-05
9.163234341038120623e-05
9.117986183652867236e-05
9.072262420883773842e-05
9.026076626476625848e-05
8.979442374177211373e-05
8.932373237731326666e-05
8.884882790884763909e-05
8.836984607383304444e-05
8.788692260972744521e-05
8.740019325398874967e-05
8.690979374407486612e-05
8.641585981744370282e-05
8.591852721155314096e-05
8.541793166386110238e-05
8.491420891182550890e-05
8.440749469290420104e-05
8.389792474455516841e-05
8.338563480423626508e-05
8.287076060940543997e-05
8.235343789752054718e-05
8.183380240603954918e-05
8.131198987242028650e-05
8.078813603412070808e-05
8.026237662859869509e-05
7.973484739331218292e-05
7.920568406571905275e-05
7.867502238327718576e-05
7.814299808344459864e-05
7.760974690367906416e-05
7.707540458143859901e-05
7.654010685418100306e-05
7.600398945936423880e-05
7.546718813444621451e-05
7.492983861688483848e-05
7.439207122251592402e-05
7.385396532298856270e-05
7.331557237706955404e-05
7.277694355761975514e-05
7.223813003750021279e-05
7.169918298957175698e-05
7.116015358669540740e-05
7.062109300173207533e-05
7.008205240754271273e-05
6.954308297698824442e-05
6.900423588292958169e-05
6.846556229822771714e-05
6.792711339574357562e-05
6.738894034833808194e-05
6.685109432887218807e-05
6.631362651020681882e-05
6.577658806520291261e-05
6.524003016672143490e-05
6.470400398762329701e-05
6.416856070076946441e-05
6.363375147902084839e-05
6.309962749523842800e-05
6.256623992228310097e-05
6.203363993301580569e-05
6.150187870029750765e-05
6.097100739698914525e-05
6.044107719595163654e-05
5.991213927004592670e-05
5.938424479213297443e-05
5.885744493507371136e-05
5.833179087172909620e-05
5.780733377495999957e-05
5.728412481762742764e-05
5.676221517259227812e-05
5.624165601271551652e-05
5.572249851085808123e-05
5.520479383988091064e-05
5.468859317264492280e-05
5.417394768201108321e-05
5.366090854084034381e-05
5.314952692199360234e-05
5.263985399833181073e-05
5.213194094271590738e-05
5.162583892800685101e-05
5.112159912706556645e-05
5.061927271275299208e-05
5.011891085793007309e-05
4.962056473545774785e-05
4.912428551819696153e-05
4.863012437900863898e-05
4.813813249075374567e-05
4.764836102629317258e-05
4.716086115848789197e-05
4.667568406019885577e-05
4.619288090428697529e-05
4.571250286361320245e-05
4.523460111103850276e-05
4.475922681942375362e-05
4.428643116162994084e-05
4.381626531051799605e-05
4.334878043894885085e-05
4.288402771978344364e-05
4.242205832588271958e-05
4.196292343010764417e-05
4.150667420531908126e-05
4.105336182437808442e-05
4.060303746014545654e-05
4.015575228548225797e-05
3.971155747324933900e-05
3.927050419630770579e-05
3.883264362751828996e-05
3.839802693974194857e-05
3.796670530583974199e-05
