-3.310156050264255402e-04
-2.617916341096195379e-02
-5.299165229722636178e-02
-8.072555794752678260e-02
-1.093379560455704086e-01
-1.387859222750642829e-01
-1.690265323197156222e-01
-2.000168618632315043e-01
-2.317139865893191319e-01
-2.640749821816854581e-01
-2.970569243240379631e-01
-3.306168887000834888e-01
-3.647119509935292658e-01
-3.992991868880825246e-01
-4.343356720674502180e-01
-4.697784822153396322e-01
-5.055846930154578311e-01
-5.417113801515119897e-01
-5.781156193072091165e-01
-6.147544861662564974e-01
-6.515850564123614186e-01
-6.885644057292307219e-01
-7.256496098005714712e-01
-7.627977443100912858e-01
-7.999658849414967854e-01
-8.371111073784954781e-01
-8.741904873047944280e-01
-9.111611004041003659e-01
-9.479800223601210218e-01
-9.846043288565629048e-01
-1.020991095577133967e+00
-1.057097398205540717e+00
-1.092880312425490663e+00
-1.128296913920690425e+00
-1.163304278374847733e+00
-1.197859481471669207e+00
-1.231919598894862133e+00
-1.265441706328133797e+00
-1.298382879455191929e+00
-1.330700193959742261e+00
-1.362350725525493189e+00
-1.393291549836150889e+00
-1.423479742575423090e+00
-1.452872379427017302e+00
-1.481426536074639699e+00
-1.509099288201997791e+00
-1.535847711492798862e+00
-1.561628881630750199e+00
-1.586399874299558421e+00
-1.610117765182931704e+00
-1.632739629964575334e+00
-1.654222544328198596e+00
-1.674523583957507222e+00
-1.693599824536208720e+00
-1.711408341748009931e+00
-1.727906211276618587e+00
-1.743050508805741527e+00
-1.756798310019085818e+00
-1.769114716852716152e+00
-1.780014363624137674e+00
-1.789530761207327014e+00
-1.797697457634834572e+00
-1.804548000939211638e+00
-1.810115939153009279e+00
-1.814434820308778562e+00
-1.817538192439070777e+00
-1.819459603576436768e+00
-1.820232601753428492e+00
-1.819890735002596127e+00
-1.818467551356490741e+00
-1.815996598847664067e+00
-1.812511425508666285e+00
-1.808045579372049794e+00
-1.802632608470364328e+00
-1.796306060836162066e+00
-1.789099484501993409e+00
-1.781046427500409646e+00
-1.772180437863962066e+00
-1.762535063625201515e+00
-1.752143852816679725e+00
-1.741040353470947100e+00
-1.729258113620554704e+00
-1.716830681298054051e+00
-1.703791604535995763e+00
-1.690174431366931795e+00
-1.676012709823412328e+00
-1.661339935720330452e+00
-1.646185055409087550e+00
-1.630568999830514620e+00
-1.614511884024529831e+00
-1.598033823031051570e+00
-1.581154931889997561e+00
-1.563895325641286416e+00
-1.546275119324835412e+00
-1.528314427980563384e+00
-1.510033366648388498e+00
-1.491452050368228699e+00
-1.472590594180001711e+00
-1.453469113123626144e+00
-1.434107722239019722e+00
-1.414526536566101944e+00
-1.394745671144788535e+00
-1.374785241014999437e+00
-1.354665361216651931e+00
-1.334406146789665293e+00
-1.314027712773955914e+00
-1.293550174209443071e+00
-1.272993646136044710e+00
-1.252378243593678775e+00
-1.231724081622263434e+00
-1.211051275261717519e+00
-1.190379939551957644e+00
-1.169730189532902864e+00
-1.149122140244472012e+00
-1.128575906726581479e+00
-1.108110865070325080e+00
-1.087739131933528558e+00
-1.067468703595367163e+00
-1.047307529042288410e+00
-1.027263557260742033e+00
-1.007344737237177767e+00
-9.875590179580435723e-01
-9.679143484097895156e-01
-9.484186775788636670e-01
-9.290799544517154285e-01
-9.099061280147940911e-01
-8.909051472545488348e-01
-8.720849611574281735e-01
-8.534535187098812870e-01
-8.350187688983571332e-01
-8.167886607093051143e-01
-7.987711431291745212e-01
-7.809741651444135346e-01
-7.634056757414720007e-01
-7.460736239067984332e-01
-7.289859586268422342e-01
-7.121506288880521396e-01
-6.955755836768774403e-01
-6.792687719797668722e-01
-6.632381427831698373e-01
-6.474916450735355156e-01
-6.320372278373125319e-01
-6.168828400609498441e-01
-6.020364250363470227e-01
-5.875030332240617215e-01
-5.732801242496526894e-01
-5.593639277159052625e-01
-5.457506732256035553e-01
-5.324365903815331258e-01
-5.194179087864773114e-01
-5.066908580432213371e-01
-4.942516677545493176e-01
-4.820965675232464775e-01
-4.702217869520970428e-01
-4.586235556438853500e-01
-4.472981032013962910e-01
-4.362416592274143134e-01
-4.254504533247242537e-01
-4.149207150961101709e-01
-4.046486741443570123e-01
-3.946305600722490592e-01
-3.848626024825712033e-01
-3.753410309781079479e-01
-3.660620751616436852e-01
-3.570219646359629184e-01
-3.482169290038504283e-01
-3.396431978680908848e-01
-3.312970008314685688e-01
-3.231745674967682058e-01
-3.152721274667741880e-01
-3.075859103442715181e-01
-3.001121457320441999e-01
-2.928470440172543099e-01
-2.857864928246488523e-01
-2.789261119612319595e-01
-2.722615131274170874e-01
-2.657883080236168594e-01
-2.595021083502448422e-01
-2.533985258077138814e-01
-2.474731720964376269e-01
-2.417216589168288132e-01
-2.361395979693007019e-01
-2.307226009542667489e-01
-2.254662795721397717e-01
-2.203662455233332540e-01
-2.154181105082600689e-01
-2.106174862273336446e-01
-2.059599843809670205e-01
-2.014412166695734585e-01
-1.970567947935659980e-01
-1.928023304533579285e-01
-1.886734353493623451e-01
-1.846657211819925926e-01
-1.807747996516616273e-01
-1.769962824587826833e-01
-1.733257813037690220e-01
-1.697589078870337387e-01
-1.662912739089900671e-01
-1.629184910700511302e-01
-1.596361710706302450e-01
-1.564399256111403680e-01
-1.533257865211403725e-01
-1.502914661467718571e-01
-1.473350969633219210e-01
-1.444548114460777466e-01
-1.416487420703264888e-01
-1.389150213113553023e-01
-1.362517816444513419e-01
-1.336571555449017901e-01
-1.311292754879937184e-01
-1.286662739490143093e-01
-1.262662834032508008e-01
-1.239274363259902506e-01
-1.216478651925198551e-01
-1.194257024781267967e-01
-1.172590806580981887e-01
-1.151461322077212135e-01
-1.130849896022831091e-01
-1.110737853170708361e-01
-1.091106518273716741e-01
-1.071937216084727917e-01
-1.053211271356612883e-01
-1.034910008842243739e-01
-1.017014753294491897e-01
-9.995068294662284858e-02
-9.823675621103254707e-02
-9.655782759796549541e-02
-9.491202958270875123e-02
-9.329749464054951091e-02
-9.171237376295267307e-02
-9.015542966103332057e-02
-8.862616226409480991e-02
-8.712411539163962548e-02
-8.564883286317022393e-02
-8.419985849818913126e-02
-8.277673611619872085e-02
-8.137900953670146320e-02
-8.000622257919988434e-02
-7.865791906319639926e-02
-7.733364280819353398e-02
-7.603293763369370351e-02
-7.475534735919941998e-02
-7.350041580421311227e-02
-7.226768678823733416e-02
-7.105670413077447289e-02
-6.986701165132695734e-02
-6.869815316939731353e-02
-6.754967250448801197e-02
-6.642111347610150929e-02
-6.531201990374028987e-02
-6.422193560690681036e-02
-6.315040440510351349e-02
-6.209697011783298082e-02
-6.106117656459751630e-02
-6.004256756489965985e-02
-5.904068693824190972e-02
-5.805507850412667398e-02
-5.708528608205648558e-02
-5.613088016781236922e-02
-5.519159588439494224e-02
-5.426723109346001661e-02
-5.335758378016475928e-02
-5.246245192966621923e-02
-5.158163352712157729e-02
-5.071492655768795876e-02
-4.986212900652247509e-02
-4.902303885878226547e-02
-4.819745409962447602e-02
-4.738517271420619736e-02
-4.658599268768458257e-02
-4.579971200521681940e-02
-4.502612865195992214e-02
-4.426504061307106469e-02
-4.351624587370739317e-02
-4.277954241902601901e-02
-4.205472823418409528e-02
-4.134160130433872649e-02
-4.063995961464704487e-02
-3.994960115026618963e-02
-3.927032389635329995e-02
-3.860192583806546646e-02
-3.794420496055983527e-02
-3.729695924899353865e-02
-3.665998668852369496e-02
-3.603308526430746422e-02
-3.541605296150194399e-02
-3.480868803511263238e-02
-3.421081225068481335e-02
-3.362228879548921634e-02
-3.304298507317762063e-02
-3.247276848740168753e-02
-3.191150644181316165e-02
-3.135906634006371818e-02
-3.081531558580507743e-02
-3.028012158268893542e-02
-2.975335173436699510e-02
-2.923487344449099065e-02
-2.872455411671257647e-02
-2.822226115468349020e-02
-2.772786196205541745e-02
-2.724122394248008547e-02
-2.676221449960917292e-02
-2.629070103709440012e-02
-2.582655095858747002e-02
-2.536963166774009251e-02
-2.491981056820397056e-02
-2.447695506363079324e-02
-2.404093255767228085e-02
-2.361161045398012595e-02
-2.318885615620603149e-02
-2.277253706800171779e-02
-2.236252059301888084e-02
-2.195867413490922709e-02
-2.156086509732445256e-02
-2.116896088391628794e-02
-2.078283272621391647e-02
-2.040238946081519844e-02
-2.002756126856297669e-02
-1.965827857528426592e-02
-1.929447180680605306e-02
-1.893607138895535974e-02
-1.858300774755918330e-02
-1.823521130844451416e-02
-1.789261249743838433e-02
-1.755514174036776343e-02
-1.722272946305966612e-02
-1.689530609134109670e-02
-1.657280205103905946e-02
-1.625514776798056560e-02
-1.594227366799260207e-02
-1.563411017690218355e-02
-1.533058772053630912e-02
-1.503163672472199175e-02
-1.473718761528622183e-02
-1.444717081805599844e-02
-1.416151675885833454e-02
-1.388015586352023094e-02
-1.360301855786869019e-02
-1.333003526773071656e-02
-1.306113641893331435e-02
-1.279625243730349651e-02
-1.253531374866823957e-02
-1.227825077885456688e-02
-1.202499396860424487e-02
-1.177548133536616970e-02
-1.152967077798796626e-02
-1.128752341690925261e-02
-1.104900037256965374e-02
-1.081406276540879466e-02
-1.058267171586631077e-02
-1.035478834438180451e-02
-1.013037377139490956e-02
-9.909389117345249187e-03
-9.691795502672443177e-03
-9.477554047816125204e-03
-9.266625873215913328e-03
-9.058972099311427342e-03
-8.854553846542295714e-03
-8.653332235348148646e-03
-8.455268386168592054e-03
-8.260323419443261345e-03
-8.068458455611781516e-03
-7.879634615113768892e-03
-7.693813018388854542e-03
-7.510954785876656527e-03
-7.331021038016799843e-03
-7.153972895248914693e-03
-6.979771478012622606e-03
-6.808377906747539905e-03
-6.639753301893291590e-03
-6.473858783889505260e-03
-6.310655473175801576e-03
-6.150104490191809006e-03
-5.992166955377148212e-03
-5.836803989171441588e-03
-5.683976712014314134e-03
-5.533646244345397786e-03
-5.385773706604299327e-03
-5.240320219230652429e-03
-5.097246902664080356e-03
-4.956514877344205504e-03
-4.818085263710650268e-03
-4.681919182203041381e-03
-4.547977753261002107e-03
-4.416222097324160913e-03
-4.286613334832128919e-03
-4.159112586224537195e-03
-4.033680971941009004e-03
-3.910279612421167610e-03
-3.788869628104636275e-03
-3.669412139431040866e-03
-3.551868266840008115e-03
-3.436199130771146540e-03
-3.322365851664101088e-03
-3.210329549958474641e-03
-3.100051346093910844e-03
-2.991492360510013878e-03
-2.884613713646426957e-03
-2.779376525942762934e-03
-2.675741917838638136e-03
-2.573671009773692737e-03
