-3.310156050264255402e-04
1.858755290785547853e-02
3.571319278178635565e-02
5.101282080141628789e-02
6.445335375139539524e-02
7.600170841637381158e-02
8.562480158100156669e-02
9.328955002992883605e-02
9.896287054780567027e-02
1.026116799192822449e-01
1.042028949290086104e-01
1.037034323616348591e-01
1.010802090018111249e-01
9.630014163418751383e-02
8.933014704341414591e-02
8.013714201414100236e-02
6.868804333101834192e-02
5.494976777869624296e-02
3.888923214182474219e-02
2.047335320505390757e-02
-3.309522469659933086e-04
-2.355676742958493636e-02
-4.923717555815285141e-02
-7.740525984801963078e-02
-1.080941035145351475e-01
-1.413367897730492817e-01
-1.771664018389119688e-01
-2.156160229274732554e-01
-2.567187362540826467e-01
-3.005076250340904531e-01
-3.470157724828460966e-01
-3.962762618156999150e-01
-4.483221762480016359e-01
-5.031865989951010976e-01
-5.609026132723482494e-01
-6.215033022950932073e-01
-6.850217492786851992e-01
-7.514910374384750069e-01
-8.209442499898123025e-01
-8.934144701480464246e-01
-9.689347811285273782e-01
-1.047497169404351336e+00
-1.128929234479595145e+00
-1.213017479116081487e+00
-1.299548406075634155e+00
-1.388308518120075830e+00
-1.479084318011229415e+00
-1.571662308510918038e+00
-1.665828992380964602e+00
-1.761370872383192454e+00
-1.858074451279424055e+00
-1.955726231831483419e+00
-2.054112716801191230e+00
-2.153020408950373277e+00
-2.252235811040852020e+00
-2.351545425834447478e+00
-2.450735756092987661e+00
-2.549593304578290365e+00
-2.647904574052182269e+00
-2.745456067276485168e+00
-2.842034287013022187e+00
-2.937448875304412788e+00
-3.031602031316461332e+00
-3.124419093495770294e+00
-3.215825400288942593e+00
-3.305746290142577593e+00
-3.394107101503278212e+00
-3.480833172817645149e+00
-3.565849842532279990e+00
-3.649082449093786096e+00
-3.730456330948763721e+00
-3.809896826543814452e+00
-3.887329274325540318e+00
-3.962679012740542461e+00
-4.035871380235422912e+00
-4.106831715256784143e+00
-4.175485356251225966e+00
-4.241757641665351741e+00
-4.305573909945762168e+00
-4.366859499539057055e+00
-4.425539748891842429e+00
-4.481551848561304396e+00
-4.534880397546982245e+00
-4.585521846958998005e+00
-4.633472647907481701e+00
-4.678729251502555364e+00
-4.721288108854346355e+00
-4.761145671072978480e+00
-4.798298389268579101e+00
-4.832742714551272023e+00
-4.864475098031182831e+00
-4.893491990818437998e+00
-4.919789844023162217e+00
-4.943365108755480186e+00
-4.964214236125517488e+00
-4.982333677243399706e+00
-4.997719883219252424e+00
-5.010369305163202114e+00
-5.020278394185371695e+00
-5.027443601395889416e+00
-5.031861377904878196e+00
-5.033539425193739092e+00
-5.032530446228984822e+00
-5.028898394348393808e+00
-5.022707222889754242e+00
-5.014020885190848098e+00
-5.002903334589460016e+00
-4.989418524423377299e+00
-4.973630408030379257e+00
-4.955602938748254971e+00
-4.935400069914783749e+00
-4.913085754867754673e+00
-4.888723946944948828e+00
-4.862378599484150854e+00
-4.834113665823144501e+00
-4.803993099299716185e+00
-4.772080853251647881e+00
-4.738440881016726003e+00
-4.703137135932734303e+00
-4.666233571337453867e+00
-4.627794140568671999e+00
-4.587883856878685940e+00
-4.546571973177847781e+00
-4.503928802291015998e+00
-4.460024657043055285e+00
-4.414929850258828559e+00
-4.368714694763199624e+00
-4.321449503381032287e+00
-4.273204588937186799e+00
-4.224050264256528742e+00
-4.174056842163919256e+00
-4.123294635484224813e+00
-4.071833957042304775e+00
-4.019745119663024724e+00
-3.967098436171244025e+00
-3.913964219391830923e+00
-3.860412782149643895e+00
-3.806514437269548079e+00
-3.752339497576406391e+00
-3.697958275895082192e+00
-3.643441085050438843e+00
-3.588852983714698741e+00
-3.534238013949532409e+00
-3.479634963663969849e+00
-3.425082620767041952e+00
-3.370619773167777389e+00
-3.316285208775207494e+00
-3.262117715498362713e+00
-3.208156081246274383e+00
-3.154439093927969395e+00
-3.101005541452480863e+00
-3.047894211728838787e+00
-2.995143892666071839e+00
-2.942793372173214017e+00
-2.890881438159291328e+00
-2.839446878533335994e+00
-2.788528481204378462e+00
-2.738165034081449178e+00
-2.688395325073577702e+00
-2.639258142089794035e+00
-2.590792273039129068e+00
-2.543030645270324186e+00
-2.495982743890965860e+00
-2.449652193448347504e+00
-2.404042618489767857e+00
-2.359157643562522111e+00
-2.315000893213906341e+00
-2.271575991991217958e+00
-2.228886564441752149e+00
-2.186936235112804994e+00
-2.145728628551674788e+00
-2.105267369305656278e+00
-2.065556081922045095e+00
-2.026598390948138650e+00
-1.988397920931233243e+00
-1.950958296418625393e+00
-1.914283141957610068e+00
-1.878376082095483568e+00
-1.843240741379544190e+00
-1.808880744357087345e+00
-1.775299715575408666e+00
-1.742498425743467472e+00
-1.710466230216877381e+00
-1.679189630512913922e+00
-1.648655128148854843e+00
-1.618849224641973228e+00
-1.589758421509546826e+00
-1.561369220268851166e+00
-1.533668122437163772e+00
-1.506641629531758397e+00
-1.480276243069912123e+00
-1.454558464568901144e+00
-1.429474795546001653e+00
-1.405011737518489179e+00
-1.381155792003639693e+00
-1.357893460518729389e+00
-1.335211244581034684e+00
-1.313095645707831327e+00
-1.291533165416394846e+00
-1.270510305224003433e+00
-1.250013566647930174e+00
-1.230029507379289067e+00
-1.210544909804540659e+00
-1.191546612483981082e+00
-1.173021453977907802e+00
-1.154956272846617393e+00
-1.137337907650407320e+00
-1.120153196949573715e+00
-1.103388979304414264e+00
-1.087032093275224875e+00
-1.071069377422302571e+00
-1.055487670305945036e+00
-1.040273810486448181e+00
-1.025414636524109468e+00
-1.010896986979225476e+00
-9.967077004120937778e-01
-9.828336153830103950e-01
-9.692615704522731246e-01
-9.559784041801776544e-01
-9.429709551270215595e-01
-9.302260618531015268e-01
-9.177316413394985828e-01
-9.054799242504301127e-01
-8.934642196708961759e-01
-8.816778366858980531e-01
-8.701140843804370251e-01
-8.587662718395142614e-01
-8.476277081481299325e-01
-8.366917023912853191e-01
-8.259515636539817018e-01
-8.154006010212194733e-01
-8.050321235779999141e-01
-7.948394404093243049e-01
-7.848158606001928161e-01
-7.749546932356077278e-01
-7.652492474005685441e-01
-7.556928321800768789e-01
-7.462787566591339017e-01
-7.370003299227398941e-01
-7.278508610558964698e-01
-7.188236591436042433e-01
-7.099127666964301087e-01
-7.011151599272027468e-01
-6.924285484743167851e-01
-6.838506419761662958e-01
-6.753791500711460172e-01
-6.670117823976502436e-01
-6.587462485940740464e-01
-6.505802582988111649e-01
-6.425115211502564483e-01
-6.345377467868043020e-01
-6.266566448468494643e-01
-6.188659249687863406e-01
-6.111632967910092251e-01
-6.035464699519119680e-01
-5.960131540898904179e-01
-5.885610588433379808e-01
-5.811878938506496173e-01
-5.738913687502197325e-01
-5.666691931804426208e-01
-5.595190767797131315e-01
-5.524389635455075886e-01
-5.454277349116292140e-01
-5.384845066709641470e-01
-5.316083946163976393e-01
-5.247985145408157193e-01
-5.180539822371040826e-01
-5.113739134981479806e-01
-5.047574241168332199e-01
-4.982036298860456625e-01
-4.917116465986708929e-01
-4.852805900475942735e-01
-4.789095760257016110e-01
-4.725977203258783788e-01
-4.663441387410105499e-01
-4.601479470639835423e-01
-4.540082610876831071e-01
-4.479241966049948287e-01
-4.418948694088044027e-01
-4.359193952919976911e-01
-4.299968900474598343e-01
-4.241265009744687453e-01
-4.183075013978712064e-01
-4.125391961489054959e-01
-4.068208900588104471e-01
-4.011518879588245601e-01
-3.955314946801865017e-01
-3.899590150541350497e-01
-3.844337539119084268e-01
-3.789550160847456328e-01
-3.735221064038848349e-01
-3.681343297005649773e-01
-3.627909908060247823e-01
-3.574913945515024727e-01
-3.522348457682369927e-01
-3.470206492874667870e-01
-3.418481099404308554e-01
-3.367165325583671986e-01
-3.316252219725146499e-01
-3.265734830141119316e-01
-3.215606205143976548e-01
-3.165859383118067583e-01
-3.116487362735598787e-01
-3.067483132740740359e-01
-3.018839681877661385e-01
-2.970549998890535948e-01
-2.922607072523528138e-01
-2.875003891520811483e-01
-2.827733444626554515e-01
-2.780788720584928542e-01
-2.734162708140102649e-01
-2.687848396036248144e-01
-2.641838773017534669e-01
-2.596126827828130756e-01
-2.550705549212209933e-01
-2.505567925913939065e-01
-2.460706946677488349e-01
-2.416115600247028816e-01
-2.371786875366728720e-01
-2.327713760780761587e-01
-2.283889245233295395e-01
-2.240306458497060837e-01
-2.196959094459032258e-01
-2.153840988034746995e-01
-2.110945974139735726e-01
-2.068267887689535234e-01
-2.025800563599682025e-01
-1.983537836785708164e-01
-1.941473542163150434e-01
-1.899601514647543399e-01
-1.857915589154422176e-01
-1.816409600599322438e-01
-1.775077383897779026e-01
-1.733912773965324838e-01
-1.692909605717495825e-01
-1.652061714069827658e-01
-1.611362933937854625e-01
-1.570807100237112397e-01
-1.530388047883135261e-01
-1.490099611791458056e-01
-1.449935626877617845e-01
-1.409890776447400296e-01
-1.369963137367612438e-01
-1.330151634895312962e-01
-1.290455194287561946e-01
-1.250872740801418082e-01
-1.211403199693941446e-01
-1.172045496222190175e-01
-1.132798555643225180e-01
-1.093661303214105845e-01
-1.054632664191889752e-01
-1.015711563833636560e-01
-9.768969273964060729e-02
-9.381876801372578123e-02
-8.995827473132508856e-02
-8.610810541814448160e-02
-8.226815259988987106e-02
-7.843830880226720925e-02
-7.461846655098258729e-02
-7.080851837174158281e-02
-6.700835679025034242e-02
-6.321811722575217118e-02
-5.943890667164016678e-02
-5.567207501484480736e-02
-5.191897214229655722e-02
-4.818094794092591532e-02
-4.445935229766336677e-02
-4.075553509943952851e-02
-3.707084623318458727e-02
-3.340663558582918774e-02
-2.976425304430380461e-02
-2.614504849553892993e-02
-2.255037182646502103e-02
-1.898157292401258384e-02
-1.544000167511210865e-02
-1.192700796669404761e-02
-8.443941685689069707e-03
-4.992152719027334769e-03
-1.572990953639485543e-03
1.812193723544007181e-03
5.162051425592653099e-03
8.475232265575959739e-03
1.175038635656345740e-02
1.498616381162465316e-02
1.818121474382894051e-02
2.133418926624609455e-02
2.444373749194550874e-02
2.750850953399668758e-02
3.052715550546915985e-02
3.349832551943243003e-02
3.642066968895602691e-02
3.929283812710934048e-02
4.211348094696226035e-02
4.488124826158379488e-02
4.759479018404397244e-02
5.025275682741181527e-02
5.285379830475730317e-02
5.539656472914953472e-02
5.787970621365819829e-02
6.030187287135307245e-02
6.266171481530322107e-02
