-3.310156050264255402e-04
-2.958257605430856976e-04
-2.640749515397180515e-04
-2.356630819531245946e-04
-2.104900557201081054e-04
-1.884557767774705766e-04
-1.694601490620148952e-04
-1.534030765105431351e-04
-1.401844630598578852e-04
-1.297042126467614362e-04
-1.218622292080563907e-04
-1.165584166805449986e-04
-1.136926790010295778e-04
-1.131649201063127986e-04
-1.148750439331969111e-04
-1.187229544184844091e-04
-1.246085554989776649e-04
-1.324317511114791318e-04
-1.420924451927911276e-04
-1.534905416797161871e-04
-1.665259445090566280e-04
-1.810985576176149308e-04
-1.971082849421933593e-04
-2.144550304195945022e-04
-2.330386979866208401e-04
-2.527591915800745282e-04
-2.735164151367582095e-04
-2.952102725934742833e-04
-3.177406678870249861e-04
-3.410075049542127712e-04
-3.649106877318402547e-04
-3.893501201567095104e-04
-4.142257061656234255e-04
-4.394373496953839111e-04
-4.648849546827938002e-04
-4.904684250646552208e-04
-5.160876647777704095e-04
-5.416425777589425243e-04
-5.670330679449734224e-04
-5.921590392726652861e-04
-6.169203956788211650e-04
-6.412170411002430246e-04
-6.649488794737332641e-04
-6.880158147360947163e-04
-7.103177508241295636e-04
-7.317545916746397714e-04
-7.522262412244283894e-04
-7.716326034102977084e-04
-7.898735821690500191e-04
-8.068490814374878290e-04
-8.224590051524129954e-04
-8.366032572506290014e-04
-8.491817416689373789e-04
-8.600943623441409608e-04
-8.692410232130418210e-04
-8.765216282124429006e-04
-8.818360812791459485e-04
-8.850842863499539057e-04
-8.861860350932369802e-04
-8.851838522615295768e-04
-8.821670356056841985e-04
-8.772249749493833942e-04
-8.704470601163104716e-04
-8.619226809301484132e-04
-8.517412272145802018e-04
-8.399920887932887112e-04
-8.267646554899576831e-04
-8.121483171282693411e-04
-7.962324635319075351e-04
-7.791064845245545970e-04
-7.608597699298939431e-04
-7.415817095716083392e-04
-7.213616932733810929e-04
-7.002891108588951870e-04
-6.784533521518336038e-04
-6.559438069758792176e-04
-6.328498651547152277e-04
-6.092609165120252673e-04
-5.852663508714914514e-04
-5.609555580567975215e-04
-5.364179278916260266e-04
-5.117428501996603828e-04
-4.870197148045831391e-04
-4.623379115300779827e-04
-4.377868301998274082e-04
-4.134558606375149945e-04
-3.894339912355453148e-04
-3.657752356862419398e-04
-3.424719879807794983e-04
-3.195103697466156580e-04
-2.968765026112090083e-04
-2.745565082020173255e-04
-2.525365081464988736e-04
-2.308026240721117812e-04
-2.093409776063142583e-04
-1.881376903765643520e-04
-1.671788840103202722e-04
-1.464506801350399308e-04
-1.259392003781817002e-04
-1.056305663672035870e-04
-8.551089972956430266e-05
-6.556632209272104050e-05
-4.578295508413239670e-05
-2.614692033125644226e-05
-6.644339461551808039e-06
1.273866589752422188e-05
3.201597411851309793e-05
5.120146357395667376e-05
7.030901263639691395e-05
8.935249967837508684e-05
1.083458030724340396e-04
1.273028011911151152e-04
1.462373724069602392e-04
1.651633950925108358e-04
1.840947476203095895e-04
2.030437343396820536e-04
2.220071963958804382e-04
2.409731981807046062e-04
2.599297033484695789e-04
2.788646755534893206e-04
2.977660784500783917e-04
3.166218756925505938e-04
3.354200309352203249e-04
3.541485078324024707e-04
3.727952700384109955e-04
3.913482812075604056e-04
4.097955049941643399e-04
4.281249050525380638e-04
4.463244450369955956e-04
4.643820886018509538e-04
4.822857994014187531e-04
5.000235410900127951e-04
5.175832773219482368e-04
5.349529717515390422e-04
5.521205880330995550e-04
5.690740898209436854e-04
5.858014407693862106e-04
6.022906045327414745e-04
6.185295447653237121e-04
6.345062251214472673e-04
6.502086092554259416e-04
6.656246608215749460e-04
6.807423434742079739e-04
6.955496273490599122e-04
7.100377751432896756e-04
7.242066892870869599e-04
7.380576721973890848e-04
7.515920262911327194e-04
7.648110539852551832e-04
7.777160576966935792e-04
7.903083398423851186e-04
8.025892028392662535e-04
8.145599491042750627e-04
8.262218810543478899e-04
8.375763011064218380e-04
8.486245116774346602e-04
8.593678151843228089e-04
8.698075140440236037e-04
8.799449106734743642e-04
8.897813074896119764e-04
8.993180069093732179e-04
9.085563113496957334e-04
9.174975232275160838e-04
9.261429449597719139e-04
9.344938789633998929e-04
9.425516276553374487e-04
9.503174934525209254e-04
9.577927787718885097e-04
9.649787860303769794e-04
9.718768176449227867e-04
9.784881760324635764e-04
9.848141636099364514e-04
9.908562206474430534e-04
9.966181029174609081e-04
1.002105487520951440e-03
1.007324109715679230e-03
1.012279704759409078e-03
1.016978007909905349e-03
1.021424754424933275e-03
1.025625679562257439e-03
1.029586518579642639e-03
1.033313006734853674e-03
1.036810879285655126e-03
1.040085871489811794e-03
1.043143718605088911e-03
1.045990155889250407e-03
1.048630918600062167e-03
1.051071741995287905e-03
1.053318361332692635e-03
1.055376511870041159e-03
1.057251928865098924e-03
1.058950347575629645e-03
1.060477503259398989e-03
1.061839131174170670e-03
1.063040966577710788e-03
1.064088744727783057e-03
1.064988200882152495e-03
1.065745070298583898e-03
1.066365088234842284e-03
1.066853989948691800e-03
1.067217510697898329e-03
1.067460675319631923e-03
1.067585666968691232e-03
1.067593958379279943e-03
1.067487022285602827e-03
1.067266331421864219e-03
1.066933358522268241e-03
1.066489576321019228e-03
1.065936457552321302e-03
1.065275474950379449e-03
1.064508101249397138e-03
1.063635809183579358e-03
1.062660071487130228e-03
1.061582360894253651e-03
1.060404150139154832e-03
1.059126911956037240e-03
1.057752119079105645e-03
1.056281244242564385e-03
1.054715760180617362e-03
1.053057139627469130e-03
1.051306855317324894e-03
1.049466379984387472e-03
1.047537186362861852e-03
1.045520747186952587e-03
1.043418535190863581e-03
1.041232023108799604e-03
1.038962683674964560e-03
1.036611989623562784e-03
1.034181413688799265e-03
1.031672417108260879e-03
1.029086081305389524e-03
1.026423029967966742e-03
1.023683859532537217e-03
1.020869166435643032e-03
1.017979547113828003e-03
1.015015598003635514e-03
1.011977915541608297e-03
1.008867096164290387e-03
1.005683736308223865e-03
1.002428432409953416e-03
9.991017809060217733e-04
9.957043782329716691e-04
9.922368208273469204e-04
9.886997051256911275e-04
9.850936275645474569e-04
9.814191845804579907e-04
9.776769726099669797e-04
9.738675880896181325e-04
9.699916274559540735e-04
9.660496871455180774e-04
9.620423635948535277e-04
9.579702532405040246e-04
9.538339525190126260e-04
9.496340578669221731e-04
9.453711657207763746e-04
9.410458725171188307e-04
9.366587746924920571e-04
9.322104686834399795e-04
9.277017755122947493e-04
9.231349021868397089e-04
9.185125839073624747e-04
9.138375569138996795e-04
9.091125574464875223e-04
9.043403217451630692e-04
8.995235860499633867e-04
8.946650866009243485e-04
8.897675596380831293e-04
8.848337414014762533e-04
8.798663681311400279e-04
8.748681760671114110e-04
8.698419014494277943e-04
8.647902805181247260e-04
8.597160495132392726e-04
8.546219446748081752e-04
8.495107022428676326e-04
8.443850584574553618e-04
8.392477495586070195e-04
8.341015117863594553e-04
8.289490813807498439e-04
8.237931945818144927e-04
8.186365876295898176e-04
8.134819967641128847e-04
8.083321582254201099e-04
8.031898082535481260e-04
7.980576830885338906e-04
7.929385189704137114e-04
7.878350409105970347e-04
7.827489956263251935e-04
7.776804062405227695e-04
7.726291204288113917e-04
7.675949858668110626e-04
7.625778502301437363e-04
7.575775611944296321e-04
7.525939664352901621e-04
7.476269136283460875e-04
7.426762504492180617e-04
7.377418245735279300e-04
7.328234836768956952e-04
7.279210754349426608e-04
7.230344475232896966e-04
7.181634476175581061e-04
7.133079233933682173e-04
7.084677225263414421e-04
7.036426926920985418e-04
6.988326815662608202e-04
6.940375368244487133e-04
6.892571061422833080e-04
6.844912371953859077e-04
6.797397776593768403e-04
6.750025752098775178e-04
6.702794775225088099e-04
6.655703322728914783e-04
6.608749871366467179e-04
6.561932897893951819e-04
6.515250879067584992e-04
6.468702185525775300e-04
6.422284145405758073e-04
6.375993495131946232e-04
6.329826964337224643e-04
6.283781282654475999e-04
6.237853179716580827e-04
6.192039385156418571e-04
6.146336628606869756e-04
6.100741639700820330e-04
6.055251148071146483e-04
6.009861883350730910e-04
5.964570575172455221e-04
5.919373953169198860e-04
5.874268746973847774e-04
5.829251686219274900e-04
5.784319500538370523e-04
5.739468919564009747e-04
5.694696672929076353e-04
5.649999490266450868e-04
5.605374101209011648e-04
5.560817235389644642e-04
5.516325622441228208e-04
5.471895991996643957e-04
5.427525073688773500e-04
5.383209597150497364e-04
5.338946292014698242e-04
5.294731887914255579e-04
5.250563114482052068e-04
5.206436707734166244e-04
5.162352646354120876e-04
5.118319417835825698e-04
5.074346888445169842e-04
5.030444924448042440e-04
4.986623392110339130e-04
4.942892157697946877e-04
4.899261087476754813e-04
4.855740047712656950e-04
4.812338904671541878e-04
4.769067524619299272e-04
4.725935773821820433e-04
4.682953518544997746e-04
4.640130625054719802e-04
4.597476959616877360e-04
4.555002388497363347e-04
4.512716777962065269e-04
4.470629994276872259e-04
4.428751903707678328e-04
4.387092372520373152e-04
4.345661266980845863e-04
4.304468453354989388e-04
4.263523797908691233e-04
4.222837166907844868e-04
4.182418426618340511e-04
4.142277443306066208e-04
4.102424083236913262e-04
4.062868212676772972e-04
4.023619697891536642e-04
3.984688405147092860e-04
3.946084200709335638e-04
3.907816950844150315e-04
3.869896521817430901e-04
3.832332779895069241e-04
3.795135591342951756e-04
3.758314822426971373e-04
3.721880339413018309e-04
3.685842008566983324e-04
3.650209696154755007e-04
3.614993268442227912e-04
3.580202591695289547e-04
3.545847532179832295e-04
3.511937956161744205e-04
3.478483729906916579e-04
3.445494719681240175e-04
3.412980791750606837e-04
3.380951812380905155e-04
3.349417647838027513e-04
3.318388164387864130e-04
3.287873228296301969e-04
3.257882705829237210e-04
3.228426463252555734e-04
3.199514366832152093e-04
3.171156282833912168e-04
3.143362077523731055e-04
3.116141617167497344e-04
3.089504768031099084e-04
3.063461396380431911e-04
