-3.310156050264255402e-04
-3.283002885624744364e-04
-3.254655657015039123e-04
-3.225139230993802125e-04
-3.194478474119703945e-04
-3.162698252951408112e-04
-3.129823434047584118e-04
-3.095878883966895491e-04
-3.060889469268011725e-04
-3.024880056509594178e-04
-2.987875512250314511e-04
-2.949900703048837338e-04
-2.910980495463829439e-04
-2.871139756053955969e-04
-2.830403351377884253e-04
-2.788796147994282155e-04
-2.746343012461813205e-04
-2.703068811339146894e-04
-2.658998411184947293e-04
-2.614156678557882267e-04
-2.568568480016617515e-04
-2.522258682119820901e-04
-2.475252151426157038e-04
-2.427573754494293521e-04
-2.379248357882896860e-04
-2.330300828150633024e-04
-2.280756031856168251e-04
-2.230638835558169323e-04
-2.179974105815303022e-04
-2.128786709186235315e-04
-2.077101512229634068e-04
-2.024943381504163624e-04
-1.972337183568491305e-04
-1.919307784981284435e-04
-1.865880052301207897e-04
-1.812078852086930101e-04
-1.757929050897115658e-04
-1.703455515290432435e-04
-1.648683111825545585e-04
-1.593636707061123247e-04
-1.538341167555830032e-04
-1.482821359868333807e-04
-1.427102150557300539e-04
-1.371208406181397010e-04
-1.315164993299288375e-04
-1.258996778469642771e-04
-1.202728628251126030e-04
-1.146385409202404799e-04
-1.089991987882145045e-04
-1.033573230849013414e-04
-9.771540046616770936e-05
-9.207591758788015110e-05
-8.644136110590537180e-05
-8.081421767610996829e-05
-7.519697395436059160e-05
-6.959211659652404184e-05
-6.400213225846676675e-05
-5.842950759605555289e-05
-5.287672926515689544e-05
-4.734628392163762838e-05
-4.184065822136422656e-05
-3.636233882020346300e-05
-3.091381237402191417e-05
-2.549756553868626839e-05
-2.011608497006309537e-05
-1.477185732401911728e-05
-9.467369256420997027e-06
-4.205107423135311093e-06
1.012441519971224478e-06
6.182790917032046957e-06
1.130345411218039329e-05
1.637194444954974184e-05
2.138577527327333315e-05
2.634246830330563542e-05
3.124036298790432755e-05
3.607929122254564255e-05
4.085924373308937149e-05
4.558021124539525466e-05
5.024218448532321527e-05
5.484515417873295971e-05
5.938911105148444509e-05
6.387404582943731002e-05
6.829994923845155905e-05
7.266681200438685113e-05
7.697462485310312304e-05
8.122337851046009471e-05
8.541306370231767581e-05
8.954367115453559984e-05
9.361519159297366805e-05
9.762761574349181721e-05
1.015809343319497673e-04
1.054751380842073601e-04
1.093102177261243564e-04
1.130861639835606657e-04
1.168029675823760351e-04
1.204606192484303608e-04
1.240591097075833356e-04
1.275984296856948826e-04
1.310785699086247896e-04
1.344995211022328714e-04
1.378612739923789157e-04
1.411638193049227102e-04
1.444071477657242052e-04
1.475912501006431071e-04
1.507161170355391495e-04
1.537817392962723638e-04
1.567881076087024837e-04
1.597352126986892155e-04
1.626230452920925367e-04
1.654515961147720452e-04
1.682209099409338123e-04
1.709313158931316740e-04
1.735832362732681435e-04
1.761770934372938898e-04
1.787133097411600156e-04
1.811923075408170816e-04
1.836145091922160278e-04
1.859803370513075503e-04
1.882902134740426436e-04
1.905445608163720036e-04
1.927438014342464892e-04
1.948883576836168236e-04
1.969786519204338928e-04
1.990151065006485825e-04
2.009981437802115889e-04
2.029281861150737166e-04
2.048056558611858243e-04
2.066309753744987980e-04
2.084045670109633608e-04
2.101268531265303716e-04
2.117982560771505807e-04
2.134191982187748468e-04
2.149901019073539746e-04
2.165113894988388498e-04
2.179834833491801145e-04
2.194068058143287087e-04
2.207817792502355183e-04
2.221088260128512395e-04
2.233883684581267038e-04
2.246208289420126617e-04
2.258066298204600803e-04
2.269461934494196287e-04
2.280399421848423012e-04
2.290882983826786584e-04
2.300916843988796675e-04
2.310505225893961872e-04
2.319652356383560151e-04
2.328362523816875074e-04
2.336640071188595021e-04
2.344489343392577667e-04
2.351914685322684215e-04
2.358920441872773153e-04
2.365510957936705412e-04
2.371690578408338940e-04
2.377463648181535208e-04
2.382834512150151893e-04
2.387807515208051009e-04
2.392387002249091047e-04
2.396577318167130767e-04
2.400382807856031640e-04
2.403807816209652158e-04
2.406856688121851624e-04
2.409533768486490696e-04
2.411843402197428677e-04
2.413789934148525141e-04
2.415377709233640206e-04
2.416611072346631819e-04
2.417494368381361994e-04
2.418031942231688679e-04
2.418228138791471990e-04
2.418087302954572315e-04
2.417613779614848687e-04
2.416811913666160679e-04
2.415686050002368950e-04
2.414240533517330093e-04
2.412479709104907476e-04
2.410407921658959320e-04
2.408029516073344656e-04
2.405348837241923872e-04
2.402370230058557083e-04
2.399098039417102510e-04
2.395536610211420540e-04
2.391690289377915212e-04
2.387563976616510471e-04
2.383163869663956942e-04
2.378496352383848626e-04
2.373567808639773832e-04
2.368384622295324933e-04
2.362953177214092949e-04
2.357279857259668898e-04
2.351371046295644071e-04
2.345233128185608945e-04
2.338872486793156164e-04
2.332295505981874580e-04
2.325508569615356567e-04
2.318518061557194227e-04
2.311330365670975328e-04
2.303951865820295496e-04
2.296388945868742227e-04
2.288647989679908708e-04
2.280735381117384602e-04
2.272657504044762013e-04
2.264420742325631689e-04
2.256031479823584107e-04
2.247496100402211370e-04
2.238820987925104768e-04
2.230012526255854236e-04
2.221077099258051877e-04
2.212021090795288168e-04
2.202850884731154398e-04
2.193572864929242401e-04
2.184193415253141569e-04
2.174718919566444276e-04
2.165155761732741812e-04
2.155510325615624654e-04
2.145788995078683279e-04
2.135998153985511417e-04
2.126144186199697647e-04
2.116233475584833258e-04
2.106271948118797232e-04
2.096262336513401666e-04
2.086206013641545367e-04
2.076104347351317362e-04
2.065958705490807221e-04
2.055770455908105868e-04
2.045540966451301788e-04
2.035271604968485364e-04
2.024963739307746166e-04
2.014618737317173491e-04
2.004237966844856910e-04
1.993822795738887346e-04
1.983374591847354370e-04
1.972894723018345925e-04
1.962384557099953206e-04
1.951845461940266324e-04
1.941278805387373495e-04
1.930685955289365100e-04
1.920068279494331251e-04
1.909427145850361247e-04
1.898763922205544928e-04
1.888079976407972134e-04
1.877376676305732436e-04
1.866655389746915672e-04
1.855917484579611685e-04
1.845164328651909230e-04
1.834397289811899232e-04
1.823617735907670989e-04
1.812827034787313800e-04
1.802026554298918047e-04
1.791217662290572486e-04
1.780401726610367501e-04
1.769580115106392931e-04
1.758754195626738889e-04
1.747925336019494130e-04
1.737094904132748495e-04
1.726264250792632353e-04
1.715434237137550754e-04
1.704605172930599678e-04
1.693777338520932032e-04
1.682951014257699372e-04
1.672126480490051896e-04
1.661304017567143869e-04
1.650483905838123050e-04
1.639666425652144518e-04
1.628851857358358740e-04
1.618040481305917273e-04
1.607232577843971399e-04
1.596428427321673214e-04
1.585628310088174544e-04
1.574832506492626670e-04
1.564041296884181691e-04
1.553254961611990346e-04
1.542473781025204731e-04
1.531698035472976130e-04
1.520928005304457182e-04
1.510163970868798355e-04
1.499406212515152559e-04
1.488655010592670265e-04
1.477910645450503297e-04
1.467173397437804023e-04
1.456443546903723183e-04
1.445721374197412874e-04
1.435007159668024650e-04
1.424301183664709793e-04
1.413603726536620401e-04
1.402915068632907755e-04
1.392235490302724495e-04
1.381565271895221362e-04
1.370904693759549637e-04
1.360254036244861419e-04
1.349613579700308531e-04
1.338983604604660795e-04
1.328364614899280320e-04
1.317757796449366549e-04
1.307164464738789860e-04
1.296585935251422261e-04
1.286023523471136029e-04
1.275478544881801274e-04
1.264952314967290002e-04
1.254446149211473408e-04
1.243961363098223497e-04
1.233499272111411192e-04
1.223061191734908229e-04
1.212648437452585801e-04
1.202262324748315780e-04
1.191904169105970036e-04
1.181575286009418137e-04
1.171276990942533445e-04
1.161010599389187018e-04
1.150777426833249372e-04
1.140578788758592785e-04
1.130416000649088720e-04
1.120290377988608372e-04
1.110203236261023612e-04
1.100155890950205634e-04
1.090149657540025765e-04
1.080185851514355201e-04
1.070265788357065948e-04
1.060390783552029063e-04
1.050562152583115876e-04
1.040781210934198665e-04
1.031049274089148351e-04
1.021367657531836129e-04
1.011737676746134277e-04
1.002160647215912903e-04
9.926378844250448275e-05
9.831707038574005666e-05
9.737604209968523977e-05
9.644082468897171255e-05
9.551144112364725453e-05
9.458786060473788526e-05
9.367005178252454651e-05
9.275798330728845110e-05
9.185162382931047302e-05
9.095094199887179798e-05
9.005590646625346262e-05
8.916648588173650355e-05
8.828264889560201163e-05
8.740436415813099638e-05
8.653160031960458929e-05
8.566432603030381344e-05
8.480250994050970547e-05
8.394612070050338332e-05
8.309512696056582941e-05
8.224949737097814813e-05
8.140920058202141677e-05
8.057420524397665841e-05
7.974448000712495033e-05
7.891999352174735628e-05
7.810071443812498064e-05
7.728661140653876518e-05
7.647765307726982784e-05
7.567380810059925946e-05
7.487504512680811023e-05
7.408133280617741677e-05
7.329263978898824282e-05
7.250893472552166568e-05
7.173018626605872196e-05
7.095636306088051607e-05
7.018743376026805752e-05
6.942336701450242361e-05
6.866413147386466452e-05
6.790969578863585753e-05
6.716002860909702572e-05
6.641509858552930060e-05
6.567487436821366458e-05
6.493932460743120851e-05
6.420841795346305032e-05
6.348212305659015888e-05
6.276040856709362505e-05
6.204324313525449899e-05
6.133059541135387155e-05
6.062243404567278614e-05
5.991872768849229293e-05
5.921944499009346922e-05
5.852455460075735164e-05
5.783402517076505136e-05
5.714782535039755756e-05
5.646592378993598143e-05
5.578828913966134604e-05
5.511489004985472190e-05
5.444569517079719985e-05
5.378067315276980297e-05
5.311979264605360855e-05
5.246302230092968709e-05
5.181033076767906168e-05
5.116168669658282316e-05
5.051705873792202171e-05
4.987641554197770074e-05
4.923972575903094430e-05
4.860695803936280937e-05
4.797808103325437322e-05
4.735306339098660473e-05
4.673187376284071670e-05
4.611448079909761025e-05
4.550085315003846430e-05
4.489095946594424773e-05
4.428476839709611913e-05
4.368224859377508126e-05
4.308336870626213686e-05
4.248809738483846487e-05
