-3.310156050264255402e-04
-7.347929665003154545e-03
-1.969246775013232947e-02
-3.720324119334814800e-02
-5.971886132758485316e-02
-8.707793948577663423e-02
-1.191190870008576874e-01
-1.556809152057622714e-01
-1.966020354334245546e-01
-2.417210590167787887e-01
-2.908765972887591422e-01
-3.439072615822998391e-01
-4.006516632303351866e-01
-4.609484135657992976e-01
-5.246361239216265071e-01
-5.915534056307507615e-01
-6.615388700261064514e-01
-7.344311284406277451e-01
-8.100687922072487002e-01
-8.882904726589041511e-01
-9.689347811285276002e-01
-1.051840328949053438e+00
-1.136845727453416277e+00
-1.223789587974550175e+00
-1.312510521845388523e+00
-1.402847140398866266e+00
-1.494638054967918128e+00
-1.587721876885477945e+00
-1.681937217484479108e+00
-1.777122688097856340e+00
-1.873116900058544587e+00
-1.969758464699477019e+00
-2.066885993353588802e+00
-2.164338097353811996e+00
-2.261953388033083989e+00
-2.359570476724337507e+00
-2.457027974760505273e+00
-2.554164493474524456e+00
-2.650818644199327778e+00
-2.746829038267848855e+00
-2.842034287013021743e+00
-2.936285129211802847e+00
-3.029480813417223306e+00
-3.121532715626337939e+00
-3.212352211836202898e+00
-3.301850678043869447e+00
-3.389939490246391962e+00
-3.476530024440826150e+00
-3.561533656624222832e+00
-3.644861762793639492e+00
-3.726425718946126953e+00
-3.806136901078741808e+00
-3.883906685188535768e+00
-3.959646447272564096e+00
-4.033267563327880723e+00
-4.104681409351537802e+00
-4.173799361340591929e+00
-4.240532795292095258e+00
-4.304793087203102608e+00
-4.366491613070666133e+00
-4.425539748891842429e+00
-4.481863673387043612e+00
-4.535448776170112772e+00
-4.586295249578258293e+00
-4.634403285948686779e+00
-4.679773077618598620e+00
-4.722404816925200421e+00
-4.762298696205697013e+00
-4.799454907797295000e+00
-4.833873644037196549e+00
-4.865555097262610040e+00
-4.894499459810737640e+00
-4.920706924018784179e+00
-4.944177682223956261e+00
-4.964911926763458716e+00
-4.982909849974496375e+00
-4.998171644194273178e+00
-5.010697501759994843e+00
-5.020487615008867088e+00
-5.027542176278092079e+00
-5.031861377904878196e+00
-5.033455871983396612e+00
-5.032378149635693632e+00
-5.028691161740781013e+00
-5.022457859177674955e+00
-5.013741192825388104e+00
-5.002604113562934884e+00
-4.989109572269326165e+00
-4.973320519823579922e+00
-4.955299907104706136e+00
-4.935110684991720120e+00
-4.912815804363634520e+00
-4.888478216099465534e+00
-4.862160871078223146e+00
-4.833926720178925329e+00
-4.803838714280580291e+00
-4.771959804262204230e+00
-4.738352941002813346e+00
-4.703081075381418508e+00
-4.666207158277033251e+00
-4.627794140568673775e+00
-4.587906244894325525e+00
-4.546612780927880237e+00
-4.503984330102206002e+00
-4.460091473850167354e+00
-4.415004793604627942e+00
-4.368794870798454966e+00
-4.321532286864515626e+00
-4.273287623235673571e+00
-4.224131461344797778e+00
-4.174134382624751893e+00
-4.123366968508404007e+00
-4.071899800428615102e+00
-4.019803459818254154e+00
-3.967148528110186589e+00
-3.914005586737279163e+00
-3.860445217132395967e+00
-3.806538000728406423e+00
-3.752354518958172402e+00
-3.697965353254559773e+00
-3.643441085050435735e+00
-3.588846984862488654e+00
-3.534227079542686223e+00
-3.479620085026816412e+00
-3.425064717250670299e+00
-3.370599692150036741e+00
-3.316263725660707706e+00
-3.262095533718469831e+00
-3.208133832259115081e+00
-3.154417337218431872e+00
-3.100984764532210392e+00
-3.047874830136241719e+00
-2.995126249966312937e+00
-2.942777739958215122e+00
-2.890868016047737576e+00
-2.839435794170671379e+00
-2.788519790262804054e+00
-2.738158720259927126e+00
-2.688391300097828562e+00
-2.639256245712299442e+00
-2.590792273039129956e+00
-2.543032252663520065e+00
-2.495985673768313262e+00
-2.449656180185767251e+00
-2.404047415748138405e+00
-2.359163024287678656e+00
-2.315006649636647484e+00
-2.271581935627301263e+00
-2.228892526091894588e+00
-2.186942064862681612e+00
-2.145734195771920927e+00
-2.105272562651866686e+00
-2.065560809334774817e+00
-2.026602579652903025e+00
-1.988401517438504573e+00
-1.950961266523836057e+00
-1.914285470741154738e+00
-1.878377773922715877e+00
-1.843241819900774292e+00
-1.808881252507586801e+00
-1.775299715575408221e+00
-1.742497995022899371e+00
-1.710465445114335070e+00
-1.679188562200391921e+00
-1.648653842631750299e+00
-1.618847782759087028e+00
-1.589756878933081818e+00
-1.561367627504412159e+00
-1.533666524823756649e+00
-1.506640067241793446e+00
-1.480274751109202258e+00
-1.454557072776659465e+00
-1.429473528594844334e+00
-1.405010614914435685e+00
-1.381154828086111452e+00
-1.357892664460550458e+00
-1.335210620388429970e+00
-1.313095192220429253e+00
-1.291532876307226685e+00
-1.270510168999501310e+00
-1.250013566647930174e+00
-1.230029622868366923e+00
-1.210545120337364722e+00
-1.191546898996651560e+00
-1.173021798787956094e+00
-1.154956659653004536e+00
-1.137338321533526209e+00
-1.120153624371248213e+00
-1.103389408107899428e+00
-1.087032512685206953e+00
-1.071069778044898557e+00
-1.055488044128702452e+00
-1.040274150878347070e+00
-1.025414938235559958e+00
-1.010897246142068218e+00
-9.967079145396007256e-01
-9.828337833698854720e-01
-9.692616925746497802e-01
-9.559784820956215290e-01
-9.429709918745300401e-01
-9.302260618531015268e-01
-9.177316101037553686e-01
-9.054798672216755051e-01
-8.934641419327358225e-01
-8.816777429628108731e-01
-8.701139790377752092e-01
-8.587661588835039383e-01
-8.476275912258706136e-01
-8.366915847907502313e-01
-8.259514483040170107e-01
-8.154004904915452823e-01
-8.050320200792099312e-01
-7.948393457928850658e-01
-7.848157763584453495e-01
-7.749546205017648903e-01
-7.652491869487189069e-01
-7.556927844251810633e-01
-7.462787216570266891e-01
-7.370003073701292262e-01
-7.278508502903637822e-01
-7.188236591436047984e-01
-7.099127761503254419e-01
-7.011151775093966698e-01
-6.924285729142873880e-01
-6.838506720584673904e-01
-6.753791846354055828e-01
-6.670118203385722033e-01
-6.587462888614358247e-01
-6.505802998974664630e-01
-6.425115631401332461e-01
-6.345377882829054128e-01
-6.266566850192527571e-01
-6.188659630426447400e-01
-6.111633320465504893e-01
-6.035465017244399100e-01
-5.960131817697820189e-01
-5.885610818760460550e-01
-5.811879117367020342e-01
-5.738913810452186404e-01
-5.666691994950660005e-01
-5.595190767797130205e-01
-5.524389569656702470e-01
-5.454277216116089066e-01
-5.384844866492418669e-01
-5.316083680102809961e-01
-5.247984816264389396e-01
-5.180539434294278989e-01
-5.113738693509604083e-01
-5.047573753227486693e-01
-4.982035772765050496e-01
-4.917115911439419729e-01
-4.852805328567719179e-01
-4.789095183467074190e-01
-4.725976635454601782e-01
-4.663440843847427297e-01
-4.601478967962677191e-01
-4.540082167117472922e-01
-4.479241600628939279e-01
-4.418948427814198832e-01
-4.359193807990376923e-01
-4.299968900474596123e-01
-4.241265178399222235e-01
-4.183075370157578465e-01
-4.125392517958235694e-01
-4.068209664009759807e-01
-4.011519850520722796e-01
-3.955316119699693322e-01
-3.899591513755233940e-01
-3.844339074895916086e-01
-3.789551845330309532e-01
-3.735222867266982383e-01
-3.681345182914501080e-01
-3.627911834481432063e-01
-3.574915864176345659e-01
-3.522350314207809419e-01
-3.470208226784393113e-01
-3.418482644114663738e-01
-3.367166608407188844e-01
-3.316253161870537647e-01
-3.265735346713278808e-01
-3.215606205143979324e-01
-3.165858774298306866e-01
-3.116486071020339588e-01
-3.067481107081246883e-01
-3.018836894252208136e-01
-2.970546444304395517e-01
-2.922602769008985635e-01
-2.874998880137152324e-01
-2.827727789460069419e-01
-2.780782508748912973e-01
-2.734156049774856823e-01
-2.687841424309075911e-01
-2.641831644122746847e-01
-2.596119720987040691e-01
-2.550698666673136272e-01
-2.505561492952205760e-01
-2.460701211595427151e-01
-2.416110834373970950e-01
-2.371783373059013489e-01
-2.327711839421730267e-01
-2.283889245233295395e-01
-2.240308725121577804e-01
-2.196963905141217088e-01
-2.153848534203547382e-01
-2.110956361219903654e-01
-2.068281135101621426e-01
-2.025816604760029838e-01
-1.983556519106467186e-01
-1.941494627052264554e-01
-1.899624677508758297e-01
-1.857940419387281161e-01
-1.816435601599167837e-01
-1.775103973055751905e-01
-1.733939282668367221e-01
-1.692935279348349864e-01
-1.652085712007030638e-01
-1.611384329555744788e-01
-1.570824880905826726e-01
-1.530401114968609200e-01
-1.490106780655427732e-01
-1.449935626877616457e-01
-1.409882323213091926e-01
-1.369945221906107846e-01
-1.330123595867503117e-01
-1.290416718008111641e-01
-1.250823861238770929e-01
-1.211344298470319741e-01
-1.171977302613593369e-01
-1.132722146579429601e-01
-1.093578103278665392e-01
-1.054544445622137699e-01
-1.015620446520684034e-01
-9.768053788851423225e-02
-9.380985156263463298e-02
-8.994991296551349547e-02
-8.610064938823451530e-02
-8.226198812188138809e-02
-7.843385645753780944e-02
-7.461618168628750269e-02
-7.080889109921414959e-02
-6.701191198740158450e-02
-6.322538584233242109e-02
-5.945031095708663144e-02
-5.568789982514310566e-02
-5.193936493998087961e-02
-4.820591879507888505e-02
-4.448877388391613702e-02
-4.078914269997158115e-02
-3.710823773672421860e-02
-3.344727148765314767e-02
-2.980745644623705379e-02
-2.619000510595506301e-02
-2.259612996028613485e-02
-1.902704350270926700e-02
-1.548395822670343112e-02
-1.196808662574758847e-02
-8.480641193320722845e-03
-5.022834422901804180e-03
-1.595878807969965682e-03
1.799013157996126079e-03
5.160628981517338329e-03
8.487646224407905185e-03
1.177830266965483250e-02
1.503072615553831606e-02
1.824304452033858118e-02
2.141338560233581670e-02
2.453987723981024618e-02
2.762064727104193013e-02
3.065382353431135923e-02
3.363753386789859745e-02
3.656990611008385100e-02
3.944906809914731916e-02
4.227314767336923240e-02
4.504027267102977961e-02
4.774857093040916350e-02
5.039617028978760765e-02
5.298119858744519683e-02
5.550178366166235583e-02
5.795605335071920411e-02
6.034213549289595135e-02
6.265815792647276561e-02
6.490224848972986349e-02
6.707253502094749631e-02
6.916714535840581823e-02
7.118420734038498343e-02
7.312184880516535423e-02
7.497819759102708481e-02
7.675138153625032933e-02
7.843952847911531134e-02
8.004076625790226829e-02
8.155322271089138209e-02
8.297502567636282078e-02
8.430430299259694671e-02
8.553918249787373362e-02
8.667779203047361325e-02
8.771825942867661485e-02
8.865871253076307301e-02
8.949727917501311414e-02
9.023208719970696179e-02
9.086126444312489503e-02
9.138293874354701252e-02
