-3.310156050264255402e-04
6.568326037380218911e-03
1.880228519085263422e-02
3.620930004914499345e-02
5.862780880601147632e-02
8.589624965520625821e-02
1.178530607904834521e-01
1.543366804055973374e-01
1.951855466943019923e-01
2.402380978503516340e-01
2.893327720675004655e-01
3.423080075395024680e-01
3.990022424601121220e-01
4.592539150230833811e-01
5.229014634221705871e-01
5.897833258511276933e-01
6.597379405037090416e-01
7.326037455736686965e-01
8.082191792547607223e-01
8.864226797407397385e-01
9.670526852253594763e-01
1.049947633902374111e+00
1.134945963965538152e+00
1.221886113608605662e+00
1.310606521025330595e+00
1.400945624409466905e+00
1.492741861954769655e+00
1.585833671854993021e+00
1.680059492303889623e+00
1.775257761495214748e+00
1.871266917622722792e+00
1.967925398880167709e+00
2.065071643461303452e+00
2.162544089559883531e+00
2.260181175369663453e+00
2.357821339084397394e+00
2.455303018897837752e+00
2.552464653003740924e+00
2.649144679595860197e+00
2.745181536867948857e+00
2.840413663013761969e+00
2.934691655624502626e+00
3.027914749881163825e+00
3.119994340362191476e+00
3.210841821646028382e+00
3.300368588311118234e+00
3.388486034935902502e+00
3.475105556098827986e+00
3.560138546378336599e+00
3.643496400352871589e+00
3.725090512600877535e+00
3.804832277700797238e+00
3.882633090231073059e+00
3.958404344770150907e+00
4.032057435896474473e+00
4.103503758188483452e+00
4.172654706224625087e+00
4.239421674583341293e+00
4.303716057843076648e+00
4.365449250582273066e+00
4.424532647379376016e+00
4.480892421147718352e+00
4.534513858140197584e+00
4.585397022944600387e+00
4.633541980148717876e+00
4.678948794340332284e+00
4.721617530107233840e+00
4.761548252037210993e+00
4.798741024718048642e+00
4.833195912737537014e+00
4.864912980683462784e+00
4.893892293143611738e+00
4.920133914705774103e+00
4.943637909957734777e+00
4.964404343487283100e+00
4.982433279882206634e+00
4.997724783730292941e+00
5.010278919619328697e+00
5.020095752137101464e+00
5.027175345871399692e+00
5.031517765410010057e+00
5.033133592228257847e+00
5.032075475351608596e+00
5.028406580693066452e+00
5.022190074165634677e+00
5.013489121682315641e+00
5.002366889156117047e+00
4.988886542500037713e+00
4.973111247627084452e+00
4.955104170450260526e+00
4.934928476882566528e+00
4.912647332837009273e+00
4.888323904226592020e+00
4.862021356964315366e+00
4.833802856963187011e+00
4.803731570136205775e+00
4.771870662396377583e+00
4.738283299656708358e+00
4.703032647830197810e+00
4.666181872829851862e+00
4.627794140568672887e+00
4.587933815388853809e+00
4.546670055349339101e+00
4.504073216938261126e+00
4.460213656643758462e+00
4.415161730953958141e+00
4.368987796356996967e+00
4.321762209341009964e+00
4.273555326394129494e+00
4.224437504004491473e+00
4.174479098660224707e+00
4.123750466849466889e+00
4.072321965060351268e+00
4.020263949781009316e+00
3.967646777499576061e+00
3.914540804704185639e+00
3.861016387882969969e+00
3.807143883524066297e+00
3.752993648115605652e+00
3.698636038145720839e+00
3.644141410102547329e+00
3.589574873388066134e+00
3.534980549059658639e+00
3.480397311088545109e+00
3.425864033445954693e+00
3.371419590103112540e+00
3.317102855031246023e+00
3.262952702201578958e+00
3.209008005585338719e+00
3.155307639153750454e+00
3.101890476878041980e+00
3.048795392729439335e+00
2.996061260679165006e+00
2.943726954698448139e+00
2.891831348758514331e+00
2.840413316830589618e+00
2.789511732885898709e+00
2.739165470895668975e+00
2.689413404831126009e+00
2.640294408663495851e+00
2.591847356364005428e+00
2.544105238903166200e+00
2.497077515248634860e+00
2.450767761367360187e+00
2.405179553226286071e+00
2.360316466792355072e+00
2.316182078032513747e+00
2.272779962913708651e+00
2.230113697402884121e+00
2.188186857466983604e+00
2.147003019072952767e+00
2.106565758187737281e+00
2.066878650778281479e+00
2.027945272811531474e+00
1.989769200254430714e+00
1.952354009073924423e+00
1.915703275236959380e+00
1.879820574710479475e+00
1.844709483461429045e+00
1.810373577456753313e+00
1.776816432663397949e+00
1.744038775275793540e+00
1.712029932398314802e+00
1.680776381362819150e+00
1.650264599501169327e+00
1.620481064145222305e+00
1.591412252626839940e+00
1.563044642277880980e+00
1.535364710430204616e+00
1.508358934415671815e+00
1.482013791566142880e+00
1.456315759213475669e+00
1.431251314689530263e+00
1.406806935326167407e+00
1.382969098455246071e+00
1.359724281408627000e+00
1.337058961518168276e+00
1.314959616115730867e+00
1.293412722533174408e+00
1.272404758102358979e+00
1.251922200155143328e+00
1.231951588230447481e+00
1.212479710695431701e+00
1.193493418124316863e+00
1.174979561091322733e+00
1.156924990170668188e+00
1.139316555936574771e+00
1.122141108963262246e+00
1.105385499824951268e+00
1.089036579095860935e+00
1.073081197350211902e+00
1.057506205162224378e+00
1.042298453106118572e+00
1.027444791756114917e+00
1.012932071686432511e+00
9.987471434712921203e-01
9.848768576849141754e-01
9.713080649015184420e-01
9.580276156953249078e-01
9.450223606405551147e-01
9.322791503114271627e-01
9.197859120277509515e-01
9.075348800916881453e-01
8.955193655509902095e-01
8.837326794534078322e-01
8.721681328466918126e-01
8.608190367785940600e-01
8.496787022968642633e-01
8.387404404492539989e-01
8.279975622835138438e-01
8.174433788473944862e-01
8.070712011886475024e-01
7.968743403550234694e-01
7.868461073942731865e-01
7.769798133541476748e-01
7.672687692823981775e-01
7.577062862267751608e-01
7.482856752350300900e-01
7.390002473549129869e-01
7.298433136341754279e-01
7.208081851205682122e-01
7.118889070271217090e-01
7.030824612279845676e-01
6.943865637625842302e-01
6.857989306703490273e-01
6.773172779907069563e-01
6.689393217630864585e-01
6.606627780269143102e-01
6.524853628216191748e-01
6.444047921866291606e-01
6.364187821613717100e-01
6.285250487852752643e-01
6.207213080977677100e-01
6.130052761382766002e-01
6.053746689462305985e-01
5.978272025610571472e-01
5.903605930221840215e-01
5.829725563690397738e-01
5.756608086410518466e-01
5.684230658776486811e-01
5.612570441182578307e-01
5.541606969515529002e-01
5.471329281631895913e-01
5.401728790880689912e-01
5.332796910610916319e-01
5.264525054171590446e-01
5.196904634911722054e-01
5.129927066180323125e-01
5.063583761326398980e-01
4.997866133698966595e-01
4.932765596647033512e-01
4.868273563519610603e-01
4.804381447665709848e-01
4.741080662434341009e-01
4.678362621174509961e-01
4.616218737235234792e-01
4.554640423965523044e-01
4.493619094714383921e-01
4.433146162830828296e-01
4.373213041663869260e-01
4.313811144562516575e-01
4.254932131816964724e-01
4.196568651482144308e-01
4.138713598554167872e-01
4.081359868029152960e-01
4.024500354903214339e-01
3.968127954172468441e-01
3.912235560833027259e-01
3.856816069881006115e-01
3.801862376312523106e-01
3.747367375123693001e-01
3.693323961310626125e-01
3.639725029869441131e-01
3.586563475796250566e-01
3.533832194087171419e-01
3.481524079738319011e-01
3.429632027745807554e-01
3.378148933105751262e-01
3.327067690814267120e-01
3.276381195867468787e-01
3.226082343261471030e-01
3.176164063527230907e-01
3.126619429335080746e-01
3.077441548890189615e-01
3.028623530397733798e-01
2.980158482062883474e-01
2.932039512090812705e-01
2.884259728686695001e-01
2.836812240055700540e-01
2.789690154403002276e-01
2.742886579933773716e-01
2.696394624853187261e-01
2.650207397366416973e-01
2.604318005678632475e-01
2.558719557995008942e-01
2.513405162520718217e-01
2.468367927460935196e-01
2.423600961020828393e-01
2.379097371405571870e-01
2.334850266820338860e-01
2.290852755470302315e-01
2.247098052695325199e-01
2.203579802374034668e-01
2.160291755519748724e-01
2.117227663145785643e-01
2.074381276265464813e-01
2.031746345892100347e-01
1.989316623039013021e-01
1.947085858719519447e-01
1.905047803946938456e-01
1.863196209734587494e-01
1.821524827095785393e-01
1.780027407043849041e-01
1.738697700592096440e-01
1.697529458753848364e-01
1.656516432542418926e-01
1.615652372971126960e-01
1.574931031053291297e-01
1.534346157802228550e-01
1.493891504231258660e-01
1.453560821353698795e-01
1.413348789812542416e-01
1.373253808769490381e-01
1.333275207015920671e-01
1.293412313343204889e-01
1.253664456542722405e-01
1.214030965405849122e-01
1.174511168723960525e-01
1.135104395288433071e-01
1.095809973890643774e-01
1.056627233321967702e-01
1.017555502373782284e-01
9.785941098374646707e-02
9.397423845043877122e-02
9.009996551659298081e-02
8.623652506134667217e-02
8.238384996383750491e-02
7.854187310320305537e-02
7.471052735858098315e-02
7.088974560910889233e-02
6.707946073392459518e-02
6.327981944350144494e-02
5.949182377365779678e-02
5.571668959154783135e-02
5.195563276432579869e-02
4.820986915914594884e-02
4.448061464316249020e-02
4.076908508352967281e-02
3.707649634740172589e-02
3.340406430193303133e-02
2.975300481427751650e-02
2.612453375158957716e-02
2.251986698102342865e-02
1.894022036973331755e-02
1.538680978487348347e-02
1.186085109359815912e-02
8.363560163061556363e-03
4.896152860417926113e-03
1.459845052821651112e-03
-1.944147392573337572e-03
-5.314608608612653509e-03
-8.650214336855232763e-03
-1.194920675371265520e-02
-1.520971964430964558e-02
-1.842988679377096164e-02
-2.160784198722134203e-02
-2.474171900978552538e-02
-2.782965164658810983e-02
-3.086977368275413761e-02
-3.386021890340817908e-02
-3.679912109367498851e-02
-3.968461403867932363e-02
-4.251483152354589706e-02
-4.528790733339946306e-02
-4.800197525336476201e-02
-5.065516906856654816e-02
-5.324562256412944394e-02
-5.577146952517839790e-02
-5.823084373683805326e-02
-6.062187898423316429e-02
-6.294270905248844361e-02
-6.519146772672865242e-02
-6.736628879207852416e-02
-6.946530603366279921e-02
-7.148665323660614856e-02
-7.342846418603346526e-02
-7.528887266706943415e-02
-7.706601246483875400e-02
-7.875801736446619294e-02
-8.036302115107650523e-02
-8.187915760979438962e-02
-8.330456052574457260e-02
-8.463736368405194721e-02
-8.587570086984101791e-02
-8.701770586823677489e-02
-8.806151246436372260e-02
-8.900525444334679570e-02
-8.984706559031060968e-02
-9.058507969037993268e-02
-9.121743052867961610e-02
-9.174225189033423378e-02
