0.000000000000000000e+00
9.669038635721566993e-03
1.933807727144313399e-02
2.900711590716470098e-02
3.867615454288626797e-02
4.834519317860783844e-02
5.801423181432940196e-02
6.768327045005097242e-02
7.735230908577253595e-02
8.702134772149409947e-02
9.669038635721567687e-02
1.063594249929372404e-01
1.160284636286588039e-01
1.256975022643803674e-01
1.353665409001019448e-01
1.450355795358235222e-01
1.547046181715450719e-01
1.643736568072666493e-01
1.740426954429881989e-01
1.837117340787098041e-01
1.933807727144313537e-01
2.030498113501529311e-01
2.127188499858744808e-01
2.223878886215960582e-01
2.320569272573176078e-01
2.417259658930391852e-01
2.513950045287607349e-01
2.610640431644823400e-01
2.707330818002038897e-01
2.804021204359254948e-01
2.900711590716470445e-01
2.997401977073685941e-01
3.094092363430901438e-01
3.190782749788117489e-01
3.287473136145332986e-01
3.384163522502548482e-01
3.480853908859763979e-01
3.577544295216980030e-01
3.674234681574196082e-01
3.770925067931411578e-01
3.867615454288627075e-01
3.964305840645842571e-01
4.060996227003058623e-01
4.157686613360274119e-01
4.254376999717489616e-01
4.351067386074705112e-01
4.447757772431921164e-01
4.544448158789136660e-01
4.641138545146352157e-01
4.737828931503568208e-01
4.834519317860783705e-01
4.931209704217999756e-01
5.027900090575214698e-01
5.124590476932431304e-01
5.221280863289646801e-01
5.317971249646862297e-01
5.414661636004077794e-01
5.511352022361293290e-01
5.608042408718509897e-01
5.704732795075724283e-01
5.801423181432940890e-01
5.898113567790156386e-01
5.994803954147371883e-01
6.091494340504587379e-01
6.188184726861802876e-01
6.284875113219019482e-01
6.381565499576234979e-01
6.478255885933450475e-01
6.574946272290665972e-01
6.671636658647881468e-01
6.768327045005096965e-01
6.865017431362313571e-01
6.961707817719527958e-01
7.058398204076744564e-01
7.155088590433960061e-01
7.251778976791175557e-01
7.348469363148392164e-01
7.445159749505606550e-01
7.541850135862823157e-01
7.638540522220038653e-01
7.735230908577254150e-01
7.831921294934469646e-01
7.928611681291685143e-01
8.025302067648900639e-01
8.121992454006117246e-01
8.218682840363331632e-01
8.315373226720548239e-01
8.412063613077763735e-01
8.508753999434979232e-01
8.605444385792195838e-01
8.702134772149410225e-01
8.798825158506626831e-01
8.895515544863842328e-01
8.992205931221057824e-01
9.088896317578273321e-01
9.185586703935488817e-01
9.282277090292704314e-01
9.378967476649920920e-01
9.475657863007136417e-01
9.572348249364353023e-01
9.669038635721567410e-01
9.765729022078782906e-01
9.862419408435999513e-01
9.959109794793215009e-01
1.005580018115042940e+00
1.015249056750764600e+00
1.024918095386486261e+00
1.034587134022207700e+00
1.044256172657929360e+00
1.053925211293650799e+00
1.063594249929372459e+00
1.073263288565094120e+00
1.082932327200815559e+00
1.092601365836536997e+00
1.102270404472258658e+00
1.111939443107980319e+00
1.121608481743701979e+00
1.131277520379423418e+00
1.140946559015144857e+00
1.150615597650866517e+00
1.160284636286588178e+00
1.169953674922309839e+00
1.179622713558031277e+00
1.189291752193752716e+00
1.198960790829474377e+00
1.208629829465196037e+00
1.218298868100917476e+00
1.227967906736639137e+00
1.237636945372360575e+00
1.247305984008082236e+00
1.256975022643803896e+00
1.266644061279525335e+00
1.276313099915246996e+00
1.285982138550968434e+00
1.295651177186690095e+00
1.305320215822411534e+00
1.314989254458133194e+00
1.324658293093854855e+00
1.334327331729576294e+00
1.343996370365297954e+00
1.353665409001019393e+00
1.363334447636741054e+00
1.373003486272462714e+00
1.382672524908184153e+00
1.392341563543905592e+00
1.402010602179627252e+00
1.411679640815348913e+00
1.421348679451070574e+00
1.431017718086792012e+00
1.440686756722513451e+00
1.450355795358235111e+00
1.460024833993956772e+00
1.469693872629678433e+00
1.479362911265399871e+00
1.489031949901121310e+00
1.498700988536842971e+00
1.508370027172564631e+00
1.518039065808286070e+00
1.527708104444007731e+00
1.537377143079729169e+00
1.547046181715450830e+00
1.556715220351172491e+00
1.566384258986893929e+00
1.576053297622615590e+00
1.585722336258337029e+00
1.595391374894058689e+00
1.605060413529780128e+00
1.614729452165501788e+00
1.624398490801223449e+00
1.634067529436944888e+00
1.643736568072666326e+00
1.653405606708387987e+00
1.663074645344109648e+00
1.672743683979831308e+00
1.682412722615552747e+00
1.692081761251274186e+00
1.701750799886995846e+00
1.711419838522717507e+00
1.721088877158439168e+00
1.730757915794160606e+00
1.740426954429882045e+00
1.750095993065603706e+00
1.759765031701325366e+00
1.769434070337047027e+00
1.779103108972768466e+00
1.788772147608489904e+00
1.798441186244211565e+00
1.808110224879933225e+00
1.817779263515654664e+00
1.827448302151376325e+00
1.837117340787097763e+00
1.846786379422819424e+00
1.856455418058540863e+00
1.866124456694262523e+00
1.875793495329984184e+00
1.885462533965705623e+00
1.895131572601427283e+00
1.904800611237148944e+00
1.914469649872870605e+00
1.924138688508591821e+00
1.933807727144313482e+00
1.943476765780034921e+00
1.953145804415756581e+00
1.962814843051478242e+00
1.972483881687199903e+00
1.982152920322921563e+00
1.991821958958643002e+00
2.001490997594364885e+00
2.011160036230085879e+00
2.020829074865807318e+00
2.030498113501529200e+00
2.040167152137250639e+00
2.049836190772972522e+00
2.059505229408693960e+00
2.069174268044415399e+00
2.078843306680137282e+00
2.088512345315858720e+00
2.098181383951580159e+00
2.107850422587301598e+00
2.117519461223023036e+00
2.127188499858744919e+00
2.136857538494466358e+00
2.146526577130188240e+00
2.156195615765909679e+00
2.165864654401631118e+00
2.175533693037353000e+00
2.185202731673073995e+00
2.194871770308795877e+00
2.204540808944517316e+00
2.214209847580238755e+00
2.223878886215960637e+00
2.233547924851682076e+00
2.243216963487403959e+00
2.252886002123125397e+00
2.262555040758846836e+00
2.272224079394568275e+00
2.281893118030289713e+00
2.291562156666011596e+00
2.301231195301733035e+00
2.310900233937454917e+00
2.320569272573176356e+00
2.330238311208897795e+00
2.339907349844619677e+00
2.349576388480340672e+00
2.359245427116062555e+00
2.368914465751783993e+00
2.378583504387505432e+00
2.388252543023227314e+00
2.397921581658948753e+00
2.407590620294670636e+00
2.417259658930392074e+00
2.426928697566113513e+00
2.436597736201834952e+00
2.446266774837556390e+00
2.455935813473278273e+00
2.465604852108999712e+00
2.475273890744721150e+00
2.484942929380443033e+00
2.494611968016164472e+00
2.504281006651886354e+00
2.513950045287607793e+00
2.523619083923328787e+00
2.533288122559050670e+00
2.542957161194772109e+00
2.552626199830493992e+00
2.562295238466215430e+00
2.571964277101936869e+00
2.581633315737658751e+00
2.591302354373380190e+00
2.600971393009102073e+00
2.610640431644823067e+00
2.620309470280544506e+00
2.629978508916266389e+00
2.639647547551987827e+00
2.649316586187709710e+00
2.658985624823431149e+00
2.668654663459152587e+00
2.678323702094874470e+00
2.687992740730595909e+00
2.697661779366317347e+00
2.707330818002038786e+00
2.716999856637760224e+00
2.726668895273482107e+00
2.736337933909203546e+00
2.746006972544925429e+00
2.755676011180646867e+00
2.765345049816368306e+00
2.775014088452089744e+00
2.784683127087811183e+00
2.794352165723533066e+00
2.804021204359254504e+00
2.813690242994976387e+00
2.823359281630697826e+00
2.833028320266419264e+00
2.842697358902141147e+00
2.852366397537862586e+00
2.862035436173584024e+00
2.871704474809305463e+00
2.881373513445026902e+00
2.891042552080748784e+00
2.900711590716470223e+00
2.910380629352192106e+00
2.920049667987913544e+00
2.929718706623634983e+00
2.939387745259356866e+00
2.949056783895077860e+00
2.958725822530799743e+00
2.968394861166521181e+00
2.978063899802242620e+00
2.987732938437964503e+00
2.997401977073685941e+00
3.007071015709407824e+00
3.016740054345129263e+00
3.026409092980850701e+00
3.036078131616572140e+00
3.045747170252293579e+00
3.055416208888015461e+00
3.065085247523736900e+00
3.074754286159458339e+00
3.084423324795180221e+00
3.094092363430901660e+00
3.103761402066623543e+00
3.113430440702344981e+00
3.123099479338065976e+00
3.132768517973787858e+00
3.142437556609509297e+00
3.152106595245231180e+00
3.161775633880952618e+00
3.171444672516674057e+00
3.181113711152395940e+00
3.190782749788117378e+00
3.200451788423839261e+00
3.210120827059560256e+00
3.219789865695281694e+00
3.229458904331003577e+00
3.239127942966725016e+00
3.248796981602446898e+00
3.258466020238168337e+00
3.268135058873889776e+00
3.277804097509611658e+00
3.287473136145332653e+00
3.297142174781054536e+00
3.306811213416775974e+00
3.316480252052497857e+00
3.326149290688219295e+00
3.335818329323940734e+00
3.345487367959662617e+00
3.355156406595384055e+00
3.364825445231105494e+00
3.374494483866826933e+00
3.384163522502548371e+00
3.393832561138270254e+00
3.403501599773991693e+00
3.413170638409713575e+00
3.422839677045435014e+00
3.432508715681156453e+00
3.442177754316878335e+00
3.451846792952599774e+00
3.461515831588321213e+00
3.471184870224042651e+00
3.480853908859764090e+00
3.490522947495485973e+00
3.500191986131207411e+00
3.509861024766929294e+00
3.519530063402650732e+00
3.529199102038372171e+00
3.538868140674094054e+00
3.548537179309815048e+00
3.558206217945536931e+00
3.567875256581258370e+00
3.577544295216979808e+00
3.587213333852701691e+00
3.596882372488423130e+00
3.606551411124145012e+00
3.616220449759866451e+00
3.625889488395587890e+00
3.635558527031309328e+00
3.645227565667030767e+00
3.654896604302752650e+00
3.664565642938474088e+00
3.674234681574195527e+00
3.683903720209917410e+00
3.693572758845638848e+00
3.703241797481360731e+00
3.712910836117081725e+00
3.722579874752803164e+00
3.732248913388525047e+00
3.741917952024246485e+00
3.751586990659968368e+00
3.761256029295689807e+00
3.770925067931411245e+00
3.780594106567132684e+00
3.790263145202854567e+00
3.799932183838576005e+00
3.809601222474297888e+00
3.819270261110019327e+00
3.828939299745741209e+00
3.838608338381462204e+00
3.848277377017183642e+00
3.857946415652905525e+00
3.867615454288626964e+00
