0.000000000000000000e+00
-9.296458470256911688e-02
-1.848714491784119451e-01
-2.757186572771398447e-01
-3.655042728483642311e-01
-4.542263597416961174e-01
-5.418829818067470994e-01
-6.284722028931284399e-01
-7.139920868504513463e-01
-7.984406975283272478e-01
-8.818160987763679071e-01
-9.641163544441844202e-01
-1.045339528381386884e+00
-1.125483684437588616e+00
-1.204546886462400046e+00
-1.282527198305432048e+00
-1.359422683816296606e+00
-1.435231406844605040e+00
-1.509951431239968223e+00
-1.583580820851998139e+00
-1.656117639530305219e+00
-1.727559951124501003e+00
-1.797905819484197698e+00
-1.867153308459006178e+00
-1.935300481898537539e+00
-2.002345403652402211e+00
-2.068286137570214400e+00
-2.133120747501582315e+00
-2.196847297296118828e+00
-2.259463850803434148e+00
-2.320968471873141148e+00
-2.381359224354851367e+00
-2.440634172098175014e+00
-2.498791378952722742e+00
-2.555828908768106977e+00
-2.611744825393938818e+00
-2.666537192679830248e+00
-2.720204074475391920e+00
-2.772743534630234929e+00
-2.824153636993969929e+00
-2.874432445416209791e+00
-2.923578023746565613e+00
-2.971588435834648934e+00
-3.018461745530069518e+00
-3.064196016682440238e+00
-3.108789313141371746e+00
-3.152239698756475583e+00
-3.194545237377363289e+00
-3.235703992853645516e+00
-3.275714029034934249e+00
-3.314573409770839252e+00
-3.352280198910975173e+00
-3.388832460304950889e+00
-3.424228257802377495e+00
-3.458465655252867421e+00
-3.491542716506031319e+00
-3.523457505411482060e+00
-3.554208085818827634e+00
-3.583792521577683576e+00
-3.612208876537656987e+00
-3.639455214548362960e+00
-3.665529599459410814e+00
-3.690430095120411647e+00
-3.714154765380978773e+00
-3.736701674090720182e+00
-3.758068885099250966e+00
-3.778254462256179558e+00
-3.797256469411117052e+00
-3.815072970413678544e+00
-3.831702029113471575e+00
-3.847141709360109463e+00
-3.861390075003202416e+00
-3.874445189892363750e+00
-3.886305117877201454e+00
-3.896967922807328844e+00
-3.906431668532358348e+00
-3.914694418901899287e+00
-3.921754237765563200e+00
-3.927609188972962961e+00
-3.932257336373707446e+00
-3.935696743817410415e+00
-3.937925475153682076e+00
-3.938941594232134413e+00
-3.938743164902378524e+00
-3.937328251014025060e+00
-3.934694916416686006e+00
-3.930841224959971569e+00
-3.925765240493495067e+00
-3.919465026866865820e+00
-3.911938654675219063e+00
-3.903190913054148670e+00
-3.893245917061353811e+00
-3.882131235462079832e+00
-3.869874437021574298e+00
-3.856503090505082554e+00
-3.842044764677848612e+00
-3.826527028305120481e+00
-3.809977450152142175e+00
-3.792423598984160815e+00
-3.773893043566421301e+00
-3.754413352664169423e+00
-3.734012095042650969e+00
-3.712716839467113061e+00
-3.690555154702800156e+00
-3.667554609514957153e+00
-3.643742772668831620e+00
-3.619147212929668012e+00
-3.593795499062712118e+00
-3.567715199833210171e+00
-3.540933884006409738e+00
-3.513479120347553053e+00
-3.485378477621889015e+00
-3.456659524594662081e+00
-3.427349830031117595e+00
-3.397476962696500902e+00
-3.367068491356059123e+00
-3.336151984775037160e+00
-3.304755011718681246e+00
-3.272905140952236280e+00
-3.240629941240949830e+00
-3.207956981350066794e+00
-3.174913830044831631e+00
-3.141528056090491461e+00
-3.107827228252292073e+00
-3.073838915295479257e+00
-3.039590685985296581e+00
-3.005110109086992942e+00
-2.970424753365813686e+00
-2.935562187587002381e+00
-2.900549980515807036e+00
-2.865415700917472996e+00
-2.830186917557243387e+00
-2.794891199200368437e+00
-2.759556114612089939e+00
-2.724208353150219253e+00
-2.688864381061105036e+00
-2.653534069035317966e+00
-2.618227177837500808e+00
-2.582953468232294103e+00
-2.547722700984340616e+00
-2.512544636858278224e+00
-2.477429036618752356e+00
-2.442385661030401334e+00
-2.407424270857867921e+00
-2.372554626865792660e+00
-2.337786489818818314e+00
-2.303129620481583206e+00
-2.268593779618732320e+00
-2.234188727994904422e+00
-2.199924226374741831e+00
-2.165810035522885979e+00
-2.131855916203976964e+00
-2.098071629182656217e+00
-2.064466935223567390e+00
-2.031051595091350137e+00
-1.997835369550645224e+00
-1.964828019366094747e+00
-1.932039305302340360e+00
-1.899478988124022161e+00
-1.867156828595782692e+00
-1.835082587482262495e+00
-1.803266025548103446e+00
-1.771716903557946754e+00
-1.740444982276432961e+00
-1.709460022468204610e+00
-1.678771784897901798e+00
-1.648390030330167066e+00
-1.618324519529640515e+00
-1.588585013260964240e+00
-1.559181272288778786e+00
-1.530123057377726470e+00
-1.501420129292448280e+00
-1.473082248797585425e+00
-1.445119176657779336e+00
-1.417540673637671000e+00
-1.390356500501902515e+00
-1.363576418015113756e+00
-1.337210186941947265e+00
-1.311267542509743089e+00
-1.285754073326551117e+00
-1.260666672549350054e+00
-1.236001138423326262e+00
-1.211753269193666993e+00
-1.187918863105559275e+00
-1.164493718404189249e+00
-1.141473633334744830e+00
-1.118854406142413049e+00
-1.096631835072379824e+00
-1.074801718369833292e+00
-1.053359854279959817e+00
-1.032302041047945984e+00
-1.011624076918979709e+00
-9.913217601382471322e-01
-9.713908889509356159e-01
-9.518272616022317445e-01
-9.326266763373227686e-01
-9.137849314013954949e-01
-8.952978250396371740e-01
-8.771611554972342795e-01
-8.593707210193741730e-01
-8.419223198512436612e-01
-8.248117502380291066e-01
-8.080348104249186481e-01
-7.915872986570984260e-01
-7.754650131797558021e-01
-7.596637522380774721e-01
-7.441793140772503534e-01
-7.290074969424618079e-01
-7.141440990788980869e-01
-6.995849187317467743e-01
-6.853257541461945657e-01
-6.713624035674282675e-01
-6.576906652406350196e-01
-6.443063374110018504e-01
-6.312052183237155667e-01
-6.183831062239633081e-01
-6.058357993569313260e-01
-5.935590959678077594e-01
-5.815487943017787487e-01
-5.698006926040312115e-01
-5.583105891197527315e-01
-5.470742820941296713e-01
-5.360875697723492816e-01
-5.253462695092120383e-01
-5.148463504221653109e-01
-5.045838540000504580e-01
-4.945548221774143105e-01
-4.847552968888035885e-01
-4.751813200687651784e-01
-4.658289336518453561e-01
-4.566941795725913966e-01
-4.477730997655498535e-01
-4.390617361652674466e-01
-4.305561307062906740e-01
-4.222523253231667550e-01
-4.141463619504423543e-01
-4.062342825226640253e-01
-3.985121289743784323e-01
-3.909759432401325729e-01
-3.836217672544730561e-01
-3.764456429519466574e-01
-3.694436122671000966e-01
-3.626117171344802048e-01
-3.559459994886335354e-01
-3.494425012641069750e-01
-3.430972643954471879e-01
-3.369063308172011162e-01
-3.308657424639152578e-01
-3.249715412701364436e-01
-3.192197691704115603e-01
-3.136064680992870501e-01
-3.081276799913101327e-01
-3.027794467810268619e-01
-2.975578104029847903e-01
-2.924588127917298608e-01
-2.874784958818095149e-01
-2.826129016077699729e-01
-2.778580719041582325e-01
-2.732100487055211246e-01
-2.686648739464050362e-01
-2.642185895613573532e-01
-2.598672374849239630e-01
-2.556068596516524738e-01
-2.514334979960888838e-01
-2.473431944527804405e-01
-2.433319909562736416e-01
-2.393959294411153460e-01
-2.355310709339778763e-01
-2.317346219890748238e-01
-2.280055647283075748e-01
-2.243430340105837528e-01
-2.207461646948101486e-01
-2.172140916398946076e-01
-2.137459497047436707e-01
-2.103408737482649338e-01
-2.069979986293657703e-01
-2.037164592069530544e-01
-2.004953903399343540e-01
-1.973339268872165986e-01
-1.942312037077072728e-01
-1.911863556603133618e-01
-1.881985176039423779e-01
-1.852668243975012508e-01
-1.823904108998975204e-01
-1.795684119700380610e-01
-1.767999624668304959e-01
-1.740841972491816159e-01
-1.714202511759991554e-01
-1.688072591061898220e-01
-1.662443558986611281e-01
-1.637306764123204195e-01
-1.612653555060746813e-01
-1.588475280388313704e-01
-1.564763288694974164e-01
-1.541508928569803871e-01
-1.518703548601872122e-01
-1.496338497380253485e-01
-1.474405123494019199e-01
-1.452894775532242166e-01
-1.431798802083992794e-01
-1.411108551738346484e-01
-1.390815373084373086e-01
-1.370910614711146058e-01
-1.351385625207736363e-01
-1.332231753163217181e-01
-1.313440347166662525e-01
-1.295002755807141970e-01
-1.276910327673729528e-01
-1.259154411355495884e-01
-1.241726355441516022e-01
-1.224617508520858961e-01
-1.207819219182599824e-01
-1.191323406655143552e-01
-1.175125183295212261e-01
-1.159220771531354333e-01
-1.143606394906652862e-01
-1.128278276964186505e-01
-1.113232641247038773e-01
-1.098465711298289016e-01
-1.083973710661019080e-01
-1.069752862878309008e-01
-1.055799391493240508e-01
-1.042109520048895149e-01
-1.028679472088352420e-01
-1.015505471154694861e-01
-1.002583740791002098e-01
-9.899105045403565339e-02
-9.774819859458375171e-02
-9.652944085505280047e-02
-9.533439958975069295e-02
-9.416269715298572485e-02
-9.301395589906580330e-02
-9.188779818229923790e-02
-9.078384635699390803e-02
-8.970172277745810940e-02
-8.864104979799980466e-02
-8.760144977292717849e-02
-8.658254505654822131e-02
-8.558395800317113167e-02
-8.460531096710406651e-02
-8.364622630265494685e-02
-8.270632636413204064e-02
-8.178523350584332441e-02
-8.088257008209699672e-02
-7.999795844720104798e-02
-7.913102095546370451e-02
-7.828137996119295672e-02
-7.744865781869700316e-02
-7.663247688228384813e-02
-7.583245950626164855e-02
-7.504822804493847810e-02
-7.427940485262246595e-02
-7.352561228362168577e-02
-7.278647269224422511e-02
-7.206160843279824091e-02
-7.135064185959175131e-02
-7.065319532693296878e-02
-6.996889118912986982e-02
-6.929735180049063914e-02
-6.863819951532332264e-02
-6.799105668793606339e-02
-6.735554567263693504e-02
-6.673128882373403903e-02
-6.611790849553549065e-02
-6.551502704234939134e-02
-6.492226681848380088e-02
-6.433925017824687620e-02
-6.376559947594666322e-02
-6.320093706589129112e-02
-6.264488530238887520e-02
-6.209706653974747526e-02
-6.155710313227524821e-02
-6.102461743428020530e-02
-6.049923180007054507e-02
-5.998056858395429264e-02
-5.946825014023961187e-02
-5.896189882323452092e-02
-5.846113698724720448e-02
-5.796558698658567377e-02
-5.747487117555812042e-02
-5.698861190847258340e-02
-5.650643153963719190e-02
-5.602795242336001263e-02
-5.555279691394920949e-02
-5.508058736571278674e-02
-5.461094613295892214e-02
-5.414349556999571711e-02
-5.367785803113121063e-02
-5.321365587067355962e-02
-5.275051144293082389e-02
-5.228804710221113261e-02
-5.182588520282256639e-02
-5.136364809907324053e-02
-5.090095814527123563e-02
-5.043743769572468783e-02
-4.997270910474163608e-02
-4.950639472663023732e-02
-4.903811691569856523e-02
-4.856749802625473511e-02
-4.809416041260681368e-02
-4.761772642906294400e-02
