0.000000000000000000e+00
-1.723380193169099239e-01
-3.437052767327452019e-01
-5.140665927925731626e-01
-6.833867880414612461e-01
-8.516306830244765314e-01
-1.018763098286686875e+00
-1.184748854373159466e+00
-1.349552771828961273e+00
-1.513139671199160485e+00
-1.675474373028823738e+00
-1.836521697863018554e+00
-1.996246466246812901e+00
-2.154613498725273413e+00
-2.311587615843467169e+00
-2.467133638146463248e+00
-2.621216386179327174e+00
-2.773800680487126691e+00
-2.924851341614930877e+00
-3.074333190107804814e+00
-3.222211046510816246e+00
-3.368449731369034250e+00
-3.513014065227524352e+00
-3.655868868631355628e+00
-3.796978962125593160e+00
-3.936309166255306469e+00
-4.073824301565561967e+00
-4.209489188601425624e+00
-4.343268647907968294e+00
-4.475127500030254168e+00
-4.605030565513352769e+00
-4.732942664902331842e+00
-4.858828618742255578e+00
-4.982653247578192612e+00
-5.104381371955211577e+00
-5.223977812418379330e+00
-5.341407389512764503e+00
-5.456634923783430402e+00
-5.569625235775449212e+00
-5.680343146033886015e+00
-5.788753475103807666e+00
-5.894821043530282800e+00
-5.998510671858378274e+00
-6.099787180633160943e+00
-6.198615390399698555e+00
-6.294960121703057077e+00
-6.388786195088309583e+00
-6.480058431100517602e+00
-6.568741650284747990e+00
-6.654800673186072935e+00
-6.738200320349555739e+00
-6.818905412320265036e+00
-6.896880769643267683e+00
-6.972091212863633203e+00
-7.044501562526427563e+00
-7.114076639176719397e+00
-7.180781263359572897e+00
-7.244580255620057585e+00
-7.305438436503237654e+00
-7.363320626554186177e+00
-7.418191646317968235e+00
-7.470016316339649798e+00
-7.518760588342534135e+00
-7.564421809482860581e+00
-7.607032037330463403e+00
-7.646625125724323624e+00
-7.683234928503410721e+00
-7.716895299506706607e+00
-7.747640092573188753e+00
-7.775503161541834629e+00
-7.800518360251616379e+00
-7.822719542541513249e+00
-7.842140562250501823e+00
-7.858815273217560460e+00
-7.872777529281662190e+00
-7.884061184281790702e+00
-7.892700092056913697e+00
-7.898728106446013975e+00
-7.902179081288066342e+00
-7.903086870422047383e+00
-7.901485327686934568e+00
-7.897408306921703591e+00
-7.890889661965331037e+00
-7.881963246656797040e+00
-7.870662914835078183e+00
-7.857022520339143945e+00
-7.841075917007978013e+00
-7.822856958680556971e+00
-7.802399499195855626e+00
-7.779737392392848783e+00
-7.754904492110515690e+00
-7.727934652187835596e+00
-7.698861726463781530e+00
-7.667720572412451752e+00
-7.634556692373186237e+00
-7.599422000110235942e+00
-7.562368497498482611e+00
-7.523448186412800887e+00
-7.482713068728073402e+00
-7.440215146319177464e+00
-7.396006421060991265e+00
-7.350138894828397440e+00
-7.302664569496276847e+00
-7.253635446939505016e+00
-7.203103529032960139e+00
-7.151120817651523076e+00
-7.097739314670073796e+00
-7.043011021963491380e+00
-6.986987941406654912e+00
-6.929722074874442583e+00
-6.871265424241737918e+00
-6.811669991383413780e+00
-6.750987778174353693e+00
-6.689270786489435849e+00
-6.626571018203540220e+00
-6.562940475191544110e+00
-6.498431159328329265e+00
-6.433095072488771216e+00
-6.366984216547754372e+00
-6.300150593380154262e+00
-6.232646204860852635e+00
-6.164523052864725017e+00
-6.095833139266654932e+00
-6.026628465941519686e+00
-5.956958893904803709e+00
-5.886863489433637575e+00
-5.816377924155411883e+00
-5.745537868458599817e+00
-5.674378992731669236e+00
-5.602936967363097764e+00
-5.531247462741349707e+00
-5.459346149254898251e+00
-5.387268697292215691e+00
-5.315050777241772550e+00
-5.242728059492041126e+00
-5.170336214431488386e+00
-5.097910912448589293e+00
-5.025487823931811704e+00
-4.953102619269630580e+00
-4.880790968850516443e+00
-4.808588543062938037e+00
-4.736531012295368548e+00
-4.664654046936277609e+00
-4.592993317374135742e+00
-4.521584493997417020e+00
-4.450463247194589300e+00
-4.379665247354125768e+00
-4.309226164864495168e+00
-4.239181670114171574e+00
-4.169567433491624620e+00
-4.100419125385325714e+00
-4.031772416183745378e+00
-3.963662976275353245e+00
-3.896126476048624276e+00
-3.829198568073788778e+00
-3.762907459124710030e+00
-3.697262424096958711e+00
-3.632269773376690658e+00
-3.567935817350060823e+00
-3.504266866403226821e+00
-3.441269230922346267e+00
-3.378949221293572780e+00
-3.317313147903063975e+00
-3.256367321136977910e+00
-3.196118051381468206e+00
-3.136571649022692920e+00
-3.077734424446809225e+00
-3.019612688039971626e+00
-2.962212750188336852e+00
-2.905540921278059852e+00
-2.849603511695301350e+00
-2.794406831826213633e+00
-2.739957192056956092e+00
-2.686260902773682790e+00
-2.633324274362550899e+00
-2.581153617209718476e+00
-2.529755241701338697e+00
-2.479135458223570065e+00
-2.429300577162568420e+00
-2.380256908904490931e+00
-2.332010763835491662e+00
-2.284568452341729561e+00
-2.237936284809360021e+00
-2.192120571624539327e+00
-2.147127623173422872e+00
-2.102963598029697678e+00
-2.059628179054239894e+00
-2.017112288921044883e+00
-1.975406228480221404e+00
-1.934500298581877109e+00
-1.894384800076121422e+00
-1.855050033813063104e+00
-1.816486300642810914e+00
-1.778683901415472723e+00
-1.741633136981159069e+00
-1.705324308189976490e+00
-1.669747715892035300e+00
-1.634893660937444038e+00
-1.600752444176310574e+00
-1.567314366458744113e+00
-1.534569728634853858e+00
-1.502508831554747015e+00
-1.471121976068534343e+00
-1.440399463026323046e+00
-1.410331593278223439e+00
-1.380908667674342727e+00
-1.352120987064790336e+00
-1.323958852299674582e+00
-1.296412564229104447e+00
-1.269472423703188912e+00
-1.243128731572036294e+00
-1.217371788685755574e+00
-1.192191895894455289e+00
-1.167579354048243978e+00
-1.143524463997230844e+00
-1.120017526591524648e+00
-1.097048845199262823e+00
-1.074608758662314978e+00
-1.052687632045468780e+00
-1.031275831028266143e+00
-1.010363721290248762e+00
-9.899416685109589942e-01
-9.700000383699377560e-01
-9.505291965467277393e-01
-9.315195087208704150e-01
-9.129613405719074759e-01
-8.948450577793812810e-01
-8.771610260228328571e-01
-8.598996109818048961e-01
-8.430511783358383138e-01
-8.266060937644756912e-01
-8.105547229472583881e-01
-7.948874315637286525e-01
-7.795945852934274001e-01
-7.646665498158979890e-01
-7.500936908106813350e-01
-7.358663739573191309e-01
-7.219749649353536247e-01
-7.084098294243263982e-01
-6.951613331037791443e-01
-6.822198416532543330e-01
-6.695757207522931020e-01
-6.572193360804373663e-01
-6.451410533172293738e-01
-6.333312381422105952e-01
-6.217802562349229456e-01
-6.104784732749083398e-01
-5.994167958709524235e-01
-5.885895851010918278e-01
-5.779925606658006254e-01
-5.676214455168159256e-01
-5.574719626058766142e-01
-5.475398348847202445e-01
-5.378207853050860354e-01
-5.283105368187109852e-01
-5.190048123773345345e-01
-5.098993349326937929e-01
-5.009898274365273130e-01
-4.922720128405739248e-01
-4.837416140965710709e-01
-4.753943541562576924e-01
-4.672259559713711763e-01
-4.592321424936503527e-01
-4.514086366748328860e-01
-4.437511614666578286e-01
-4.362554398208623452e-01
-4.289171946891857656e-01
-4.217321490233650882e-01
-4.146960257751396428e-01
-4.078045478962466497e-01
-4.010534383384253831e-01
-3.944384200534130636e-01
-3.879552159929485766e-01
-3.815995491087697533e-01
-3.753671423526148132e-01
-3.692537186762224755e-01
-3.632550010313301270e-01
-3.573667125848971060e-01
-3.515851662072654316e-01
-3.459085499824973153e-01
-3.403354238951823985e-01
-3.348643479299112657e-01
-3.294938820712735583e-01
-3.242225863038599165e-01
-3.190490206122598149e-01
-3.139717449810640604e-01
-3.089893193948620720e-01
-3.041003038382447121e-01
-2.993032582958013998e-01
-2.945967427521227200e-01
-2.899793171917988688e-01
-2.854495415994194873e-01
-2.810059759595753826e-01
-2.766471802568558069e-01
-2.723717144758517339e-01
-2.681781386011525825e-01
-2.640650126173491596e-01
-2.600308965090309399e-01
-2.560743502607885635e-01
-2.521939338572116718e-01
-2.483882072828908771e-01
-2.446557305224159318e-01
-2.409950635603770597e-01
-2.374047663813644848e-01
-2.338833989699681537e-01
-2.304295213107784568e-01
-2.270416933883852573e-01
-2.237184751873788624e-01
-2.204584287735617820e-01
-2.172602676534703403e-01
-2.141229567701341818e-01
-2.110454847728951699e-01
-2.080268403110948627e-01
-2.050660120340751513e-01
-2.021619885911775383e-01
-1.993137586317441090e-01
-1.965203108051161718e-01
-1.937806337606358675e-01
-1.910937161476445323e-01
-1.884585466154841682e-01
-1.858741138134963333e-01
-1.833394063910228355e-01
-1.808534129974056215e-01
-1.784151222819859162e-01
-1.760235228941059160e-01
-1.736776034831070126e-01
-1.713763526983312635e-01
-1.691187591891200326e-01
-1.669038116048153775e-01
-1.647304985947587452e-01
-1.625978088082920825e-01
-1.605047308947568918e-01
-1.584502535034952031e-01
-1.564333652838484079e-01
-1.544530548851585083e-01
-1.525083109567670903e-01
-1.505981221480158783e-01
-1.487214771082465969e-01
-1.468773644868010542e-01
-1.450647866784702811e-01
-1.432830116898184125e-01
-1.415315477722165760e-01
-1.398099118330621005e-01
-1.381176207797525923e-01
-1.364541915196853250e-01
-1.348191409602579049e-01
-1.332119860088676055e-01
-1.316322435729120610e-01
-1.300794305597886003e-01
-1.285530638768947465e-01
-1.270526604316278285e-01
-1.255777371313854529e-01
-1.241278108835649624e-01
-1.227023985955637553e-01
-1.213010171747795074e-01
-1.199231835286093673e-01
-1.185684145644510662e-01
-1.172362271897018221e-01
-1.159261383117592414e-01
-1.146376648380206531e-01
-1.133703236758836358e-01
-1.121236317327455045e-01
-1.108971059160037964e-01
-1.096902631330559097e-01
-1.085026202912993259e-01
-1.073336942981314435e-01
-1.061830020609498271e-01
-1.050500604871517779e-01
-1.039343864841348331e-01
-1.028354969592964324e-01
-1.017529088200339743e-01
-1.006861389737450097e-01
-9.963470432782685349e-02
-9.859812178967709839e-02
-9.757590826669308715e-02
-9.656758066627228743e-02
-9.557265589581211140e-02
-9.459065086271013778e-02
-9.362108247436368158e-02
-9.266346763817026599e-02
-9.171732326152727544e-02
-9.078216625183224697e-02
-8.985751351648252339e-02
-8.894288196287566950e-02
-8.803778849840902809e-02
-8.714175003048006685e-02
-8.625428346648633671e-02
-8.537490571382512494e-02
-8.450313367989402413e-02
-8.363848427209037706e-02
-8.278047439781170691e-02
-8.192862096445539810e-02
-8.108244087941898770e-02
-8.024145105009980461e-02
-7.940516838389539978e-02
-7.857310978820315761e-02
-7.774479217042058743e-02
-7.691973243794507364e-02
-7.609744749817411169e-02
-7.527745425850507210e-02
-7.445926962633553359e-02
