0.000000000000000000e+00
-6.541352541984531144e-02
-1.298713333595847841e-01
-1.933778320698592568e-01
-2.559374298013094018e-01
-3.175545348045760718e-01
-3.782335553303000641e-01
-4.379788996291223424e-01
-4.967949759516833708e-01
-5.546861925486240574e-01
-6.116569576705852551e-01
-6.677116795682078720e-01
-7.228547664921322058e-01
-7.770906266929997752e-01
-8.304236684214512110e-01
-8.828582999281266996e-01
-9.343989294636674270e-01
-9.850499652787141347e-01
-1.034815815623908009e+00
-1.083700888749889346e+00
-1.131709592907298889e+00
-1.178846336346777601e+00
-1.225115527318966668e+00
-1.270521574074506610e+00
-1.315068884864037058e+00
-1.358761867938200751e+00
-1.401604931547637323e+00
-1.443602483942988401e+00
-1.484758933374893619e+00
-1.525078688093994161e+00
-1.564566156350931880e+00
-1.603225746396345963e+00
-1.641061866480878040e+00
-1.678078924855169074e+00
-1.714281329769859585e+00
-1.749673489475590538e+00
-1.784259812223002006e+00
-1.818044706262735621e+00
-1.851032579845431458e+00
-1.883227841221730925e+00
-1.914634898642275429e+00
-1.945258160357703936e+00
-1.975102034618658298e+00
-2.004170929675779700e+00
-2.032469253779708218e+00
-2.060001415181084816e+00
-2.086771822130550458e+00
-2.112784882878746107e+00
-2.138045005676312726e+00
-2.162556598773890393e+00
-2.186324070422119625e+00
-2.209351828871642720e+00
-2.231644282373098420e+00
-2.253205839177129466e+00
-2.274040907534375489e+00
-2.294153895695477896e+00
-2.313549211911076764e+00
-2.332231264431813056e+00
-2.350204461508328624e+00
-2.367473211391262655e+00
-2.384041922331257446e+00
-2.399915002578952183e+00
-2.415096860384989608e+00
-2.429591904000008906e+00
-2.443404541674651043e+00
-2.456539181659558757e+00
-2.469000232205369905e+00
-2.480792101562726337e+00
-2.491919197982269907e+00
-2.502385929714640689e+00
-2.512196705010478759e+00
-2.521355932120425525e+00
-2.529868019295122394e+00
-2.537737374785209443e+00
-2.544968406841328079e+00
-2.551565523714117933e+00
-2.557533133654220858e+00
-2.562875644912276929e+00
-2.567597465738927554e+00
-2.571703004384813696e+00
-2.575196669100575431e+00
-2.578082868136853278e+00
-2.580366009744289535e+00
-2.582050502173522943e+00
-2.583140753675196244e+00
-2.583641172499948624e+00
-2.583556166898421935e+00
-2.582890145121257142e+00
-2.581647515419093430e+00
-2.579832686042574430e+00
-2.577450065242337551e+00
-2.574504061269026423e+00
-2.570999082373279343e+00
-2.566939536805739941e+00
-2.562329832817046960e+00
-2.557174378657841363e+00
-2.551477582578763670e+00
-2.545243852830456621e+00
-2.538477597663559848e+00
-2.531183225328712538e+00
-2.523365144076557876e+00
-2.515027762157734603e+00
-2.506175487822886350e+00
-2.496812729322650526e+00
-2.486943894907670316e+00
-2.476573392828586684e+00
-2.465705631336037928e+00
-2.454345018680667234e+00
-2.442495963113114232e+00
-2.430162872884020775e+00
-2.417350156244025605e+00
-2.404062221443771463e+00
-2.390303476733899313e+00
-2.376078330365047897e+00
-2.361391190587859956e+00
-2.346246978179066911e+00
-2.330655648971724503e+00
-2.314630016644372734e+00
-2.298182927677224541e+00
-2.281327228550491082e+00
-2.264075765744382629e+00
-2.246441385739110785e+00
-2.228436935014887155e+00
-2.210075260051923784e+00
-2.191369207330429170e+00
-2.172331623330617578e+00
-2.152975354532698393e+00
-2.133313247416884106e+00
-2.113358148463385877e+00
-2.093122904152413977e+00
-2.072620360964180453e+00
-2.051863365378897353e+00
-2.030864763876774504e+00
-2.009637402938023065e+00
-1.988194129042854863e+00
-1.966547788671481944e+00
-1.944711228304114803e+00
-1.922697294420964376e+00
-1.900518833502242266e+00
-1.878188692028160744e+00
-1.855719716478930081e+00
-1.833124753334760992e+00
-1.810416649075865525e+00
-1.787608250182455283e+00
-1.764712403134740759e+00
-1.741741954412933779e+00
-1.718709750497245059e+00
-1.695628637867886424e+00
-1.672511463005068810e+00
-1.649371072389003823e+00
-1.626220312499902398e+00
-1.603072029817976141e+00
-1.579939070823435099e+00
-1.556834281996493097e+00
-1.533770509817359073e+00
-1.510760600766244854e+00
-1.487817401323362487e+00
-1.464953757968922909e+00
-1.442182517183136614e+00
-1.419516525446215871e+00
-1.396968629238371173e+00
-1.374551675039814569e+00
-1.352278509330756773e+00
-1.330161978591409389e+00
-1.308214929301983354e+00
-1.286450207942690493e+00
-1.264880660993741079e+00
-1.243519134935347159e+00
-1.222378476247720336e+00
-1.201471531411069993e+00
-1.180811146905609732e+00
-1.160410169211550491e+00
-1.140280981054437648e+00
-1.120428175530687298e+00
-1.100849882156077042e+00
-1.081544034799886367e+00
-1.062508567331393428e+00
-1.043741413619876823e+00
-1.025240507534615375e+00
-1.007003782944887904e+00
-9.890291737199732314e-01
-9.713146137291498450e-01
-9.538580368416968991e-01
-9.366573769268929928e-01
-9.197105678540159479e-01
-9.030155434923460289e-01
-8.865702377111612797e-01
-8.703725843797402995e-01
-8.544205173673620202e-01
-8.387119705433052630e-01
-8.232448777768486270e-01
-8.080171729372706002e-01
-7.930267898938505589e-01
-7.782716625158666579e-01
-7.637497246725981626e-01
-7.494589102333232278e-01
-7.353971530673208967e-01
-7.215623870438698795e-01
-7.079525460322489971e-01
-6.945655639017370708e-01
-6.813993745216125886e-01
-6.684519117611541494e-01
-6.557211094896410186e-01
-6.432049015763515731e-01
-6.309012218905648561e-01
-6.188080043015593557e-01
-6.069231826786138928e-01
-5.952446908910071777e-01
-5.837704628080179203e-01
-5.724984322989249419e-01
-5.614265332330069525e-01
-5.505526994795426621e-01
-5.398748649078108919e-01
-5.293909633870901299e-01
-5.190989287866595303e-01
-5.089966949757976922e-01
-4.990821958237826039e-01
-4.893533651998944189e-01
-4.798081369734108481e-01
-4.704444450136112121e-01
-4.612602231897737770e-01
-4.522534053711775304e-01
-4.434219254271012933e-01
-4.347637172268236094e-01
-4.262767146396231333e-01
-4.179588515347789079e-01
-4.098080617815696436e-01
-4.018222792492738282e-01
-3.939994378071703940e-01
-3.863374692710725422e-01
-3.788342376163778558e-01
-3.714875250601353263e-01
-3.642951089519205210e-01
-3.572547666413083411e-01
-3.503642754778745205e-01
-3.436214128111942379e-01
-3.370239559908426719e-01
-3.305696823663953343e-01
-3.242563692874274595e-01
-3.180817941035142815e-01
-3.120437341642311457e-01
-3.061399668191535084e-01
-3.003682694178564927e-01
-2.947264193099155549e-01
-2.892121938449059293e-01
-2.838233703724030166e-01
-2.785577262419819955e-01
-2.734130388032182668e-01
-2.683870854056870092e-01
-2.634776433989639566e-01
-2.586824901326237880e-01
-2.539994029562425704e-01
-2.494261592193948718e-01
-2.449605362716565926e-01
-2.406003114626025785e-01
-2.363432621418085633e-01
-2.321871656588495592e-01
-2.281297993633008836e-01
-2.241689406047381872e-01
-2.203023667327363710e-01
-2.165278550968711413e-01
-2.128431830467173713e-01
-2.092461279318508505e-01
-2.057344671018464244e-01
-2.023059779062798824e-01
-1.989584376947260425e-01
-1.956896238167606938e-01
-1.924973136219587377e-01
-1.893792844598959080e-01
-1.863333136801470780e-01
-1.833571786322879815e-01
-1.804486566658935198e-01
-1.776055251305394267e-01
-1.748255613758006033e-01
-1.721065427512526169e-01
-1.694462466064708961e-01
-1.668424502910303697e-01
-1.642929311545067994e-01
-1.617954665464750863e-01
-1.593478338165109365e-01
-1.569478103141893066e-01
-1.545931733890858195e-01
-1.522817003907755151e-01
-1.500111686688339607e-01
-1.477793555728361963e-01
-1.455840384523578723e-01
-1.434230021173305558e-01
-1.412946813612580843e-01
-1.391986561423865787e-01
-1.371346229870349098e-01
-1.351022784215219485e-01
-1.331013189721662882e-01
-1.311314411652869105e-01
-1.291923415272023534e-01
-1.272837165842315987e-01
-1.254052628626932120e-01
-1.235566768889061473e-01
-1.217376551891890812e-01
-1.199478942898608708e-01
-1.181870907172401231e-01
-1.164549409976458061e-01
-1.147511416573964854e-01
-1.130753892228111568e-01
-1.114273802202083996e-01
-1.098068111759070570e-01
-1.082133786162259859e-01
-1.066467790674838073e-01
-1.051067090559994338e-01
-1.035928651080915280e-01
-1.021049437500789608e-01
-1.006426415082803394e-01
-9.920565490901465944e-02
-9.779368047860045876e-02
-9.640641474335674699e-02
-9.504355422960207578e-02
-9.370479546365539925e-02
-9.238983497183532456e-02
-9.109836928046079196e-02
-8.983009491585042250e-02
-8.858470840432305926e-02
-8.736190627219747595e-02
-8.616138504579237689e-02
-8.498284125142667456e-02
-8.382597141541897612e-02
-8.269047206408824957e-02
-8.157603972375306045e-02
-8.048237092073233512e-02
-7.940916218134470850e-02
-7.835611003190907919e-02
-7.732291099874412377e-02
-7.630926160816871306e-02
-7.531485838650148201e-02
-7.433939786006134309e-02
-7.338257655516697286e-02
-7.244409099813720054e-02
-7.152363771529074432e-02
-7.062091323294643341e-02
-6.973561407742297213e-02
-6.886743677503918970e-02
-6.801607785211387369e-02
-6.718123383496570067e-02
-6.636260124991355536e-02
-6.555987662327610044e-02
-6.477275648137223452e-02
-6.400093735052060639e-02
-6.324411575704005917e-02
-6.250198822724932490e-02
-6.177425128746723282e-02
-6.106060146401248029e-02
-6.036073528320391735e-02
-5.967434927136022749e-02
-5.900113995480026768e-02
-5.834080385984274225e-02
-5.769303751280644571e-02
-5.705753744001018646e-02
-5.643400016777266881e-02
-5.582212222241272892e-02
-5.522160013024910580e-02
-5.463213041760058009e-02
-5.405340961078589773e-02
-5.348513423612389489e-02
-5.292700081993325506e-02
-5.237870588853282133e-02
-5.183994596824132578e-02
-5.131041758537756986e-02
-5.078981726626028564e-02
-5.027784153720828153e-02
-4.977418692454030347e-02
-4.927854995457513210e-02
-4.879062715363158276e-02
-4.831011504802833895e-02
-4.783671016408425763e-02
-4.737010902811804314e-02
-4.691000816644851079e-02
-4.645610410539441348e-02
-4.600809337127453880e-02
-4.556567249040763268e-02
-4.512853798911250353e-02
-4.469638639370786953e-02
-4.426891423051255992e-02
-4.384581802584529980e-02
-4.342679430602490454e-02
-4.301153959737009924e-02
-4.259975042619969926e-02
-4.219112331883242972e-02
-4.178535480158709903e-02
-4.138214140078248782e-02
-4.098117964273731428e-02
-4.058216605377041458e-02
-4.018479716020051384e-02
-3.978876948834641353e-02
-3.939377956452685264e-02
-3.899952391506064653e-02
-3.860569906626651338e-02
-3.821200154446328934e-02
-3.781812787596966485e-02
-3.742377458710450383e-02
-3.702863820418648977e-02
-3.663241525353445882e-02
-3.623480226146714306e-02
-3.583549575430335088e-02
