0.000000000000000000e+00
7.661586352354785717e-03
1.532317270470957143e-02
2.298475905706435715e-02
3.064634540941914287e-02
3.830793176177393206e-02
4.596951811412871430e-02
5.363110446648350349e-02
6.129269081883828574e-02
6.895427717119306799e-02
7.661586352354786411e-02
8.427744987590264636e-02
9.193903622825742861e-02
9.960062258061222473e-02
1.072622089329670070e-01
1.149237952853217892e-01
1.225853816376765715e-01
1.302469679900313537e-01
1.379085543423861360e-01
1.455701406947409460e-01
1.532317270470957282e-01
1.608933133994504827e-01
1.685548997518052927e-01
1.762164861041601027e-01
1.838780724565148572e-01
1.915396588088696395e-01
1.992012451612244495e-01
2.068628315135792317e-01
2.145244178659340140e-01
2.221860042182887685e-01
2.298475905706435785e-01
2.375091769229983885e-01
2.451707632753531430e-01
2.528323496277078974e-01
2.604939359800627074e-01
2.681555223324175175e-01
2.758171086847722719e-01
2.834786950371270819e-01
2.911402813894818919e-01
2.988018677418366464e-01
3.064634540941914564e-01
3.141250404465462109e-01
3.217866267989009654e-01
3.294482131512558309e-01
3.371097995036105854e-01
3.447713858559653399e-01
3.524329722083202054e-01
3.600945585606749599e-01
3.677561449130297144e-01
3.754177312653845244e-01
3.830793176177392789e-01
3.907409039700940889e-01
3.984024903224488989e-01
4.060640766748036534e-01
4.137256630271584634e-01
4.213872493795132179e-01
4.290488357318680279e-01
4.367104220842227824e-01
4.443720084365775369e-01
4.520335947889324024e-01
4.596951811412871569e-01
4.673567674936419114e-01
4.750183538459967769e-01
4.826799401983515314e-01
4.903415265507062859e-01
4.980031129030610959e-01
5.056646992554157949e-01
5.133262856077706049e-01
5.209878719601254149e-01
5.286494583124802249e-01
5.363110446648350349e-01
5.439726310171898449e-01
5.516342173695445439e-01
5.592958037218993539e-01
5.669573900742541639e-01
5.746189764266088629e-01
5.822805627789637839e-01
5.899421491313185939e-01
5.976037354836732929e-01
6.052653218360281029e-01
6.129269081883829129e-01
6.205884945407376119e-01
6.282500808930924219e-01
6.359116672454472319e-01
6.435732535978019309e-01
6.512348399501568519e-01
6.588964263025116619e-01
6.665580126548663609e-01
6.742195990072211709e-01
6.818811853595759809e-01
6.895427717119306799e-01
6.972043580642854899e-01
7.048659444166404109e-01
7.125275307689951099e-01
7.201891171213499199e-01
7.278507034737047299e-01
7.355122898260594289e-01
7.431738761784142389e-01
7.508354625307690489e-01
7.584970488831237478e-01
7.661586352354785578e-01
7.738202215878334789e-01
7.814818079401881779e-01
7.891433942925429879e-01
7.968049806448977979e-01
8.044665669972524968e-01
8.121281533496073068e-01
8.197897397019620058e-01
8.274513260543169269e-01
8.351129124066717369e-01
8.427744987590264358e-01
8.504360851113812458e-01
8.580976714637360558e-01
8.657592578160907548e-01
8.734208441684455648e-01
8.810824305208003748e-01
8.887440168731550738e-01
8.964056032255099948e-01
9.040671895778648048e-01
9.117287759302195038e-01
9.193903622825743138e-01
9.270519486349291238e-01
9.347135349872838228e-01
9.423751213396386328e-01
9.500367076919935538e-01
9.576982940443482528e-01
9.653598803967030628e-01
9.730214667490578728e-01
9.806830531014125718e-01
9.883446394537673818e-01
9.960062258061221918e-01
1.003667812158477002e+00
1.011329398510831590e+00
1.018990984863186400e+00
1.026652571215541210e+00
1.034314157567896020e+00
1.041975743920250830e+00
1.049637330272605862e+00
1.057298916624960450e+00
1.064960502977315260e+00
1.072622089329670070e+00
1.080283675682024880e+00
1.087945262034379690e+00
1.095606848386734500e+00
1.103268434739089088e+00
1.110930021091443898e+00
1.118591607443798708e+00
1.126253193796153518e+00
1.133914780148508328e+00
1.141576366500863138e+00
1.149237952853217726e+00
1.156899539205572536e+00
1.164561125557927568e+00
1.172222711910282378e+00
1.179884298262637188e+00
1.187545884614991998e+00
1.195207470967346586e+00
1.202869057319701396e+00
1.210530643672056206e+00
1.218192230024411016e+00
1.225853816376765826e+00
1.233515402729120636e+00
1.241176989081475224e+00
1.248838575433830034e+00
1.256500161786184844e+00
1.264161748138539654e+00
1.271823334490894464e+00
1.279484920843249274e+00
1.287146507195603862e+00
1.294808093547958894e+00
1.302469679900313704e+00
1.310131266252668514e+00
1.317792852605023324e+00
1.325454438957377912e+00
1.333116025309732722e+00
1.340777611662087532e+00
1.348439198014442342e+00
1.356100784366797152e+00
1.363762370719151962e+00
1.371423957071506550e+00
1.379085543423861360e+00
1.386747129776216170e+00
1.394408716128570980e+00
1.402070302480925790e+00
1.409731888833280822e+00
1.417393475185635410e+00
1.425055061537990220e+00
1.432716647890345030e+00
1.440378234242699840e+00
1.448039820595054650e+00
1.455701406947409460e+00
1.463362993299764048e+00
1.471024579652118858e+00
1.478686166004473668e+00
1.486347752356828478e+00
1.494009338709183288e+00
1.501670925061538098e+00
1.509332511413892686e+00
1.516994097766247496e+00
1.524655684118602306e+00
1.532317270470957116e+00
1.539978856823312148e+00
1.547640443175666958e+00
1.555302029528021546e+00
1.562963615880376356e+00
1.570625202232731166e+00
1.578286788585085976e+00
1.585948374937440786e+00
1.593609961289795596e+00
1.601271547642150184e+00
1.608933133994504994e+00
1.616594720346859804e+00
1.624256306699214614e+00
1.631917893051569424e+00
1.639579479403924012e+00
1.647241065756278822e+00
1.654902652108633854e+00
1.662564238460988664e+00
1.670225824813343474e+00
1.677887411165698284e+00
1.685548997518052872e+00
1.693210583870407682e+00
1.700872170222762492e+00
1.708533756575117302e+00
1.716195342927472112e+00
1.723856929279826922e+00
1.731518515632181510e+00
1.739180101984536320e+00
1.746841688336891130e+00
1.754503274689245940e+00
1.762164861041600750e+00
1.769826447393955560e+00
1.777488033746310148e+00
1.785149620098665180e+00
1.792811206451019990e+00
1.800472792803374800e+00
1.808134379155729610e+00
1.815795965508084420e+00
1.823457551860439008e+00
1.831119138212793818e+00
1.838780724565148628e+00
1.846442310917503438e+00
1.854103897269858248e+00
1.861765483622213058e+00
1.869427069974567646e+00
1.877088656326922456e+00
1.884750242679277266e+00
1.892411829031632076e+00
1.900073415383987108e+00
1.907735001736341696e+00
1.915396588088696506e+00
1.923058174441051094e+00
1.930719760793406126e+00
1.938381347145760714e+00
1.946042933498115746e+00
1.953704519850470334e+00
1.961366106202825144e+00
1.969027692555180176e+00
1.976689278907534764e+00
1.984350865259889796e+00
1.992012451612244384e+00
1.999674037964599194e+00
2.007335624316954004e+00
2.014997210669308814e+00
2.022658797021663180e+00
2.030320383374018434e+00
2.037981969726372800e+00
2.045643556078728054e+00
2.053305142431082420e+00
2.060966728783437674e+00
2.068628315135792040e+00
2.076289901488146850e+00
2.083951487840501660e+00
2.091613074192856470e+00
2.099274660545211724e+00
2.106936246897566090e+00
2.114597833249920900e+00
2.122259419602275710e+00
2.129921005954630520e+00
2.137582592306985330e+00
2.145244178659340140e+00
2.152905765011694950e+00
2.160567351364049760e+00
2.168228937716404126e+00
2.175890524068759380e+00
2.183552110421113746e+00
2.191213696773469000e+00
2.198875283125823366e+00
2.206536869478178176e+00
2.214198455830533430e+00
2.221860042182887796e+00
2.229521628535243050e+00
2.237183214887597416e+00
2.244844801239952226e+00
2.252506387592307036e+00
2.260167973944661846e+00
2.267829560297016656e+00
2.275491146649371466e+00
2.283152733001726276e+00
2.290814319354081086e+00
2.298475905706435451e+00
2.306137492058790706e+00
2.313799078411145071e+00
2.321460664763500326e+00
2.329122251115855136e+00
2.336783837468209502e+00
2.344445423820564756e+00
2.352107010172919122e+00
2.359768596525274376e+00
2.367430182877628742e+00
2.375091769229983996e+00
2.382753355582338362e+00
2.390414941934693172e+00
2.398076528287047982e+00
2.405738114639402792e+00
2.413399700991757602e+00
2.421061287344112412e+00
2.428722873696466777e+00
2.436384460048822032e+00
2.444046046401176397e+00
2.451707632753531652e+00
2.459369219105886462e+00
2.467030805458241272e+00
2.474692391810596082e+00
2.482353978162950447e+00
2.490015564515305702e+00
2.497677150867660067e+00
2.505338737220015322e+00
2.513000323572369687e+00
2.520661909924724498e+00
2.528323496277079308e+00
2.535985082629434118e+00
2.543646668981788928e+00
2.551308255334143738e+00
2.558969841686498548e+00
2.566631428038853358e+00
2.574293014391207723e+00
2.581954600743562978e+00
2.589616187095917788e+00
2.597277773448272598e+00
2.604939359800627408e+00
2.612600946152981773e+00
2.620262532505337028e+00
2.627924118857691393e+00
2.635585705210046648e+00
2.643247291562401013e+00
2.650908877914755823e+00
2.658570464267110633e+00
2.666232050619465443e+00
2.673893636971820253e+00
2.681555223324175063e+00
2.689216809676529873e+00
2.696878396028884683e+00
2.704539982381239493e+00
2.712201568733594303e+00
2.719863155085949113e+00
2.727524741438303924e+00
2.735186327790658734e+00
2.742847914143013099e+00
2.750509500495368354e+00
2.758171086847722719e+00
2.765832673200077974e+00
2.773494259552432339e+00
2.781155845904787594e+00
2.788817432257141959e+00
2.796479018609496769e+00
2.804140604961851579e+00
2.811802191314206389e+00
2.819463777666561644e+00
2.827125364018916009e+00
2.834786950371270819e+00
2.842448536723625629e+00
2.850110123075980439e+00
2.857771709428335249e+00
2.865433295780690059e+00
2.873094882133044869e+00
2.880756468485399679e+00
2.888418054837754045e+00
2.896079641190109299e+00
2.903741227542463665e+00
2.911402813894818919e+00
2.919064400247173285e+00
2.926725986599528095e+00
2.934387572951882905e+00
2.942049159304237715e+00
2.949710745656592970e+00
2.957372332008947335e+00
2.965033918361302145e+00
2.972695504713656955e+00
2.980357091066011765e+00
2.988018677418366575e+00
2.995680263770721385e+00
3.003341850123076195e+00
3.011003436475431005e+00
3.018665022827785371e+00
3.026326609180140625e+00
3.033988195532494991e+00
3.041649781884850245e+00
3.049311368237204611e+00
3.056972954589559421e+00
3.064634540941914231e+00
