0.000000000000000000e+00
-3.573434814983224468e-03
-7.818505373129397071e-03
-1.272331098776120772e-02
-1.827595097220134981e-02
-2.446452463977251413e-02
-3.127713130379738277e-02
-3.870187027759867254e-02
-4.672684087449904822e-02
-5.534014240782122313e-02
-6.452987419088786203e-02
-7.428413553702166439e-02
-8.459102575954531578e-02
-9.543864417178157811e-02
-1.068150900870530745e-01
-1.187084628186824975e-01
-1.311068616799924980e-01
-1.439983859843058378e-01
-1.573711350449452373e-01
-1.712132081752333057e-01
-1.855127046884927355e-01
-2.002577238980463026e-01
-2.154363651172166438e-01
-2.310367276593265073e-01
-2.470469108376983358e-01
-2.634550139656551271e-01
-2.802491363565194904e-01
-2.974173773236141183e-01
-3.149478361802616755e-01
-3.328286122397846603e-01
-3.510478048155062369e-01
-3.695935132207485707e-01
-3.884538367688346594e-01
-4.076168747730871122e-01
-4.270707265468287606e-01
-4.468034914033821026e-01
-4.668032686560699140e-01
-4.870581576182150263e-01
-5.075562576031396045e-01
-5.282856679241669795e-01
-5.492344878946195941e-01
-5.703908168278198909e-01
-5.917427540370908678e-01
-6.132783988357553007e-01
-6.349858505371357431e-01
-6.568532084545546379e-01
-6.788685719013352049e-01
-7.010200401907995538e-01
-7.232957126362706823e-01
-7.456836885510714774e-01
-7.681720672485241597e-01
-7.907489480419520600e-01
-8.134024302446770660e-01
-8.361206131700222866e-01
-8.588915961313107195e-01
-8.817034784418643634e-01
-9.045443594150066602e-01
-9.274023383640596085e-01
-9.502655146023464283e-01
-9.731219874431895622e-01
-9.959598561999118971e-01
-1.018767220185835765e+00
-1.041532178714283940e+00
-1.064242831098579645e+00
-1.086887276652044987e+00
-1.109453614688002965e+00
-1.131929944519775688e+00
-1.154304365460686599e+00
-1.176564976824058029e+00
-1.198699877923212975e+00
-1.220697168071473770e+00
-1.242544946582162968e+00
-1.264231312768604010e+00
-1.285744365944118339e+00
-1.307072205422029842e+00
-1.328202930515660851e+00
-1.349124640538334141e+00
-1.369825434803372044e+00
-1.390293412624097336e+00
-1.410516673313833014e+00
-1.430483316185901410e+00
-1.450181440553625301e+00
-1.469599145730327683e+00
-1.488724531029330667e+00
-1.507545695763957472e+00
-1.526050739247530652e+00
-1.544227760793372983e+00
-1.562064859714807019e+00
-1.579550135325154869e+00
-1.596671686937740864e+00
-1.613417613865885780e+00
-1.629776015422913726e+00
-1.645734990922146590e+00
-1.661282639676907591e+00
-1.676407061000518839e+00
-1.691096354206303554e+00
-1.705338618607584067e+00
-1.719121953517683377e+00
-1.732434458249924036e+00
-1.745264232117628378e+00
-1.757599374434119177e+00
-1.769427984512719876e+00
-1.780738161666753028e+00
-1.791518005209539854e+00
-1.801755614454404686e+00
-1.811439088714670742e+00
-1.820556527303658356e+00
-1.829096029534692081e+00
-1.837045694721093581e+00
-1.844393622176186520e+00
-1.851127911213293009e+00
-1.857236661145735601e+00
-1.862707971286837294e+00
-1.867529940949920420e+00
-1.871690669448308642e+00
-1.875179720407238682e+00
-1.878001042852200930e+00
-1.880166750811925080e+00
-1.881689052031100928e+00
-1.882580154254421601e+00
-1.882852265226576449e+00
-1.882517592692257269e+00
-1.881588344396155410e+00
-1.880076728082962889e+00
-1.877994951497369058e+00
-1.875355222384066600e+00
-1.872169748487745533e+00
-1.868450737553098318e+00
-1.864210397324815416e+00
-1.859460935547587956e+00
-1.854214559966107068e+00
-1.848483478325065210e+00
-1.842279898369151958e+00
-1.835616027843058884e+00
-1.828504074491477560e+00
-1.820956246059099115e+00
-1.812984750290614233e+00
-1.804601794930714931e+00
-1.795819587724091893e+00
-1.786650336415437135e+00
-1.777106248749439565e+00
-1.767199532470792755e+00
-1.756942395324187167e+00
-1.746347045054313929e+00
-1.735425689405863725e+00
-1.724190536123528794e+00
-1.712653792951999376e+00
-1.700827667635967044e+00
-1.688724367920123370e+00
-1.676356101549158595e+00
-1.663735076267765400e+00
-1.650873499820633139e+00
-1.637783579952453605e+00
-1.624477524407919038e+00
-1.610967540931720121e+00
-1.597265837268547095e+00
-1.583384621163092421e+00
-1.569336100360046338e+00
-1.555132482604100863e+00
-1.540785975639946237e+00
-1.526308787212274698e+00
-1.511713125065777152e+00
-1.497011196945143841e+00
-1.482215210595067223e+00
-1.467337373760237762e+00
-1.452389894185346808e+00
-1.437384979615085712e+00
-1.422334837794145379e+00
-1.407251676467217383e+00
-1.392147703378991741e+00
-1.377035126274161358e+00
-1.361926152897417142e+00
-1.346832704933707436e+00
-1.331761899158251827e+00
-1.316716865388616986e+00
-1.301700612760913867e+00
-1.286716150411254089e+00
-1.271766487475749940e+00
-1.256854633090512818e+00
-1.241983596391654343e+00
-1.227156386515285913e+00
-1.212376012597520036e+00
-1.197645483774468333e+00
-1.182967809182241981e+00
-1.168345997956952820e+00
-1.153783059234712693e+00
-1.139282002151633666e+00
-1.124845835843827135e+00
-1.110477569447405388e+00
-1.096180212098479378e+00
-1.081956772933160726e+00
-1.067810261087561718e+00
-1.053743685697794419e+00
-1.039760055899969338e+00
-1.025862380830199427e+00
-1.012053669624595642e+00
-9.983369314192700461e-01
-9.847151753503340377e-01
-9.711914105539001252e-01
-9.577686461660792627e-01
-9.444498913229835146e-01
-9.312381551607238350e-01
-9.181364468154132874e-01
-9.051477754231627149e-01
-8.922751501200838486e-01
-8.795215800422894192e-01
-8.668900743258897146e-01
-8.543836421069974651e-01
-8.420052925217240691e-01
-8.297580347061811468e-01
-8.176448777964805403e-01
-8.056688309287338701e-01
-7.938329032390530893e-01
-7.821401038635494851e-01
-7.705934419383354550e-01
-7.591959265995223971e-01
-7.479505669832212655e-01
-7.368603722255452348e-01
-7.259283514626050371e-01
-7.151575138305129586e-01
-7.045508684653802867e-01
-6.941114245033189745e-01
-6.838421910804407533e-01
-6.737461773328570214e-01
-6.638263923966801761e-01
-6.540858454080210604e-01
-6.445275455029922940e-01
-6.351545018177049418e-01
-6.259697234882711792e-01
-6.169761409746365999e-01
-6.081740855093440423e-01
-5.995607558479643107e-01
-5.911331642544164211e-01
-5.828883229926189458e-01
-5.748232443264910119e-01
-5.669349405199514136e-01
-5.592204238369188340e-01
-5.516767065413117344e-01
-5.443008008970496858e-01
-5.370897191680508165e-01
-5.300404736182342535e-01
-5.231500765115185692e-01
-5.164155401118227795e-01
-5.098338766830659008e-01
-5.034020984891662831e-01
-4.971172177940429426e-01
-4.909762468616146180e-01
-4.849761979558002145e-01
-4.791140833405182486e-01
-4.733869152796880697e-01
-4.677917060372279168e-01
-4.623254678770571391e-01
-4.569852130630941422e-01
-4.517679538592579425e-01
-4.466707025294670563e-01
-4.416904713376407221e-01
-4.368242725476972899e-01
-4.320691184235558868e-01
-4.274220212291353627e-01
-4.228799932283541230e-01
-4.184400466851315170e-01
-4.140991938633858394e-01
-4.098544470270363282e-01
-4.057028184400013338e-01
-4.016413203662002052e-01
-3.976669650695511260e-01
-3.937767648139735566e-01
-3.899677318633856804e-01
-3.862368784817069578e-01
-3.825812169328555723e-01
-3.789977594807507066e-01
-3.754835183893109885e-01
-3.720355059224554894e-01
-3.686507343441025042e-01
-3.653262159181712154e-01
-3.620589629085805838e-01
-3.588459875792489595e-01
-3.556843021940955807e-01
-3.525709190170388529e-01
-3.495028503119980701e-01
-3.464771083428915266e-01
-3.434907053736384608e-01
-3.405406536681573337e-01
-3.376239654903672172e-01
-3.347376531041866277e-01
-3.318787287735346925e-01
-3.290442160994871967e-01
-3.262321264329473003e-01
-3.234422113784581887e-01
-3.206743996836454169e-01
-3.179286200961348174e-01
-3.152048013635516677e-01
-3.125028722335220221e-01
-3.098227614536710472e-01
-3.071643977716246865e-01
-3.045277099350082728e-01
-3.019126266914476386e-01
-2.993190767885682280e-01
-2.967469889739958733e-01
-2.941962919953557964e-01
-2.916669146002741630e-01
-2.891587855363759729e-01
-2.866718335512873361e-01
-2.842059873926335301e-01
-2.817611758080403317e-01
-2.793373275451334070e-01
-2.769343713515380889e-01
-2.745522359748803765e-01
-2.721908501627854915e-01
-2.698501426628795441e-01
-2.675300422227874231e-01
-2.652304775901354605e-01
-2.629513775125486563e-01
-2.606926707376532315e-01
-2.584542860130742414e-01
-2.562361520864376851e-01
-2.540381977053688956e-01
-2.518603516174937051e-01
-2.497025425704375301e-01
-2.475646993118261752e-01
-2.454467505892850565e-01
-2.433486251504399234e-01
-2.412702517429163585e-01
-2.392115591143398334e-01
-2.371724760123363196e-01
-2.351529311845310111e-01
-2.331528533785498236e-01
-2.311721713420180624e-01
-2.292108138225616987e-01
-2.272687095678060376e-01
-2.253457873253768562e-01
-2.234419758428996539e-01
-2.215572038680001521e-01
-2.196914001483038503e-01
-2.178444934314364978e-01
-2.160164124650235939e-01
-2.142070859966907770e-01
-2.124164427740636574e-01
-2.106444115447678456e-01
-2.088909210564290353e-01
-2.071559000566725872e-01
-2.054392772931244726e-01
-2.037409815134099689e-01
-2.020609414651549085e-01
-2.003990858959847632e-01
-1.987553435535252822e-01
-1.971296431854018538e-01
-1.955219135392404217e-01
-1.939320833626662077e-01
-1.923600814033051831e-01
-1.908058364087826253e-01
-1.892692771267244223e-01
-1.877503323047560180e-01
-1.862489306905030229e-01
-1.847650010315912417e-01
-1.832984720756459796e-01
-1.818492725702931245e-01
-1.804173312631581483e-01
-1.790025769018666890e-01
-1.776049382340442739e-01
-1.762243440073167633e-01
-1.748607229693094067e-01
-1.735140038676480922e-01
-1.721841154499582915e-01
-1.708709864638657261e-01
-1.695745456569958676e-01
-1.682947217769744652e-01
-1.670314435714270185e-01
-1.657846397879791656e-01
-1.645542391742566557e-01
-1.633401704778848218e-01
-1.621423624464895241e-01
-1.609607438276962066e-01
-1.597952433691306462e-01
-1.586457898184182869e-01
-1.575123119231848223e-01
-1.563947384310558353e-01
-1.552929980896570195e-01
-1.542070196466138188e-01
-1.531367318495520102e-01
-1.520820634460970655e-01
-1.510429431838747338e-01
-1.500192998105105147e-01
-1.490110620736300739e-01
-1.480181587208589666e-01
-1.470405184998228587e-01
-1.460780701581473606e-01
-1.451307424434579996e-01
-1.441984641033804970e-01
-1.432811638855404079e-01
-1.423787705375633983e-01
-1.414912128070749953e-01
-1.406184194417008371e-01
-1.397603191890665064e-01
-1.389168407967976970e-01
-1.380879130125199084e-01
-1.372734645838589174e-01
-1.364734242584401402e-01
-1.356877207838892985e-01
-1.349162829078319470e-01
-1.341590393778937518e-01
