0.000000000000000000e+00
1.975462973280219317e-03
1.699655846163147582e-03
-7.849677464689233707e-04
-5.435954169733707778e-03
-1.221084978874892660e-02
-2.106720096863229016e-02
-3.196255407450149244e-02
-4.485445547147429157e-02
-5.970045152466834509e-02
-7.645808859920139033e-02
-9.508491306019116462e-02
-1.155384712727553220e-01
-1.377763096020116484e-01
-1.617559744130778188e-01
-1.874350120710714940e-01
-2.147709689411105016e-01
-2.437213913883124472e-01
-2.742438257777952693e-01
-3.062958184746763513e-01
-3.398349158440733819e-01
-3.748186642511044386e-01
-4.112046100608871546e-01
-4.489502996385391076e-01
-4.880132793491778198e-01
-5.283510955579212576e-01
-5.699212946298873872e-01
-6.126814229301934533e-01
-6.565890268239573668e-01
-7.016016526762965944e-01
-7.476768468523294908e-01
-7.947721557171730788e-01
-8.428451256359453803e-01
-8.918533029737641948e-01
-9.417542340957468783e-01
-9.925054653670117855e-01
-1.044064543152676050e+00
-1.096389013817857361e+00
-1.149436423727673962e+00
-1.203164319247243208e+00
-1.257530246741682012e+00
-1.312491752576109727e+00
-1.368006383115642821e+00
-1.424031684725400204e+00
-1.480525203770498122e+00
-1.537444486616055261e+00
-1.594747079627189645e+00
-1.652390529169017519e+00
-1.710332381606657792e+00
-1.768530183305227599e+00
-1.826941480629844516e+00
-1.885523819945627899e+00
-1.944234747617693770e+00
-2.003031810011159930e+00
-2.061872553491144622e+00
-2.120714524422765646e+00
-2.179515269171140801e+00
-2.238232334101386556e+00
-2.296823265578622042e+00
-2.355245609967964171e+00
-2.413456913634530743e+00
-2.471414722943440889e+00
-2.529076584259810634e+00
-2.586400043948757776e+00
-2.643342648375400117e+00
-2.699861943904856343e+00
-2.755915476902243366e+00
-2.811460793732677654e+00
-2.866455440761279672e+00
-2.920856964353165885e+00
-2.974622910873453652e+00
-3.027710826687261214e+00
-3.080078258159705928e+00
-3.131682751655904706e+00
-3.182481853540975791e+00
-3.232433110180039204e+00
-3.281494067938210080e+00
-3.329622273180605330e+00
-3.376775272272345862e+00
-3.422910611578545037e+00
-3.467985837464324650e+00
-3.511958496294801613e+00
-3.554786134435092393e+00
-3.596426298250314790e+00
-3.636836534105587493e+00
-3.675974388366028744e+00
-3.713797407396753680e+00
-3.750263137562881433e+00
-3.785329125229529801e+00
-3.818952929129413310e+00
-3.851104426120580015e+00
-3.881788926222816904e+00
-3.911018071664919660e+00
-3.938803504675682632e+00
-3.965156867483901948e+00
-3.990089802318370182e+00
-4.013613951407884350e+00
-4.035740956981237026e+00
-4.056482461267225226e+00
-4.075850106494642411e+00
-4.093855534892284709e+00
-4.110510388688945582e+00
-4.125826310113421158e+00
-4.139814941394505787e+00
-4.152487924760993820e+00
-4.163856902441682273e+00
-4.173933516665362831e+00
-4.182729409660831621e+00
-4.190256223656884771e+00
-4.196525600882315743e+00
-4.201549183565918888e+00
-4.205338613936491221e+00
-4.207905534222826205e+00
-4.209261586653719078e+00
-4.209418413457963304e+00
-4.208387656864356785e+00
-4.206180959101691208e+00
-4.202809962398763588e+00
-4.198286308984368276e+00
-4.192621641087299622e+00
-4.185827600936352866e+00
-4.177915830760321469e+00
-4.168897972788003337e+00
-4.158785669248191930e+00
-4.147590562369680711e+00
-4.135324294381265808e+00
-4.121998507511741572e+00
-4.107624843989904129e+00
-4.092214946044546942e+00
-4.075780455904465249e+00
-4.058333015798456067e+00
-4.039884267955309305e+00
-4.020445854603823754e+00
-4.000029417972794654e+00
-3.978647463175370547e+00
-3.956322526355350533e+00
-3.933083615289204804e+00
-3.908959845613949380e+00
-3.883980332966600724e+00
-3.858174192984176631e+00
-3.831570541303686905e+00
-3.804198493562154226e+00
-3.776087165396591061e+00
-3.747265672444013873e+00
-3.717763130341437350e+00
-3.687608654725880175e+00
-3.656831361234355260e+00
-3.625460365503880400e+00
-3.593524783171470727e+00
-3.561053729874141371e+00
-3.528076321248910574e+00
-3.494621672932792134e+00
-3.460718900562800737e+00
-3.426397119775955513e+00
-3.391685446209271593e+00
-3.356612995499763219e+00
-3.321208883284447300e+00
-3.285502225200339854e+00
-3.249522136884455570e+00
-3.213297733973811798e+00
-3.176858132105424559e+00
-3.140232446916308096e+00
-3.103449794043480647e+00
-3.066539289123954681e+00
-3.029530047794750214e+00
-2.992451185692879267e+00
-2.955331818455360526e+00
-2.918201061719207789e+00
-2.881088031121438853e+00
-2.844021842299067515e+00
-2.807031610889110684e+00
-2.770146452528585712e+00
-2.733395482854506842e+00
-2.696807817503889204e+00
-2.660412572113751040e+00
-2.624238862321107035e+00
-2.588315803762971878e+00
-2.552672512076362921e+00
-2.517338053099872131e+00
-2.482333406653021157e+00
-2.447662596192021311e+00
-2.413327510065658821e+00
-2.379330036622721245e+00
-2.345672064211997476e+00
-2.312355481182274630e+00
-2.279382175882340267e+00
-2.246754036660982834e+00
-2.214472951866988559e+00
-2.182540809849146335e+00
-2.150959498956243277e+00
-2.119730907537067388e+00
-2.088856923940406229e+00
-2.058339436515047804e+00
-2.028180333609779673e+00
-1.998381503573389617e+00
-1.968944834754664308e+00
-1.939872215502392860e+00
-1.911165534165362390e+00
-1.882826679092360456e+00
-1.854857538632175284e+00
-1.827260001133593992e+00
-1.800035954945404137e+00
-1.773187288416394169e+00
-1.746715889895350982e+00
-1.720623647731063244e+00
-1.694912450272318072e+00
-1.669584185867903248e+00
-1.644640742866606553e+00
-1.620084009617214882e+00
-1.595915874468517348e+00
-1.572138225769300846e+00
-1.548752951868352712e+00
-1.525761941114461395e+00
-1.503167081856414233e+00
-1.480970262442999008e+00
-1.459173371223003501e+00
-1.437778296545214385e+00
-1.416786926758421661e+00
-1.396201150211410891e+00
-1.376022855252970523e+00
-1.356253930231888560e+00
-1.336896263496952564e+00
-1.317951743396949649e+00
-1.299421530938489555e+00
-1.281301010801376261e+00
-1.263582813095472046e+00
-1.246259550966389629e+00
-1.229323837559743504e+00
-1.212768286021146169e+00
-1.196585509496211008e+00
-1.180768121130552073e+00
-1.165308734069782748e+00
-1.150199961459515752e+00
-1.135434416445364247e+00
-1.121004712172942952e+00
-1.106903461787864584e+00
-1.093123278435742307e+00
-1.079656775262189505e+00
-1.066496565412819786e+00
-1.053635262033246534e+00
-1.041065478269082911e+00
-1.028779827265942526e+00
-1.016770922169439206e+00
-1.005031376125185005e+00
-9.935538022787945289e-01
-9.823308137758806069e-01
-9.713550237620569572e-01
-9.606190453829368536e-01
-9.501154917841333480e-01
-9.398369761112608245e-01
-9.297761115099310025e-01
-9.199255111257591544e-01
-9.102777881043569996e-01
-9.008255555913396995e-01
-8.915614267323184183e-01
-8.824780146729084285e-01
-8.735679325587224486e-01
-8.648237935353735306e-01
-8.562382107484756144e-01
-8.478037973436416408e-01
-8.395131664664858828e-01
-8.313589312626202821e-01
-8.233337048776596667e-01
-8.154301004572163114e-01
-8.076407311469042671e-01
-7.999582100923365857e-01
-7.923751504391269851e-01
-7.848842059365009893e-01
-7.774804665504471135e-01
-7.701627983829318902e-01
-7.629303923648255159e-01
-7.557824394269962998e-01
-7.487181305003151044e-01
-7.417366565156494618e-01
-7.348372084038694574e-01
-7.280189770958446216e-01
-7.212811535224432635e-01
-7.146229286145360238e-01
-7.080434933029908784e-01
-7.015420385186779129e-01
-6.951177551924656584e-01
-6.887698342552243114e-01
-6.824974666378224031e-01
-6.762998432711296859e-01
-6.701761550860148020e-01
-6.641255930133478369e-01
-6.581473479839972107e-01
-6.522406109288331200e-01
-6.464045727787235407e-01
-6.406384244645388915e-01
-6.349413569171483696e-01
-6.293125610674203951e-01
-6.237512278462252757e-01
-6.182565481844312094e-01
-6.128277130129086148e-01
-6.074639132625258009e-01
-6.021643398641524092e-01
-5.969281837486577480e-01
-5.917546358469113477e-01
-5.866428870897815173e-01
-5.815921284081386755e-01
-5.766015507328515755e-01
-5.716703449947891924e-01
-5.667977021248210567e-01
-5.619828130538164768e-01
-5.572248687126449829e-01
-5.525230600321752172e-01
-5.478765779432771543e-01
-5.432846133768193253e-01
-5.387463572636717046e-01
-5.342610005347031565e-01
-5.298277341207829894e-01
-5.254457798053735473e-01
-5.211145320138911297e-01
-5.168334451896861026e-01
-5.126019738363691847e-01
-5.084195724575498732e-01
-5.042856955568387756e-01
-5.001997976378453892e-01
-4.961613332041805990e-01
-4.921697567594535694e-01
-4.882245228072749632e-01
-4.843250858512548884e-01
-4.804709003950030088e-01
-4.766614209421296544e-01
-4.728961019962448775e-01
-4.691743980609588971e-01
-4.654957636398813769e-01
-4.618596532366232577e-01
-4.582655213547933704e-01
-4.547128224980029332e-01
-4.512010111698610548e-01
-4.477295418739788979e-01
-4.442978691139654046e-01
-4.409054473934315710e-01
-4.375517312159868943e-01
-4.342361750852417601e-01
-4.309582335048060542e-01
-4.277173609782897734e-01
-4.245130120093035808e-01
-4.213446411014567516e-01
-4.182117027583600044e-01
-4.151136514836228919e-01
-4.120499417808559661e-01
-4.090200281536689464e-01
-4.060233651056723292e-01
-4.030594071404755563e-01
-4.001276087616894572e-01
-3.972274244729233628e-01
-3.943583087777879359e-01
-3.915197161798928960e-01
-3.887111011828485729e-01
-3.859319182902648526e-01
-3.831816220057517874e-01
-3.804596668329197628e-01
-3.777655072753783871e-01
-3.750985978367382678e-01
-3.724583930206090687e-01
-3.698443473306009532e-01
-3.672559152703240848e-01
-3.646925513433886823e-01
-3.621537100534044096e-01
-3.596388459039817076e-01
-3.571474133987304067e-01
-3.546788670412609479e-01
-3.522326613351829949e-01
-3.498082507841068778e-01
-3.474050898916424823e-01
-3.450226331613999720e-01
-3.426603350969896211e-01
-3.403176502020212046e-01
-3.379940329801050525e-01
-3.356889379348509395e-01
-3.334018195698693621e-01
-3.311321323887699841e-01
-3.288793308951631911e-01
-3.266428695926588688e-01
-3.244222029848671807e-01
-3.222167855753980126e-01
-3.200260718678618055e-01
-3.178495163658683342e-01
-3.156865735730278733e-01
-3.135366979929503084e-01
-3.113993441292459141e-01
-3.092739664855245207e-01
-3.071600195653963472e-01
-3.050569578724717235e-01
-3.029642359103602578e-01
-3.008813081826723912e-01
-2.988076291930179540e-01
-2.967426534450071651e-01
-2.946858354422501325e-01
-2.926366296883567975e-01
-2.905944906869373234e-01
-2.885588729416018738e-01
-2.865292309559602790e-01
-2.845050192336228134e-01
-2.824856922781995294e-01
-2.804707045933004794e-01
-2.784595106825357158e-01
-2.764515650495153465e-01
