-1.455592165388796150e-09
6.541351019861114946e-02
1.298713045735371829e-01
1.933777899189057237e-01
2.559373744844364862e-01
3.175544665198490879e-01
3.782334742748633682e-01
4.379788059991993054e-01
4.967948699425762116e-01
5.546860743547142869e-01
6.116568274853326770e-01
6.677115375841515821e-01
7.228546129008903698e-01
7.770904616852696289e-01
8.304234921870085051e-01
8.828581126558264769e-01
9.343987313414433560e-01
9.850497564935792871e-01
1.034815596361953860e+00
1.083700659196286775e+00
1.131709353246297622e+00
1.178846086761706768e+00
1.225115267992233248e+00
1.270521305187597205e+00
1.315068606597517453e+00
1.358761580471715025e+00
1.401604635059908954e+00
1.443602178611819387e+00
1.484758619377165800e+00
1.525078365605667896e+00
1.564565825547046041e+00
1.603225407451018825e+00
1.641061519567306393e+00
1.678078570145629111e+00
1.714280967435706460e+00
1.749673119687257694e+00
1.784259435150003181e+00
1.818044322073662400e+00
1.851032188707954385e+00
1.883227443302599724e+00
1.914634494107318785e+00
1.945257749371829714e+00
1.975101617345853100e+00
2.004170506279109087e+00
2.032468824421317155e+00
2.060000980022195893e+00
2.086771381331467001e+00
2.112784436598848625e+00
2.138044554074061576e+00
2.162556142006825333e+00
2.186323608646858485e+00
2.209351362243882733e+00
2.231643811047616666e+00
2.253205363307779763e+00
2.274040427274092391e+00
2.294153411196273584e+00
2.313548723324044154e+00
2.332230771907123135e+00
2.350203965195230005e+00
2.367472711438085131e+00
2.384041418885409325e+00
2.399914495786918955e+00
2.415096350392337055e+00
2.429591390951382213e+00
2.443404025713773464e+00
2.456538662929232064e+00
2.468999710847475715e+00
2.480791577718227003e+00
2.491918671791202300e+00
2.502385401316124192e+00
2.512196174542710825e+00
2.521355399720681678e+00
2.529867485099758895e+00
2.537736838929658845e+00
2.544967869460104559e+00
2.551564984940812852e+00
2.557532593621505423e+00
2.562875103751901307e+00
2.567596923581719981e+00
2.571702461360682701e+00
2.575196125338507169e+00
2.578082323764913752e+00
2.580365464889622817e+00
2.582049956962353399e+00
2.583140208232825863e+00
2.583640626950759689e+00
2.583555621365874355e+00
2.582889599727890229e+00
2.581646970286525899e+00
2.579832141291503067e+00
2.577449520992539433e+00
2.574503517639355810e+00
2.570998539481671674e+00
2.566938994769207394e+00
2.562329291751681115e+00
2.557173838678814093e+00
2.551477043800325362e+00
2.545243315365935288e+00
2.538477061625363351e+00
2.531182690828328141e+00
2.523364611224550913e+00
2.515027231063751145e+00
2.506174958595648761e+00
2.496812202069961462e+00
2.486943369736411391e+00
2.476572869844718916e+00
2.465705110644600850e+00
2.454344500385778893e+00
2.442495447317972079e+00
2.430162359690900775e+00
2.417349645754284015e+00
2.404061713757841723e+00
2.390302971951294708e+00
2.376077828584361118e+00
2.361390691906761319e+00
2.346246482694198221e+00
2.330655156777625248e+00
2.314629527832875677e+00
2.298182442337444620e+00
2.281326746768828517e+00
2.264075287604522924e+00
2.246440911322022949e+00
2.228436464398825034e+00
2.210074793312425179e+00
2.191368744540317159e+00
2.172331164559997863e+00
2.152974899848963730e+00
2.133312796884709428e+00
2.113357702144731398e+00
2.093122462106523862e+00
2.072619923247585039e+00
2.051862932045407817e+00
2.030864334977490415e+00
2.009636978521326167e+00
1.988193709154412181e+00
1.966547373354243788e+00
1.944710817598316543e+00
1.922696888364126444e+00
1.900518432129169044e+00
1.878188295370941008e+00
1.855719324566935668e+00
1.833124366194650356e+00
1.810416266731581070e+00
1.787607872655222696e+00
1.764712030443070789e+00
1.741741586572622014e+00
1.718709387521370591e+00
1.695628279766813851e+00
1.672511109786446237e+00
1.649370724057763749e+00
1.626219969058262826e+00
1.603071691265438137e+00
1.579938737156784789e+00
1.556833953209800780e+00
1.533770185901980110e+00
1.510760281710818553e+00
1.487817087113812109e+00
1.464953448588456553e+00
1.442182212612247216e+00
1.419516225662680320e+00
1.396968334217251417e+00
1.374551384753455396e+00
1.352278223748788699e+00
1.330161697680747324e+00
1.308214653026826380e+00
1.286449936264521421e+00
1.264880393871328446e+00
1.243518872324742786e+00
1.222378218102260883e+00
1.201471277681376959e+00
1.180810897539588344e+00
1.160409924154390815e+00
1.140280740248711844e+00
1.120427938917997190e+00
1.100849649678420139e+00
1.081543806399696495e+00
1.062508342951542062e+00
1.043741193203672424e+00
1.025240291025803385e+00
1.007003570287650973e+00
9.890289648589304372e-01
9.713144086093582485e-01
9.538578354086502120e-01
9.366571791265211333e-01
9.197103736326869283e-01
9.030153527968644012e-01
8.865700504887689126e-01
8.703724005781160455e-01
8.544203369346219379e-01
8.387117934280017284e-01
8.232447039279715550e-01
8.080170023042471117e-01
7.930266224265446473e-01
7.782714981645793006e-01
7.637495633880670987e-01
7.494587519667238462e-01
7.353969977702652372e-01
7.215622346684070765e-01
7.079523965308652800e-01
6.945654172273555416e-01
6.813992306275935551e-01
6.684517706012950145e-01
6.557209710181759466e-01
6.432047657479520453e-01
6.309010886603391155e-01
6.188078736250529621e-01
6.069230545118093900e-01
5.952445651903240931e-01
5.837703395303127651e-01
5.724983114014913221e-01
5.614264146735755689e-01
5.505525832162810884e-01
5.398747508993237965e-01
5.293908515924192759e-01
5.190988191652837758e-01
5.089965874876328789e-01
4.990820904291815574e-01
4.893532618596468931e-01
4.798080356487440801e-01
4.704443456661889233e-01
4.612601257816970612e-01
4.522533098649843541e-01
4.434218317857667180e-01
4.347636254137596801e-01
4.262766246186793784e-01
4.179587632702412847e-01
4.098079752381613705e-01
4.018221943921552186e-01
3.939993546019386894e-01
3.863373876837625231e-01
3.788341576134757749e-01
3.714874466085955618e-01
3.642950320191664648e-01
3.572546911952327875e-01
3.503642014868394439e-01
3.436213402440306819e-01
3.370238848168511936e-01
3.305696125553453379e-01
3.242563008095576960e-01
3.180817269295326821e-01
3.120436682653147664e-01
3.061399021669485854e-01
3.003682059844787755e-01
2.947263570679495848e-01
2.892121327674056497e-01
2.838233104328915513e-01
2.785576674144515374e-01
2.734129810621304113e-01
2.683870287259723098e-01
2.634775877560223689e-01
2.586824355023245037e-01
2.539993493149236281e-01
2.494261065438638791e-01
2.449604845391902264e-01
2.406002606509466679e-01
2.363432122291781179e-01
2.321871166239288797e-01
2.281297511852433957e-01
2.241688932631665243e-01
2.203023202077423193e-01
2.165278093690157779e-01
2.128431380970309539e-01
2.092460837418327613e-01
2.057344236534652815e-01
2.023059351819735119e-01
1.989583956774014506e-01
1.956895824897940672e-01
1.924972729691954432e-01
1.893792444656506035e-01
1.863332743292035465e-01
1.833571399098991861e-01
1.804486185577816593e-01
1.776054876228958801e-01
1.748255244552859577e-01
1.721065064049965287e-01
1.694462108220724239e-01
1.668424150565576969e-01
1.642928964584972340e-01
1.617954323779351999e-01
1.593478001649164533e-01
1.569477771694852142e-01
1.545931407416862025e-01
1.522816682315637216e-01
1.500111369891624913e-01
1.477793243645268151e-01
1.455840077077014960e-01
1.434229718290857547e-01
1.412946515225137756e-01
1.391986267463204696e-01
1.371345940268888508e-01
1.351022498906018776e-01
1.331012908638422587e-01
1.311314134729931746e-01
1.291923142444372230e-01
1.272836897045575011e-01
1.254052363797367453e-01
1.235566507963580807e-01
1.217376294808041465e-01
1.199478689594580538e-01
1.181870657587024698e-01
1.164549164049205887e-01
1.147511174244950083e-01
1.130753653438088396e-01
1.114273566892449163e-01
1.098067879871860303e-01
1.082133557640152371e-01
1.066467565461153288e-01
1.051066868598693194e-01
1.035928432316599590e-01
1.021049221878702756e-01
1.006426202548830334e-01
9.920563395908126025e-02
9.779365982684769254e-02
9.640639438456545529e-02
9.504353415861721555e-02
9.370477567538605668e-02
9.238981546125472899e-02
9.109835004260623259e-02
8.983007594582337330e-02
8.858468969728915121e-02
8.736188782338635828e-02
8.616136685049792521e-02
8.498282330500686599e-02
8.382595371329584766e-02
8.269045460174802298e-02
8.157602249674608674e-02
8.048235392467306681e-02
7.940914541191172737e-02
7.835609348484512404e-02
7.732289466985603488e-02
7.630924549332741835e-02
7.531484248164212192e-02
7.433938216118309017e-02
7.338256105833317056e-02
7.244407569947533543e-02
7.152362261099239060e-02
7.062089831926730843e-02
6.973559935068292248e-02
6.886742223162217735e-02
6.801606348846798988e-02
6.718121964760315201e-02
6.636258723541070548e-02
6.555986277827341446e-02
6.477274280257427908e-02
6.400092383469611901e-02
6.324410240102189273e-02
6.250197502793443383e-02
6.177423824181672851e-02
6.106058856905154791e-02
6.036072253602191295e-02
5.967433666911062945e-02
5.900112749470066975e-02
5.834079153917486049e-02
5.769302532891611851e-02
5.705752539030740922e-02
5.643398824973151762e-02
5.582211043357144381e-02
5.522158846821001443e-02
5.463211888003016020e-02
5.405339819541475632e-02
5.348512294074672657e-02
5.292698964240893228e-02
5.237869482678431110e-02
5.183993502025572436e-02
5.131040674920610972e-02
5.078980654001830769e-02
5.027783091907526286e-02
4.977417641275984350e-02
4.927853954745495257e-02
4.879061684954353467e-02
4.831010484540840255e-02
4.783670006143252856e-02
4.737009902399874628e-02
4.690999825949000723e-02
4.645609429428917275e-02
4.600808365477915968e-02
4.556566286734284321e-02
4.512852845836316101e-02
4.469637695422295359e-02
4.426890488130517248e-02
4.384580876599265820e-02
4.342678513466836920e-02
4.301153051371515296e-02
4.259974142951594711e-02
4.219111440845359912e-02
4.178534597691104663e-02
4.138213266127118567e-02
4.098117098791687757e-02
4.058215748323106692e-02
4.018478867359660811e-02
3.978876108539643880e-02
3.939377124501341337e-02
3.899951567883047643e-02
3.860569091323046154e-02
3.821199347459634105e-02
3.781811988931094159e-02
3.742376668375722165e-02
3.702863038431801479e-02
3.663240751737628642e-02
3.623479460931487012e-02
3.583548818651670353e-02
