-1.455592165388796150e-09
-1.393455918095772830e-09
-1.332969885142814598e-09
-1.274113043800364232e-09
-1.216864371338864304e-09
-1.161202845028756147e-09
-1.107107442140483159e-09
-1.054557139944487707e-09
-1.003530915711211948e-09
-9.540077467110980413e-10
-9.059666102145883527e-10
-8.593864834921257645e-10
-8.142463438141515048e-10
-7.705251684511088696e-10
-7.282019346734404312e-10
-6.872556197515879348e-10
-6.476652009559940560e-10
-6.094096555571010568e-10
-5.724679608253510960e-10
-5.368190940311870560e-10
-5.024420324450507854e-10
-4.693157533373849598e-10
-4.374192339786312209e-10
-4.067314516392329681e-10
-3.772313835896322569e-10
-3.488980071002713491e-10
-3.217102994415924036e-10
-2.956472378840378892e-10
-2.706877996980505332e-10
-2.468109621540722876e-10
-2.239957025225454404e-10
-2.022209980739127188e-10
-1.814658260786163591e-10
-1.617091638070985976e-10
-1.429299885298018255e-10
-1.251072775171684085e-10
-1.082200080396409574e-10
-9.224715736766154057e-11
-7.716770277167249760e-11
-6.296062152211649124e-11
-4.960489088943569956e-11
-3.707948814407236527e-11
-2.536339055646904448e-11
-1.443557539706798959e-11
-4.275019936311562046e-12
5.139298555357710314e-12
1.382840280749778270e-11
2.181331554966599962e-11
2.911505951142001015e-11
3.575465742231767498e-11
4.175313201191639921e-11
4.713150600977400478e-11
5.191080214544803572e-11
5.611204314849605547e-11
5.975625174847583426e-11
6.286445067494494843e-11
6.545766265746107129e-11
6.755691042558181150e-11
6.918321670886479066e-11
7.035760423686766913e-11
7.110109573914809435e-11
7.143471394526367500e-11
7.137948158477212314e-11
7.095642138723096988e-11
7.018655608219788853e-11
6.909090839923052652e-11
6.769050106788654422e-11
6.600635681772356322e-11
6.405949837829920512e-11
6.187094847917109151e-11
5.946172984989688276e-11
5.685286522003425862e-11
5.406537731914083422e-11
5.112028887677421177e-11
4.803862262249201285e-11
4.484140128585195601e-11
4.154964759641154651e-11
3.818438428372858042e-11
3.476663407736060826e-11
3.131741970686527747e-11
2.785776390180025164e-11
2.440868939172312974e-11
2.099121890619157216e-11
1.762637517476317785e-11
1.433518092699567020e-11
1.113865889244654964e-11
8.057831800673597686e-12
5.113722381234373744e-12
2.327353363686539795e-12
-2.802586165481462539e-13
-2.694166683373786548e-12
-4.916883659960173878e-12
-6.954042567042224426e-12
-8.811276425354788538e-12
-1.049421825563279572e-11
-1.200850107861110603e-11
-1.335975791502466350e-11
-1.455362178560833786e-11
-1.559572571109704249e-11
-1.649170271222566487e-11
-1.724718580972908767e-11
-1.786780802434224202e-11
-1.835920237679998795e-11
-1.872700188783724367e-11
-1.897683957818889506e-11
-1.911434846858984095e-11
-1.914516157977498660e-11
-1.907491193247922114e-11
-1.890923254743743046e-11
-1.865375644538453599e-11
-1.831411664705541716e-11
-1.789594617318497278e-11
-1.740487804450811137e-11
-1.684654528175971233e-11
-1.622658090567467774e-11
-1.555061793698791285e-11
-1.482428939643430033e-11
-1.405322830474874708e-11
-1.324306768266613413e-11
-1.239944055092138776e-11
-1.152797993024938417e-11
-1.063431884138502218e-11
-9.724090305063202205e-12
-8.802927342018816612e-12
-7.876462972986746438e-12
-6.950330218701924425e-12
-6.030162099899222730e-12
-5.121591637313548246e-12
-4.230251851679794940e-12
-3.361775763732851126e-12
-2.521796394207620060e-12
-1.715946763839001568e-12
-9.498598933618823460e-13
-2.291688035111701956e-13
4.408461948111751935e-13
1.059005042511005131e-12
1.626773004241154787e-12
2.145659433383584599e-12
2.617173683320214312e-12
3.042825107433007694e-12
3.424123059103912560e-12
3.762576891714888440e-12
4.059695958647872647e-12
4.316989613284815419e-12
4.535967209007671034e-12
4.718138099198384884e-12
4.865011637238903977e-12
4.978097176511185013e-12
5.058904070397171769e-12
5.108941672278811253e-12
5.129719335538056933e-12
5.122746413556855010e-12
5.089532259717154915e-12
5.031586227400904463e-12
4.950417669990057123e-12
4.847535940866559096e-12
4.724450393412359004e-12
4.582670381009403854e-12
4.423705257039647118e-12
4.249064374885038225e-12
4.060257087927522567e-12
3.858792749549049576e-12
3.646180713131570297e-12
3.423930332057032546e-12
3.193550959707387774e-12
2.956551949464580564e-12
2.714442654710563982e-12
2.468732428827282208e-12
2.220930625196690328e-12
1.972546597200727272e-12
1.725089698221354385e-12
1.480069281640517463e-12
1.238994700840164320e-12
1.003375309202240552e-12
7.747204601087002342e-13
5.545395069414896662e-13
3.443418030825587337e-13
1.456367019138556813e-13
-4.006994340429776849e-14
-2.118406281983485072e-13
-3.699296732589167173e-13
-5.147414713789013834e-13
-6.466804153512029796e-13
-7.661508979687199100e-13
-8.735573120243562331e-13
-9.693040503110031839e-13
-1.053795505621566336e-12
-1.127436070748942376e-12
-1.190630138486032435e-12
-1.243782101625735422e-12
-1.287296352960952063e-12
-1.321577285284579854e-12
-1.347029291389521137e-12
-1.364056764068673407e-12
-1.373064096114936582e-12
-1.374455680321209774e-12
-1.368635909480393709e-12
-1.356009176385387498e-12
-1.336979873829090050e-12
-1.311952394604401890e-12
-1.281331131504222330e-12
-1.245520477321448865e-12
-1.204924824848984041e-12
-1.159948566879726159e-12
-1.110996096206575340e-12
-1.058471805622430292e-12
-1.002780087920190933e-12
-9.443253358927571823e-13
-8.835119423330280490e-13
-8.207443000339035533e-13
-7.564268017882822000e-13
-6.909638403890649176e-13
-6.247598086291504132e-13
-5.582190993014385045e-13
-4.917461051988287062e-13
-4.257452191142206342e-13
-3.606208338405122381e-13
-2.967773421706060620e-13
-2.346191368974004089e-13
-1.745506108137946423e-13
-1.169761567126882516e-13
-6.230016738698145852e-14
-1.092703562957240520e-14
3.677904362439183548e-14
8.077311440338301456e-14
1.211624569376860635e-13
1.580552890169495727e-13
1.915598284308233191e-13
2.217842929689562846e-13
2.488369004209972741e-13
2.728258685765961025e-13
2.938594152254013224e-13
3.120457581570628747e-13
3.274931151612295899e-13
3.403097040275500457e-13
3.506037425456740822e-13
3.584834485052506811e-13
3.640570396959288748e-13
3.674327339073581498e-13
3.687187489291875384e-13
3.680233025510662243e-13
3.654546125626433912e-13
3.611208967535683238e-13
3.551303729134899029e-13
3.475912588320573627e-13
3.386117722989201392e-13
3.283001311037272144e-13
3.167645530361280243e-13
3.041132558857710458e-13
2.904544574423066743e-13
2.758963754953824779e-13
2.605472278346494074e-13
2.445152322497549300e-13
2.279086065303499964e-13
2.108355684660817203e-13
1.934043358466014312e-13
1.757231264615563942e-13
1.579001581005965251e-13
1.400436485533720427e-13
1.222618156095301868e-13
1.046628770587223752e-13
8.735505069059551982e-14
7.044655429480076062e-14
5.404560566098543224e-14
3.826042257880042234e-14
2.319922283789333374e-14
8.970224227914972070e-15
-4.319199264915164113e-15
-1.661230186005830652e-14
-2.793081149578850167e-14
-3.830320653780164510e-14
-4.775796535179591297e-14
-5.632356630346760391e-14
-6.402848775851465740e-14
-7.090120808263377599e-14
-7.697020564152188942e-14
-8.226395880087667210e-14
-8.681094592639475086e-14
-9.063964538377385060e-14
-9.377853553871061076e-14
-9.625609475690257955e-14
-9.810080140404659834e-14
-9.934113384584000077e-14
-1.000055704479799438e-13
-1.001225895761634454e-13
-9.972066959608781415e-14
-9.882828887345008063e-14
-9.747392577394754064e-14
-9.568605866327701032e-14
-9.349316590713598739e-14
-9.092372587122164141e-14
-8.800621692123087686e-14
-8.476911742286106524e-14
-8.124090574180904794e-14
-7.745006024377247414e-14
-7.342505929444795803e-14
-6.919438125953309830e-14
-6.478650450472468585e-14
-6.022990739572023102e-14
-5.555306829821646160e-14
-5.078446557791100782e-14
-4.595257760050054701e-14
-4.108588273168269046e-14
-3.621285933715406500e-14
-3.136198578261216202e-14
-2.656174043375432779e-14
-2.184060165627720174e-14
-1.722704781587850878e-14
-1.274955727825479369e-14
-8.436608409103809766e-15
-4.316679574122133342e-15
-4.182491390074134480e-16
3.234204783832216368e-15
6.638588311815592532e-15
9.800589305087847841e-15
1.272590343678809340e-14
1.542022638005597044e-14
1.788925380803070366e-14
2.013868139385200370e-14
2.217420481065902427e-14
2.400151973159139870e-14
2.562632182978845741e-14
2.705430677838959707e-14
2.829117025053435004e-14
2.934260791936202780e-14
3.021431545801219111e-14
3.091198853962411989e-14
3.144132283733739069e-14
3.180801402429137177e-14
3.201775777362550714e-14
3.207624975847917140e-14
3.198918565199185904e-14
3.176226112730298881e-14
3.140117185755198581e-14
3.091161351587828140e-14
3.029928177542125650e-14
2.956987230932044977e-14
2.872908079071516007e-14
2.778260289274490082e-14
2.673613428854915390e-14
2.559537065126718346e-14
2.436600765403861021e-14
2.305374097000268883e-14
2.166426627229903372e-14
2.020327923406685539e-14
1.867647552844582503e-14
1.708955082857515947e-14
1.544820080759445101e-14
1.375812113864299378e-14
1.202500749486035485e-14
1.025455554938582203e-14
8.452460975358982901e-15
6.624419445919105560e-15
4.776126634205657676e-15
2.913278213358243002e-15
1.041569856516058435e-15
-8.333027631812702839e-16
-2.705643972594503166e-15
-4.569758098584035573e-15
-6.419949468010584916e-15
-8.250522407734579393e-15
-1.005578124461676669e-14
-1.183003030551746299e-14
-1.356757391729752088e-14
-1.526271640681727549e-14
-1.690976210093749738e-14
-1.850301532651855005e-14
-2.003678041042119461e-14
-2.150536167950591131e-14
-2.290306346063320250e-14
-2.422419008066377565e-14
-2.546304586645806367e-14
-2.661393514487676455e-14
-2.767116224278033332e-14
-2.862903148702945534e-14
-2.948184720448458562e-14
-3.022391372200639377e-14
-3.084953536645537265e-14
-3.135301646469212874e-14
-3.172866134357721805e-14
-3.197077432997124074e-14
-3.207365975073473387e-14
-3.203162193272826605e-14
-3.183896520281243746e-14
-3.148999388784776621e-14
-3.097901231469487141e-14
-3.030032481021432799e-14
-2.944823570126663514e-14
-2.841704931471246560e-14
-2.720106997741227439e-14
-2.579460201622675319e-14
-2.419194975801633809e-14
-2.238741752964175546e-14
-2.037530965796339092e-14
-1.814993046984202763e-14
-1.570558429213799125e-14
-1.303657545171211388e-14
-1.013720827542468644e-14
-7.001787090136589943e-15
-3.624616222708045110e-15
0.000000000000000000e+00
