-1.455592165388796150e-09
1.723379815559717976e-01
3.437052028680444016e-01
5.140664830331854729e-01
6.833866426039549857e-01
8.516305021329130254e-01
1.018762882172619344e+00
1.184748603275634027e+00
1.349552485994517159e+00
1.513139350881829159e+00
1.675474018490129113e+00
1.836521309371977440e+00
1.996246044079933890e+00
2.154613043166558217e+00
2.311587127184411283e+00
2.467133116686052841e+00
2.621215832224042419e+00
2.773800094350939105e+00
2.924850723619305093e+00
3.074332540581699469e+00
3.222210365790680431e+00
3.368449019798810617e+00
3.513013323158648671e+00
3.655868096422755009e+00
3.796978160143687830e+00
3.936308334874010217e+00
4.073823441166280368e+00
4.209488299573057368e+00
4.343267730646902969e+00
4.475126554940375811e+00
4.605029593006037203e+00
4.732941665396447561e+00
4.858827592664163753e+00
4.982652195361747971e+00
5.104380294041759747e+00
5.223976709256759499e+00
5.341406261559307644e+00
5.456633771501961938e+00
5.569624059637285463e+00
5.680341946517835972e+00
5.788752252696172995e+00
5.894819798724859616e+00
5.998509405156451813e+00
6.099785892543511778e+00
6.198614081438599932e+00
6.294958792394273139e+00
6.388784845963097148e+00
6.480057062697627934e+00
6.568740263150425029e+00
6.654799267874049740e+00
6.738198897421062483e+00
6.818903972344019238e+00
6.896879313195486638e+00
6.972089740528020663e+00
7.044500074894182617e+00
7.114075136846530256e+00
7.180779746937625774e+00
7.244578725720028700e+00
7.305436893746295013e+00
7.363319071568994012e+00
7.418190079740676346e+00
7.470014738813905986e+00
7.518759000519237290e+00
7.564420212013496680e+00
7.607030430859731851e+00
7.646623510889755337e+00
7.683233305935377011e+00
7.716893669828409408e+00
7.747638456400658846e+00
7.775501519483943191e+00
7.800516712910063433e+00
7.822717890510836547e+00
7.842138906118071517e+00
7.858813613563578215e+00
7.872775866679166512e+00
7.884059519296647167e+00
7.892698425247834493e+00
7.898726438364533031e+00
7.902177412478557983e+00
7.903085201421716555e+00
7.901483659025820394e+00
7.897406639122681149e+00
7.890887995544106026e+00
7.881961582121910226e+00
7.870661252687900067e+00
7.857020861073888973e+00
7.841074261111686816e+00
7.822855306633100803e+00
7.802397851469947021e+00
7.779735749454030902e+00
7.754902854417164981e+00
7.727933020191164459e+00
7.698860100607830326e+00
7.667718953133888071e+00
7.634555080099065805e+00
7.599420395256657912e+00
7.562366900470560260e+00
7.523446597604680264e+00
7.482711488522916454e+00
7.440213575089170028e+00
7.396004859167346623e+00
7.350137342621346548e+00
7.302663027315070998e+00
7.253633915112425612e+00
7.203102007877307145e+00
7.151119307473619457e+00
7.097737815765267300e+00
7.043009534616148315e+00
6.986986465890167253e+00
6.929720611451225309e+00
6.871263973163227234e+00
6.811668552890068007e+00
6.750986352495658593e+00
6.689269373843893973e+00
6.626569618798679784e+00
6.562939089223917222e+00
6.498429786983506595e+00
6.433093713941349101e+00
6.366982871961353041e+00
6.300149262907413394e+00
6.232644888643437575e+00
6.164521751033322339e+00
6.095831851940974211e+00
6.026627193230293500e+00
5.956957635906237947e+00
5.886862246237688723e+00
5.816376695844500233e+00
5.745536655107615687e+00
5.674377794407967635e+00
5.602935784126493068e+00
5.531246294644130757e+00
5.459344996341815914e+00
5.387267559600486422e+00
5.315049654801080159e+00
5.242726952324532341e+00
5.170335122551779961e+00
5.097909835863760897e+00
5.025486762641410365e+00
4.953101573265668023e+00
4.880789938117469084e+00
4.808587527577752319e+00
4.736530012027454717e+00
4.664653061847508830e+00
4.592992347418856092e+00
4.521583539122431716e+00
4.450462307339173584e+00
4.379664322450016911e+00
4.309225254835900465e+00
4.239180774877761237e+00
4.169566552956533556e+00
4.100418259453157077e+00
4.031771564748568792e+00
3.963662139223702141e+00
3.896125653259499000e+00
3.829197759418660141e+00
3.762906664469089169e+00
3.697261643304399659e+00
3.632269006309413850e+00
3.567935063868957091e+00
3.504266126367852952e+00
3.441268504190925004e+00
3.378948507722997263e+00
3.317312447348894633e+00
3.256366633453441128e+00
3.196117376421459433e+00
3.136570986637775338e+00
3.077733774487214191e+00
3.019612050354596899e+00
2.962212124624748366e+00
2.905540307682491274e+00
2.849602909912654081e+00
2.794406241700056803e+00
2.739956613429526566e+00
2.686260335485885609e+00
2.633323718253957058e+00
2.581153072118568481e+00
2.529754707464539898e+00
2.479134934676697988e+00
2.429300064139865434e+00
2.380256406238867140e+00
2.332010271358527564e+00
2.284567969883669836e+00
2.237935812199117969e+00
2.192120108689696867e+00
2.147127169740228769e+00
2.102963153923099959e+00
2.059627744099255420e+00
2.017111862944607203e+00
1.975405811311310211e+00
1.934499890051522231e+00
1.894384400017400383e+00
1.855049642061100901e+00
1.816485917034782016e+00
1.778683525790598852e+00
1.741632769180710083e+00
1.705323948057271277e+00
1.669747363272439999e+00
1.634893315678373593e+00
1.600752106127228069e+00
1.567314035471160993e+00
1.534569404562328598e+00
1.502508514252887784e+00
1.471121665394996558e+00
1.440399158840811156e+00
1.410331295442488475e+00
1.380908376052185638e+00
1.352120701522059543e+00
1.323958572704266867e+00
1.296412290450964511e+00
1.269472155614309816e+00
1.243128469046459239e+00
1.217371531599569900e+00
1.192191644125798700e+00
1.167579107477302314e+00
1.143524222506238308e+00
1.120017290064762916e+00
1.097048613523062155e+00
1.074608531725045335e+00
1.052687409737535384e+00
1.031275613242108147e+00
1.010363507920340131e+00
9.899414594538085144e-01
9.699998335240886949e-01
9.505289958127580707e-01
9.315193120013927075e-01
9.129611477715687817e-01
8.948448688048631361e-01
8.771608407828517251e-01
8.598994293871116135e-01
8.430510002992185337e-01
8.266059192007496614e-01
8.105545517732809513e-01
7.948872636983891349e-01
7.795944206576499447e-01
7.646663883326410005e-01
7.500935324049381459e-01
7.358662185561175573e-01
7.219748124677561885e-01
7.084096798214301050e-01
6.951611862987159274e-01
6.822196975811900543e-01
6.695755793504288844e-01
6.572191972880089272e-01
6.451409170755065814e-01
6.333311043944983565e-01
6.217801249265605401e-01
6.104783443532695308e-01
5.994166692853318823e-01
5.885894608019746066e-01
5.779924386045758311e-01
5.676213256457758316e-01
5.574718448782167712e-01
5.475397192545393699e-01
5.378206717273863458e-01
5.283104252493975306e-01
5.190047027732156426e-01
5.098992272514814017e-01
5.009897216368361939e-01
4.922719088819222377e-01
4.837415119393800866e-01
4.753942537618521258e-01
4.672258573019785755e-01
4.592320455124021539e-01
4.514085413457631368e-01
4.437510677547039095e-01
4.362553476918651363e-01
4.289171041098890358e-01
4.217320599614161614e-01
4.146959381990888427e-01
4.078044617755476331e-01
4.010533536434349733e-01
3.944383367553912501e-01
3.879551340640587376e-01
3.815994685220784333e-01
3.753670630820916676e-01
3.692536406967406593e-01
3.632549243186656840e-01
3.573666371157294130e-01
3.515850919590525758e-01
3.459084769330800224e-01
3.403353520227053730e-01
3.348642772128234135e-01
3.294938124883278752e-01
3.242225178341134884e-01
3.190489532350738733e-01
3.139716786761039269e-01
3.089892541420971583e-01
3.041002396179484646e-01
2.993031950885515768e-01
2.945966805388008369e-01
2.899792559535909753e-01
2.854494813178155010e-01
2.810059166163692002e-01
2.766471218341458038e-01
2.723716569560400980e-01
2.681780819669456473e-01
2.640649568517574042e-01
2.600308415953689889e-01
2.560742961826750208e-01
2.521938805985694532e-01
2.483881548279468499e-01
2.446556788557009698e-01
2.409950126667264325e-01
2.374047162459173299e-01
2.338833495781678096e-01
2.304294726483723799e-01
2.270416454414249940e-01
2.237184279422200495e-01
2.204583822168637297e-01
2.172602217721640583e-01
2.141229115513691439e-01
2.110454402040346511e-01
2.080267963797154673e-01
2.050659687279673404e-01
2.021619458983451578e-01
1.993137165404045563e-01
1.965202693037005899e-01
1.937805928377887843e-01
1.910936757922242213e-01
1.884585068165623989e-01
1.858740745603584543e-01
1.833393676731677746e-01
1.808533748045458578e-01
1.784150846040475913e-01
1.760234857212286952e-01
1.736775668056441124e-01
1.713763165068494798e-01
1.691187234743998513e-01
1.669037763578507250e-01
1.647304638067572380e-01
1.625977744706748052e-01
1.605046969991585637e-01
1.584502200417641227e-01
1.564333322480464528e-01
1.544530222675611075e-01
1.525082787498632519e-01
1.505980903445082730e-01
1.487214457010513913e-01
1.468773334690479382e-01
1.450647560434997485e-01
1.432829814311254724e-01
1.415315178834000986e-01
1.398098823078229302e-01
1.381175916118936586e-01
1.364541627031115589e-01
1.348191124889762949e-01
1.332119578769870583e-01
1.316322157746435961e-01
1.300794030894452114e-01
1.285530367288914566e-01
1.270526336004817181e-01
1.255777106117156039e-01
1.241277846700923754e-01
1.227023726831116129e-01
1.213009915582728832e-01
1.199231582030754889e-01
1.185683895250190245e-01
1.172362024316028484e-01
1.159261138303265548e-01
1.146376406286894467e-01
1.133702997341911600e-01
1.121236080543310670e-01
1.108970824966086649e-01
1.096902399685233676e-01
1.085025973775747693e-01
1.073336716312621730e-01
1.061829796370852147e-01
1.050500383025432388e-01
1.039343645351357565e-01
1.028354752423622925e-01
1.017528873317221777e-01
1.006861177107150479e-01
9.963468328684023378e-02
9.859810096759727416e-02
9.757588766048563844e-02
9.656756027300478218e-02
9.557263571265410540e-02
9.459063088693320243e-02
9.362106270334145941e-02
9.266344806937838741e-02
9.171730389254337257e-02
9.078214708033602309e-02
8.985749454025566962e-02
8.894286317980186485e-02
8.803776990647403655e-02
8.714173162777164028e-02
8.625426525119425647e-02
8.537488768424120189e-02
8.450311583441204311e-02
8.363846660920619402e-02
8.278045691612317958e-02
8.192860366266238592e-02
8.108242375632339349e-02
8.024143410460554682e-02
7.940515161500842634e-02
7.857309319503141820e-02
7.774477575217406122e-02
7.691971619393572768e-02
7.609743142781601188e-02
7.527743836131423061e-02
7.445925390193001980e-02
