-1.455592165388796150e-09
9.296456367673111565e-02
1.848714088040486203e-01
2.757185977764016749e-01
3.655041944438314760e-01
4.542262626563789985e-01
5.418828662640857718e-01
6.284720691169929374e-01
7.139919350651416918e-01
7.984405279585732318e-01
8.818159116473291981e-01
9.641161499814503433e-01
1.045339306810977753e+00
1.125483445985953290e+00
1.204546631356417707e+00
1.282526926772412201e+00
1.359422396083978857e+00
1.435231103141157982e+00
1.509951111793990775e+00
1.583580485892519096e+00
1.656117289286783478e+00
1.727559585826825117e+00
1.797905439362685653e+00
1.867152913744407394e+00
1.935300072822029760e+00
2.002344980445594391e+00
2.068285700465144039e+00
2.133120296730717236e+00
2.196846833092358064e+00
2.259463373400104835e+00
2.320967981504001632e+00
2.381358721254088540e+00
2.440633656500405646e+00
2.498790851092996146e+00
2.555828368881900126e+00
2.611744273717158560e+00
2.666536629448813311e+00
2.720203499926905355e+00
2.772742949001476553e+00
2.824153040522566549e+00
2.874431838340217649e+00
2.923577406304471715e+00
2.971587808265369279e+00
3.018461108072951760e+00
3.064195369577260131e+00
3.108788656628334923e+00
3.152239033076219332e+00
3.194544562770953444e+00
3.235703309562577346e+00
3.275713337301134231e+00
3.314572709836663744e+00
3.352279491019209079e+00
3.388831744698809878e+00
3.424227534725507116e+00
3.458464924949342656e+00
3.491541979220358805e+00
3.523456761388595204e+00
3.554207335304092830e+00
3.583791764816894432e+00
3.612208113777040541e+00
3.639454446034572133e+00
3.665528825439531957e+00
3.690429315841958768e+00
3.714153981091894874e+00
3.736700885039382136e+00
3.758068091534460642e+00
3.778253664427172254e+00
3.797255667567557946e+00
3.815072164805659582e+00
3.831701219991518581e+00
3.847140896975174584e+00
3.861389259606671676e+00
3.874444371736048609e+00
3.886304297213345915e+00
3.896967099888606345e+00
3.906430843611873094e+00
3.914693592233183583e+00
3.921753409602580120e+00
3.927608359570105900e+00
3.932256505985800121e+00
3.935695912699704646e+00
3.937924643561861782e+00
3.938940762422311614e+00
3.938742333131094675e+00
3.937327419538252826e+00
3.934694085493828819e+00
3.930840394847860964e+00
3.925764411450393343e+00
3.919464199151464712e+00
3.911937828546639295e+00
3.903190088770514876e+00
3.893245094875693368e+00
3.882130415621595887e+00
3.869873619767639994e+00
3.856502276073243696e+00
3.842043953297824110e+00
3.826526220200800132e+00
3.809976645541588880e+00
3.792422798079611468e+00
3.773892246574282350e+00
3.754412559785021752e+00
3.734011306471247238e+00
3.712716055392377257e+00
3.690554375307829371e+00
3.667553834977022031e+00
3.643742003159374132e+00
3.619146448614301903e+00
3.593794740101224683e+00
3.567714446379560478e+00
3.540933136208726850e+00
3.513478378348143139e+00
3.485377741557227349e+00
3.456658794595398376e+00
3.427349106222070674e+00
3.397476245196664912e+00
3.367067780278600431e+00
3.336151280227292126e+00
3.304754313802161114e+00
3.272904449762623624e+00
3.240629256868099439e+00
3.207956303878005233e+00
3.174913159551760344e+00
3.141527392648781447e+00
3.107826571928488324e+00
3.073838266150297205e+00
3.039590044073626984e+00
3.005109474457897445e+00
2.970424126062524373e+00
2.935561567646926662e+00
2.900549367970523207e+00
2.865415095792731570e+00
2.830186319872968870e+00
2.794890608970655332e+00
2.759555531845207188e+00
2.724207777848792755e+00
2.688863813224282140e+00
2.653533508660165019e+00
2.618226624919021361e+00
2.582952922763433801e+00
2.547722162955985414e+00
2.512544106259253951e+00
2.477428513435824708e+00
2.442385145248276324e+00
2.407423762459192318e+00
2.372554125831153105e+00
2.337785996126740873e+00
2.303129134108536036e+00
2.268593300539121671e+00
2.234188256181078192e+00
2.199923761796987787e+00
2.165809578149431758e+00
2.131855466000990962e+00
2.098071186114247144e+00
2.064466499251783382e+00
2.031051166176179645e+00
1.997834947650017901e+00
1.964827604435879449e+00
1.932038897296346480e+00
1.899478586993999407e+00
1.867156434291421085e+00
1.835082199951192594e+00
1.803265644735894568e+00
1.771716529408110530e+00
1.740444614730419337e+00
1.709459661465404734e+00
1.678771430375647133e+00
1.648389682223728281e+00
1.618324177772229922e+00
1.588584677783733801e+00
1.559180943020819887e+00
1.530122734246071925e+00
1.501419812222070771e+00
1.473081937711397060e+00
1.445118871476633204e+00
1.417540374280360504e+00
1.390356206885160706e+00
1.363576130053614666e+00
1.337209904548304573e+00
1.311267265594516118e+00
1.285753801799119911e+00
1.260666406319750799e+00
1.236000877402481990e+00
1.211753013293387360e+00
1.187918612238540561e+00
1.164493472484016134e+00
1.141473392275887733e+00
1.118854169860228787e+00
1.096631603483113837e+00
1.074801491390616537e+00
1.053359631828810317e+00
1.032301823043769717e+00
1.011623863281568392e+00
9.913215507882801036e-01
9.713906838099788388e-01
9.518270605927384720e-01
9.326264793826325450e-01
9.137847384257354877e-01
8.952976359681207308e-01
8.771609702558624821e-01
8.593705395350346166e-01
8.419221420517105647e-01
8.248115760519644235e-01
8.080346397818704007e-01
7.915871314875020381e-01
7.754648494149338767e-01
7.596635918102386809e-01
7.441791569194913247e-01
7.290073429887651280e-01
7.141439482641338543e-01
6.995847709916722668e-01
6.853256094174530189e-01
6.713622617875507625e-01
6.576905263480393726e-01
6.443062013449923908e-01
6.312050850244841360e-01
6.183829756325879279e-01
6.058356714153777522e-01
5.935589706189282611e-01
5.815486714893125519e-01
5.698005722726046107e-01
5.583104712148787563e-01
5.470741665622083083e-01
5.360874565606674746e-01
5.253461585659396915e-01
5.148462416963235366e-01
5.045837474414965884e-01
4.945547177368411207e-01
4.847551945177404620e-01
4.751812197195769971e-01
4.658288352777334440e-01
4.566940831275927981e-01
4.477730052045375553e-01
4.390616434439504334e-01
4.305560397812138729e-01
4.222522361517112022e-01
4.141462744908249727e-01
4.062341967339377913e-01
3.985120448164322093e-01
3.909758606736913333e-01
3.836216862410974371e-01
3.764455634540336826e-01
3.694435342478823991e-01
3.626116405580267488e-01
3.559459243198490053e-01
3.494424274687321641e-01
3.430971919400588876e-01
3.369062596692117828e-01
3.308656725915736785e-01
3.249714726425272926e-01
3.192197017574555651e-01
3.136064018717406587e-01
3.081276149207660131e-01
3.027793828399135134e-01
2.975577475645668213e-01
2.924587510301078219e-01
2.874784351719198439e-01
2.826128419253851609e-01
2.778580132258866575e-01
2.732099910088072736e-01
2.686648172095293385e-01
2.642185337634361808e-01
2.598671826059096857e-01
2.556068056723334037e-01
2.514334448980894421e-01
2.473431422185607964e-01
2.433319395691300735e-01
2.393958788851802411e-01
2.355310211942152621e-01
2.317345730510389223e-01
2.280055165777676029e-01
2.243429866334913370e-01
2.207461180772998521e-01
2.172140457682835424e-01
2.137459045655316359e-01
2.103408293281344155e-01
2.069979549151818865e-01
2.037164161857636380e-01
2.004953479989699250e-01
1.973338852138903088e-01
1.942311626896149890e-01
1.911863152852335268e-01
1.881984778598362329e-01
1.852667852725126685e-01
1.823903723823529777e-01
1.795683740484468327e-01
1.767999251298844055e-01
1.740841604857553127e-01
1.714202149751497817e-01
1.688072234571572627e-01
1.662443207908680665e-01
1.637306418353720316e-01
1.612653214497588861e-01
1.588474944931187738e-01
1.564762958245412838e-01
1.541508603031166158e-01
1.518703227879344697e-01
1.496338181380849064e-01
1.474404812126577091e-01
1.452894468707428832e-01
1.431798499714301565e-01
1.411108253738097007e-01
1.390815079369711882e-01
1.370910325200046243e-01
1.351385339819997922e-01
1.332231471820466973e-01
1.313440069792354281e-01
1.295002482326554905e-01
1.276910058013971394e-01
1.259154145445500195e-01
1.241726093212042609e-01
1.224617249904495497e-01
1.207818964113760024e-01
1.191323155069947959e-01
1.175124935130812398e-01
1.159220526725700251e-01
1.143606153398492448e-01
1.128278038693064783e-01
1.113232406153298881e-01
1.098465479323070954e-01
1.083973481746261236e-01
1.069752636966746356e-01
1.055799168528406273e-01
1.042109299975120112e-01
1.028679254850764779e-01
1.015505256699220649e-01
1.002583529064364348e-01
9.899102954900761142e-02
9.774817795202332682e-02
9.652942046987160463e-02
9.533437945694007987e-02
9.416267726761680390e-02
9.301393625628946726e-02
9.188777877734613520e-02
9.078382718517441496e-02
8.970170383416241344e-02
8.864103107869779341e-02
8.760143127316849521e-02
8.658252677196234814e-02
8.558393992946722317e-02
8.460529310007107451e-02
8.364620863816155105e-02
8.270630889812671804e-02
8.178521623435427990e-02
8.088255300123217695e-02
7.999794155314823851e-02
7.913100424449036330e-02
7.828136342964631122e-02
7.744864146300405039e-02
7.663246069895136847e-02
7.583244349187615030e-02
7.504821219616622519e-02
7.427938916620950571e-02
7.352559675639376569e-02
7.278645732110694544e-02
7.206159321473687429e-02
7.135062679167135380e-02
7.065318040629836593e-02
6.996887641300562899e-02
6.929733716618109718e-02
6.863818502021255819e-02
6.799104232948795234e-02
6.735553144839505346e-02
6.673127473132177412e-02
6.611789453265592975e-02
6.551501320678543294e-02
6.492225310809807137e-02
6.433923659098177150e-02
6.376558600982430713e-02
6.320092371901361861e-02
6.264487207293754911e-02
6.209705342598391409e-02
6.155709013254060530e-02
6.102460454699544512e-02
6.049921902373633920e-02
5.998055591715110296e-02
5.946823758162764206e-02
5.896188637155373724e-02
5.846112464131732883e-02
5.796557474530619064e-02
5.747485903790828382e-02
5.698859987351136830e-02
5.650641960650334972e-02
5.602794059127205739e-02
5.555278518220540390e-02
5.508057573369115612e-02
5.461093460011723355e-02
5.414348413587153491e-02
5.367784669534181319e-02
5.321364463291602259e-02
5.275050030298194387e-02
5.228803605992747572e-02
5.182587425814046828e-02
5.136363725200877167e-02
5.090094739592024298e-02
5.043742704426278090e-02
4.997269855142415923e-02
4.950638427179231832e-02
4.903810655975504584e-02
4.856748776970025439e-02
4.809415025601576632e-02
4.761771637308947341e-02
