-1.455592165388796150e-09
-1.366370755743052271e-09
-1.280572891615824643e-09
-1.198135216439104475e-09
-1.118994373644881731e-09
-1.043087006665146999e-09
-9.703497589318900372e-10
-9.007192738771021575e-10
-8.341321949327730153e-10
-7.705251655308935076e-10
-7.098348291034539108e-10
-6.519978290824441912e-10
-5.969508088998550390e-10
-5.446304119876768339e-10
-4.949732817778997491e-10
-4.479160617025145781e-10
-4.033953951935114421e-10
-3.613479256828808763e-10
-3.217102966026127434e-10
-2.844191513846979404e-10
-2.494111334611269506e-10
-2.166228862638897143e-10
-1.859910532249768958e-10
-1.574522777763787715e-10
-1.309432033500859024e-10
-1.064004733780883709e-10
-8.376073129237682850e-11
-6.296062052494143523e-11
-4.393678450777268733e-11
-2.662586667286098406e-11
-1.096451045219654374e-11
3.110640722229887013e-12
1.566294341842829506e-11
2.675575420440811795e-11
3.645242964817903883e-11
4.481632631775069719e-11
5.191080078113263885e-11
5.779920960633445807e-11
6.254490936136594300e-11
6.621125661423657159e-11
6.886160793295597041e-11
7.055931988553377252e-11
7.136774903997962389e-11
7.135025196430313171e-11
7.057018522651390318e-11
6.909090539462154550e-11
6.697576903663566586e-11
6.428813272056598778e-11
6.109135301442202798e-11
5.744878648621345829e-11
5.342378970394982128e-11
4.907971923564076291e-11
4.447993164929597441e-11
3.968778351292502417e-11
3.476663139453748711e-11
2.977983186214308672e-11
2.479074148375135912e-11
1.986271682737196645e-11
1.505911446101447065e-11
1.044329095268855163e-11
6.078602870403786691e-12
2.028406782169837561e-12
-1.645257077518859403e-12
-4.916882823349285521e-12
-7.801356507685657573e-12
-1.031565447176118172e-11
-1.247675305680902594e-11
-1.430162860406233722e-11
-1.580725745475430779e-11
-1.701061595011812179e-11
-1.792868043138689066e-11
-1.857842723979385186e-11
-1.897683271657213622e-11
-1.914087320295493596e-11
-1.908752504017540453e-11
-1.883376456946673416e-11
-1.839656813206207181e-11
-1.779291206919459680e-11
-1.703977272209749811e-11
-1.615412643200391304e-11
-1.515294954014704673e-11
-1.405321838776004940e-11
-1.287190931607609226e-11
-1.162599866632835785e-11
-1.033246277975000608e-11
-9.008277997574190383e-12
-7.670420661034127230e-12
-6.335867111362958753e-12
-5.021593689793857788e-12
-3.744576737560002824e-12
-2.521792595894552560e-12
-1.370217606030681445e-12
-3.068281092015569119e-13
6.525899513050045636e-13
1.504876361849524297e-12
2.254475412539562982e-12
2.905935900298184163e-12
3.463806622048451584e-12
3.932636374713431617e-12
4.316973955216185383e-12
4.621368160479781270e-12
4.850367787427282419e-12
5.008521632981751162e-12
5.100378494066255485e-12
5.130487167603856104e-12
5.103396450517618582e-12
5.023655139730610099e-12
4.895812032165892177e-12
4.724415924746531189e-12
4.514015614395588657e-12
4.269159898036135799e-12
3.994397572591228486e-12
3.694277434983939549e-12
3.373348282137327283e-12
3.036158910974461692e-12
2.687258118418399455e-12
2.331194701392212596e-12
1.972517456818955773e-12
1.615775181621707071e-12
1.265516672723523368e-12
9.262907270474698231e-13
6.026461415166114952e-13
2.991317130540124827e-13
2.029623858273776513e-14
-2.300675529277528651e-13
-4.519792126467129403e-13
-6.466571494939092158e-13
-8.153202099284280798e-13
-9.591872404093580914e-13
-1.079477087395785437e-12
-1.177408597346798120e-12
-1.254200616721481922e-12
-1.311071991978924647e-12
-1.349241569578214297e-12
-1.369928195978437664e-12
-1.374350717638680733e-12
-1.363727981018032113e-12
-1.339278832575577587e-12
-1.302222118770406370e-12
-1.253776686061604042e-12
-1.195161380908258810e-12
-1.127595049769456657e-12
-1.052296539104286193e-12
-9.704846953718342095e-13
-8.833783650311871966e-13
-7.921963945414328546e-13
-6.981576303616582786e-13
-6.024809189509507655e-13
-5.063851067683976122e-13
-4.110890402730854593e-13
-3.178115659241018562e-13
-2.277715301805345037e-13
-1.421877795014674676e-13
-6.227916034599295461e-14
1.073641873326571658e-14
7.603297684639322476e-14
1.337810587190979194e-13
1.843072532646632202e-13
2.279381493963743673e-13
2.650003360275152380e-13
2.958204020713699364e-13
3.207249364412228951e-13
3.400405280503584961e-13
3.540937658120610204e-13
3.632112386396143451e-13
3.677195354463031552e-13
3.679452451454117822e-13
3.642149566502243050e-13
3.568552588740248029e-13
3.461927407300973044e-13
3.325539911317269993e-13
3.162655989921974617e-13
2.976541532247933766e-13
2.770462427427986212e-13
2.547684564594978803e-13
2.311473832881751321e-13
2.065096121421145817e-13
1.811817319346007123e-13
1.554903315789177291e-13
1.297619999883498122e-13
1.043233260761814444e-13
7.950089875569671758e-14
5.562130694017984956e-14
3.301113954291523499e-14
1.199698547718654903e-14
-7.098493081955955507e-15
-2.412013290562579981e-14
-3.913935926806124610e-14
-5.224368136331240791e-14
-6.352060838542897670e-14
-7.305764952846088060e-14
-8.094231398645802883e-14
-8.726211095347040000e-14
-9.210454962354770768e-14
-9.555713919074001883e-14
-9.770738884909709751e-14
-9.864280779266889710e-14
-9.845090521550528263e-14
-9.721919031165614435e-14
-9.503517227517138517e-14
-9.198636030010087010e-14
-8.816026358049438844e-14
-8.364439131040208290e-14
-7.852625268387364180e-14
-7.289335689495909424e-14
-6.683321313770822951e-14
-6.043333060617092527e-14
-5.378121849439714752e-14
-4.696438599643677390e-14
-4.007034230633963788e-14
-3.318659661815567390e-14
-2.640065812593476593e-14
-1.980003602372676637e-14
-1.347223950558164595e-14
-7.504777765549203434e-15
-1.985159997679383911e-15
3.003414269671140501e-15
7.438459607059696746e-15
1.134237171292591609e-14
1.473859845018503245e-14
1.765058768175234480e-14
2.010178727054317106e-14
2.211564507947275658e-14
2.371560897145642558e-14
2.492512680940945496e-14
2.576764645624714371e-14
2.626661577488475610e-14
2.644548262823760374e-14
2.632769487922097931e-14
2.593670039075013446e-14
2.529594702574040603e-14
2.442888264710704569e-14
2.335895511776536504e-14
2.210961230063061258e-14
2.070430205861813778e-14
1.916647225464320808e-14
1.751957075162110668e-14
1.578704541246712625e-14
1.399234410009654212e-14
1.215891467742466590e-14
1.031020500736677132e-14
8.469662952838147904e-15
6.660736376754092274e-15
4.906873142029885269e-15
3.231521111580818777e-15
1.658128148322181132e-15
2.101421151692637522e-16
-1.091991005589322126e-15
-2.246995769100568012e-15
-3.261136390116881808e-15
-4.140695126249653989e-15
-4.891954235110036009e-15
-5.521195974309389943e-15
-6.034702601458907870e-15
-6.438756374169914396e-15
-6.739639550053630787e-15
-6.943634386721354827e-15
-7.057023141784337760e-15
-7.086088072853837927e-15
-7.037111437541133391e-15
-6.916375493457492751e-15
-6.730162498214169615e-15
-6.484754709422450724e-15
-6.186434384693573121e-15
-5.841483781638835380e-15
-5.456185157869468233e-15
-5.036820770996781298e-15
-4.589672878631988740e-15
-4.121023738386412012e-15
-3.637155607871262911e-15
-3.144350744697858946e-15
-2.648891406477416648e-15
-2.157059850821252340e-15
-1.675138335340580189e-15
-1.209409117646694035e-15
-7.661544553508827884e-16
-3.516566060643656448e-16
2.780277671512045948e-17
3.675973106844690077e-16
6.683642551164230515e-16
9.317847775407898816e-16
1.159540045487314580e-15
1.353311226485800850e-15
1.514779488066001218e-15
1.645625997757710022e-15
1.747531923090684125e-15
1.822178431594714906e-15
1.871246690799568105e-15
1.896417868235023267e-15
1.899373131430854612e-15
1.881793647916838727e-15
1.845360585222747860e-15
1.791755110878362542e-15
1.722658392413451669e-15
1.639751597357799913e-15
1.544715893241171437e-15
1.439232447593352687e-15
1.324982427944108419e-15
1.203647001823225671e-15
1.076907336760467619e-15
9.464446002856226829e-16
8.139399599284517714e-16
6.810745832187451775e-16
5.495296376862648940e-16
4.209862908607920931e-16
2.971257102721099189e-16
1.796290634499801918e-16
7.017751792419065353e-17
-2.955806898050186792e-17
-1.186570684505576198e-16
-1.974444533149109379e-16
-2.663626360813878564e-16
-3.258540292578323376e-16
-3.763610453520728376e-16
-4.183260968719507550e-16
-4.521915963252974302e-16
-4.783999562199515500e-16
-4.973935890637466735e-16
-5.096149073645202548e-16
-5.155063236301060010e-16
-5.155102503683410706e-16
-5.100691000870602551e-16
-4.996252852941000226e-16
-4.846212184972944748e-16
-4.654993122044813615e-16
-4.427019789234942419e-16
-4.166716311621710631e-16
-3.878506814283448421e-16
-3.566815422298538218e-16
-3.236066260745309697e-16
-2.890683454702149725e-16
-2.535091129247379596e-16
-2.173713409459392588e-16
-1.810974420416509253e-16
-1.451298287197122129e-16
-1.099109134879549429e-16
-7.588310885421872635e-17
-4.348882732633531055e-17
-1.317048141214245471e-17
1.464333044426320324e-17
3.979094745030838565e-17
6.235215287208224448e-17
8.241542921115451513e-17
1.000692589690901197e-16
1.154021246474582081e-16
1.285025087478240351e-16
1.394588937717562701e-16
1.483597622208208212e-16
1.552935965965857413e-16
1.603488794006175302e-16
1.636140931344836984e-16
1.651777202997513867e-16
1.651282433979872923e-16
1.635541449307590734e-16
1.605439073996334766e-16
1.561860133061777164e-16
1.505689451519594761e-16
1.437811854385447130e-16
1.359112166675016528e-16
1.270475213403967211e-16
1.172785819587976998e-16
1.066928810242708422e-16
9.537890103838445990e-17
8.342512450270426401e-17
7.092003391879871412e-17
5.795211178823371841e-17
4.460984061257777968e-17
3.098170289339649796e-17
1.715618113225775974e-17
3.221757830729551269e-18
-1.073308450962258635e-17
-2.461986338723012837e-17
-3.835009630052732184e-17
-5.183530074794550990e-17
-6.498699422791914799e-17
-7.771669423887956075e-17
-8.993591827926105571e-17
-1.015561838474952841e-16
-1.124890084420161653e-16
-1.226459095612556094e-16
-1.319384047036474369e-16
-1.402780113676235212e-16
-1.475762470516177320e-16
-1.537446292540620659e-16
-1.586946754733900723e-16
-1.623379032080343393e-16
-1.645858299564275288e-16
-1.653499732170027714e-16
-1.645418504881928521e-16
-1.620729792684306304e-16
-1.578548770561492365e-16
-1.517990613497810367e-16
-1.438170496477595558e-16
-1.338203594485168395e-16
-1.217205082504868317e-16
-1.074290135521010851e-16
-9.085739285179399965e-17
-7.191716364799669663e-17
-5.051984343914409370e-17
-2.657694972366667734e-17
0.000000000000000000e+00
