0.000000000000000000e+00
-3.573434816454165892e-03
-7.818505376347744534e-03
-1.272331099299853739e-02
-1.827595097972432858e-02
-2.446452464984290656e-02
-3.127713131667207019e-02
-3.870187029352963742e-02
-4.672684089373334987e-02
-5.534014243060104282e-02
-6.452987421745047525e-02
-7.428413556759948244e-02
-8.459102579436578173e-02
-9.543864421106726392e-02
-1.068150901310217088e-01
-1.187084628675468267e-01
-1.311068617339603837e-01
-1.439983860435803398e-01
-1.573711351097243916e-01
-1.712132082457104021e-01
-1.855127047648559568e-01
-2.002577239804790299e-01
-2.154363652058974010e-01
-2.310367277544288778e-01
-2.470469109393910179e-01
-2.634550140741019897e-01
-2.802491364718793232e-01
-2.974173774460410757e-01
-3.149478363099046940e-01
-3.328286123767880689e-01
-3.510478049600092576e-01
-3.695935133728855959e-01
-3.884538369287351967e-01
-4.076168749408758396e-01
-4.270707267226252490e-01
-4.468034915873013713e-01
-4.668032688482217085e-01
-4.870581578187044292e-01
-5.075562578120668134e-01
-5.282856681416269184e-01
-5.492344881207029683e-01
-5.703908170626117435e-01
-5.917427542806721341e-01
-6.132783990882012537e-01
-6.349858507985171041e-01
-6.568532087249374651e-01
-6.788685721807801166e-01
-7.010200404793628381e-01
-7.232957129340034097e-01
-7.456836888580198330e-01
-7.681720675647295549e-01
-7.907489483674507991e-01
-8.134024305795007903e-01
-8.361206135141975304e-01
-8.588915964848592433e-01
-8.817034788048031535e-01
-9.045443597873473740e-01
-9.274023387458094625e-01
-9.502655149935074208e-01
-9.731219878437591397e-01
-9.959598566098822880e-01
-1.018767220605194312e+00
-1.041532179143013659e+00
-1.064242831536657663e+00
-1.086887277099443994e+00
-1.109453615144691208e+00
-1.131929944985716086e+00
-1.154304365935836962e+00
-1.176564977308371729e+00
-1.198699878416638276e+00
-1.220697168573953606e+00
-1.242544947093636276e+00
-1.264231313289003733e+00
-1.285744366473373868e+00
-1.307072205960064792e+00
-1.328202931062393954e+00
-1.349124641093679244e+00
-1.369825435367237887e+00
-1.390293413196388661e+00
-1.410516673894448791e+00
-1.430483316774736391e+00
-1.450181441150568684e+00
-1.469599146335263562e+00
-1.488724531642139581e+00
-1.507545696384513967e+00
-1.526050739875704387e+00
-1.544227761429028956e+00
-1.562064860357805118e+00
-1.579550135975350766e+00
-1.596671687594984679e+00
-1.613417614530022526e+00
-1.629776016093784197e+00
-1.645734991599586250e+00
-1.661282640360747243e+00
-1.676407061690584177e+00
-1.691096354902415611e+00
-1.705338619309558545e+00
-1.719121954225331317e+00
-1.732434458963051815e+00
-1.745264232836037266e+00
-1.757599375157606003e+00
-1.769427985241075696e+00
-1.780738162399764901e+00
-1.791518005946988845e+00
-1.801755615196067861e+00
-1.811439089460319618e+00
-1.820556528053060674e+00
-1.829096030287609365e+00
-1.837045695477283580e+00
-1.844393622935400767e+00
-1.851127911975279261e+00
-1.857236661910236286e+00
-1.862707972053590399e+00
-1.867529941718658160e+00
-1.871690670218759012e+00
-1.875179721179125236e+00
-1.878001043625249000e+00
-1.880166751585864660e+00
-1.881689052805667561e+00
-1.882580155029354385e+00
-1.882852266001621588e+00
-1.882517593467164518e+00
-1.881588345170680521e+00
-1.880076728856865165e+00
-1.877994952270414464e+00
-1.875355223156025763e+00
-1.872169749258393079e+00
-1.868450738322214866e+00
-1.864210398092186693e+00
-1.859460936313004131e+00
-1.854214560729364081e+00
-1.848483479085962999e+00
-1.842279899127496234e+00
-1.835616028598660021e+00
-1.828504075244150817e+00
-1.820956246808665302e+00
-1.812984751036899489e+00
-1.804601795673549613e+00
-1.795819588463311245e+00
-1.786650337150881507e+00
-1.777106249480956413e+00
-1.767199533198231087e+00
-1.756942396047403099e+00
-1.746347045773168682e+00
-1.735425690120222963e+00
-1.724190536833263288e+00
-1.712653793656985224e+00
-1.700827668336084786e+00
-1.688724368615258875e+00
-1.676356102239202839e+00
-1.663735076952614023e+00
-1.650873500500187774e+00
-1.637783580626620106e+00
-1.624477525076608586e+00
-1.610967541594848118e+00
-1.597265837926035159e+00
-1.583384621814866167e+00
-1.569336101006037598e+00
-1.555132483244245467e+00
-1.540785976274185565e+00
-1.526308787840554348e+00
-1.511713125688048498e+00
-1.497011197561363804e+00
-1.482215211205196503e+00
-1.467337374364242830e+00
-1.452389894783199242e+00
-1.437384980206761531e+00
-1.422334838379625932e+00
-1.407251677046489124e+00
-1.392147703952046456e+00
-1.377035126840994828e+00
-1.361926153458031363e+00
-1.346832705488108406e+00
-1.331761899706449537e+00
-1.316716865930621427e+00
-1.301700613296737252e+00
-1.286716150940909298e+00
-1.271766487999251627e+00
-1.256854633607875860e+00
-1.241983596902896281e+00
-1.227156387020424289e+00
-1.212376013096574390e+00
-1.197645484267459093e+00
-1.182967809669190906e+00
-1.168345998437882782e+00
-1.153783059709648340e+00
-1.139282002620600087e+00
-1.124845836306851421e+00
-1.110477569904514850e+00
-1.096180212549703548e+00
-1.081956773378530245e+00
-1.067810261527108118e+00
-1.053743686131550339e+00
-1.039760056327969417e+00
-1.025862381252478750e+00
-1.012053670041190623e+00
-9.983369318302189876e-01
-9.847151757556756868e-01
-9.711914109536748940e-01
-9.577686465603286736e-01
-9.444498917117503112e-01
-9.312381555440525371e-01
-9.181364471933486371e-01
-9.051477757957517856e-01
-8.922751504873742689e-01
-8.795215804043295948e-01
-8.668900746827304937e-01
-8.543836424586903622e-01
-8.420052928683214866e-01
-8.297580350477372635e-01
-8.176448781330504234e-01
-8.056688312603740298e-01
-7.938329035658211463e-01
-7.821401041855043923e-01
-7.705934422555372754e-01
-7.591959269120327480e-01
-7.479505672911025416e-01
-7.368603725288614958e-01
-7.259283517614214531e-01
-7.151575141248955880e-01
-7.045508687553969640e-01
-6.941114247890383115e-01
-6.838421913619329162e-01
-6.737461776101933975e-01
-6.638263926699330408e-01
-6.540858456772646878e-01
-6.445275457683012910e-01
-6.351545020791556917e-01
-6.259697237459410646e-01
-6.169761412286044466e-01
-6.081740857596886762e-01
-5.995607560947634473e-01
-5.911331644977464439e-01
-5.828883232325550168e-01
-5.748232445631074050e-01
-5.669349407533206264e-01
-5.592204240671125870e-01
-5.516767067684003045e-01
-5.443008011211019070e-01
-5.370897193891348564e-01
-5.300404738364165036e-01
-5.231500767268645324e-01
-5.164155403243966269e-01
-5.098338768929303599e-01
-5.034020986963831934e-01
-4.971172179986728668e-01
-4.909762470637166754e-01
-4.849761981554324697e-01
-4.791140835377374341e-01
-4.733869154745498631e-01
-4.677917062297865525e-01
-4.623254680673657413e-01
-4.569852132512044474e-01
-4.517679540452206877e-01
-4.466707027133315355e-01
-4.416904715194552300e-01
-4.368242727275087334e-01
-4.320691186014098961e-01
-4.274220214050764577e-01
-4.228799934024255469e-01
-4.184400468573752918e-01
-4.140991940338427657e-01
-4.098544471957459856e-01
-4.057028186070020803e-01
-4.016413205315291224e-01
-3.976669652332441851e-01
-3.937767649760651190e-01
-3.899677320239093303e-01
-3.862368786406949472e-01
-3.825812170903387655e-01
-3.789977596367588020e-01
-3.754835185438724077e-01
-3.720355060755976551e-01
-3.686507344958513954e-01
-3.653262160685516458e-01
-3.620589630576160900e-01
-3.588459877269618570e-01
-3.556843023405071302e-01
-3.525709191621688166e-01
-3.495028504558650995e-01
-3.464771084855130523e-01
-3.434907055150306920e-01
-3.405406538083352030e-01
-3.376239656293444358e-01
-3.347376532419757966e-01
-3.318787289101470250e-01
-3.290442162349327959e-01
-3.262321265672353809e-01
-3.234422115115977991e-01
-3.206743998156457165e-01
-3.179286202270047990e-01
-3.152048014933004905e-01
-3.125028723621585680e-01
-3.098227615812044755e-01
-3.071643978980637679e-01
-3.045277100603620002e-01
-3.019126268157250048e-01
-2.993190769117779482e-01
-2.967469890961468293e-01
-2.941962921164568701e-01
-2.916669147203339585e-01
-2.891587856554033720e-01
-2.866718336692909985e-01
-2.842059875096222266e-01
-2.817611759240227221e-01
-2.793373276601178734e-01
-2.769343714655335131e-01
-2.745522360878952517e-01
-2.721908502748283110e-01
-2.698501427739587455e-01
-2.675300423329117772e-01
-2.652304776993131274e-01
-2.629513776207882403e-01
-2.606926708449630592e-01
-2.584542861194625840e-01
-2.562361521919130358e-01
-2.540381978099394700e-01
-2.518603517211678300e-01
-2.497025426732234765e-01
-2.475646994137320756e-01
-2.454467506903191265e-01
-2.433486252506102676e-01
-2.412702518422312481e-01
-2.392115592128073176e-01
-2.371724761099644474e-01
-2.351529312813278316e-01
-2.331528534745233028e-01
-2.311721714371762215e-01
-2.292108139169124759e-01
-2.272687096613573710e-01
-2.253457874181366560e-01
-2.234419759348758028e-01
-2.215572039592005049e-01
-2.196914002387361509e-01
-2.178444935211085731e-01
-2.160164125539431323e-01
-2.142070860848655778e-01
-2.124164428615013533e-01
-2.106444116314760973e-01
-2.088909211424155032e-01
-2.071559001419449042e-01
-2.054392773776901049e-01
-2.037409815972765215e-01
-2.020609415483299587e-01
-2.003990859784756939e-01
-1.987553436353395875e-01
-1.971296432665470000e-01
-1.955219136197237362e-01
-1.939320834424951012e-01
-1.923600814824869831e-01
-1.908058364873246315e-01
-1.892692772046339345e-01
-1.877503323820403358e-01
-1.862489307671693073e-01
-1.847650011076466814e-01
-1.832984721510977355e-01
-1.818492726451483577e-01
-1.804173313374239085e-01
-1.790025769755501095e-01
-1.776049383071524046e-01
-1.762243440798565430e-01
-1.748607230412878855e-01
-1.735140039390722644e-01
-1.721841155208350127e-01
-1.708709865342019074e-01
-1.695745457267984202e-01
-1.682947218462501615e-01
-1.670314436401827141e-01
-1.657846398562216605e-01
-1.645542392419926392e-01
-1.633401705451210939e-01
-1.621423625132327184e-01
-1.609607438939530399e-01
-1.597952434349076689e-01
-1.586457898837221880e-01
-1.575123119880221523e-01
-1.563947384954331166e-01
-1.552929981535807746e-01
-1.542070197100905704e-01
-1.531367319125881976e-01
-1.520820635086991002e-01
-1.510429432460490551e-01
-1.500192998722634508e-01
-1.490110621349679809e-01
-1.480181587817881450e-01
-1.470405185603496090e-01
-1.460780702182779556e-01
-1.451307425031986564e-01
-1.441984641627374053e-01
-1.432811639445197294e-01
-1.423787705961712391e-01
-1.414912128653174617e-01
-1.406184194995840631e-01
-1.397603192465964872e-01
-1.389168408539805111e-01
-1.380879130693615231e-01
-1.372734646403652448e-01
-1.364734243146171477e-01
-1.356877208397428980e-01
-1.349162829633680227e-01
-1.341590394331181046e-01
