0.000000000000000000e+00
1.975462974093374850e-03
1.699655846862761777e-03
-7.849677467920739482e-04
-5.435954171971370957e-03
-1.221084979377537114e-02
-2.106720097730431160e-02
-3.196255408765841938e-02
-4.485445548993795273e-02
-5.970045154924311787e-02
-7.645808863067417305e-02
-9.508491309933139735e-02
-1.155384713203149449e-01
-1.377763096587250879e-01
-1.617559744796621124e-01
-1.874350121482261378e-01
-2.147709690295175056e-01
-2.437213914886365018e-01
-2.742438258906833015e-01
-3.062958186007580519e-01
-3.398349159839609834e-01
-3.748186644053925209e-01
-4.112046102301527561e-01
-4.489502998233422804e-01
-4.880132795500605192e-01
-5.283510957754082860e-01
-5.699212948644860610e-01
-6.126814231823937140e-01
-6.565890270942313922e-01
-7.016016529650994649e-01
-7.476768471600983013e-01
-7.947721560443280486e-01
-8.428451259828887432e-01
-8.918533033408808652e-01
-9.417542344834044510e-01
-9.925054657755602028e-01
-1.044064543582447824e+00
-1.096389014269167683e+00
-1.149436424200820595e+00
-1.203164319742505706e+00
-1.257530247259323719e+00
-1.312491753116375115e+00
-1.368006383678760152e+00
-1.424031685311579309e+00
-1.480525204379931958e+00
-1.537444487248918801e+00
-1.594747080283640761e+00
-1.652390529849196765e+00
-1.710332382310688182e+00
-1.768530184033213937e+00
-1.826941481381874732e+00
-1.885523820721772603e+00
-1.944234748418005587e+00
-2.003031810835675053e+00
-2.061872554339880370e+00
-2.120714525295722463e+00
-2.179515270068301813e+00
-2.238232335022717567e+00
-2.296823266524071538e+00
-2.355245610937461986e+00
-2.413456914627990724e+00
-2.471414723960757787e+00
-2.529076585300862767e+00
-2.586400045013406590e+00
-2.643342649463488403e+00
-2.699861945016209575e+00
-2.755915478036670585e+00
-2.811460794889969694e+00
-2.866455441941208715e+00
-2.920856965555488127e+00
-2.974622912097907523e+00
-3.027710827933567828e+00
-3.080078259427569076e+00
-3.131682752945009529e+00
-3.182481854850991887e+00
-3.232433111510616186e+00
-3.281494069288982462e+00
-3.329622274551188976e+00
-3.376775273662338872e+00
-3.422910612987529078e+00
-3.467985838891863626e+00
-3.511958497740441221e+00
-3.554786135898361010e+00
-3.596426299730724807e+00
-3.636836535602630427e+00
-3.675974389879182347e+00
-3.713797408925476606e+00
-3.750263139106615462e+00
-3.785329126787697618e+00
-3.818952930701421167e+00
-3.851104427705822619e+00
-3.881788927820690738e+00
-3.911018073274825202e+00
-3.938803506297026580e+00
-3.965156869116092775e+00
-3.990089803960824355e+00
-4.013613953060021444e+00
-4.035740958642483278e+00
-4.056482462937009537e+00
-4.075850108172399899e+00
-4.093855536577452270e+00
-4.110510390380968992e+00
-4.125826311811749747e+00
-4.139814943098591549e+00
-4.152487926470295854e+00
-4.163856904155665006e+00
-4.173933518383493357e+00
-4.182729411382582363e+00
-4.190256225381733479e+00
-4.196525602609744610e+00
-4.201549185295416322e+00
-4.205338615667549185e+00
-4.207905535954941101e+00
-4.209261588386391750e+00
-4.209418415190700813e+00
-4.208387658596670633e+00
-4.206180960833096449e+00
-4.202809964128781495e+00
-4.198286310712522784e+00
-4.192621642813122662e+00
-4.185827602659379920e+00
-4.177915832480091574e+00
-4.168897974504061743e+00
-4.158785670960087444e+00
-4.147590564076967468e+00
-4.135324296083503270e+00
-4.121998509208494532e+00
-4.107624845680739156e+00
-4.092214947729039487e+00
-4.075780457582193428e+00
-4.058333017469000659e+00
-4.039884269618259971e+00
-4.020445856258774597e+00
-4.000029419619339777e+00
-3.978647464813115153e+00
-3.956322527983904713e+00
-3.933083616908192859e+00
-3.908959847223007156e+00
-3.883980334565376946e+00
-3.858174194572329352e+00
-3.831570542880889718e+00
-3.804198495128090052e+00
-3.776087166950955254e+00
-3.747265673986513779e+00
-3.717763131871792748e+00
-3.687608656243823280e+00
-3.656831362739629387e+00
-3.625460366996241302e+00
-3.593524784650685255e+00
-3.561053731339990591e+00
-3.528076322701184875e+00
-3.494621674371295228e+00
-3.460718901987348328e+00
-3.426397121186375738e+00
-3.391685447605402359e+00
-3.356612996881457089e+00
-3.321208884651567494e+00
-3.285502226552762028e+00
-3.249522138222067813e+00
-3.213297735296512858e+00
-3.176858133413125618e+00
-3.140232448208932770e+00
-3.103449795320963656e+00
-3.066539290386244510e+00
-3.029530049041805562e+00
-2.992451186924672157e+00
-2.955331819671873639e+00
-2.918201062920436684e+00
-2.881088032307391078e+00
-2.844021843469761723e+00
-2.807031612044578406e+00
-2.770146453668870024e+00
-2.733395483979663698e+00
-2.696807818613986107e+00
-2.660412573208865705e+00
-2.624238863401330946e+00
-2.588315804828408950e+00
-2.552672513127128173e+00
-2.517338054136092573e+00
-2.482333407674832237e+00
-2.447662597199561141e+00
-2.413327511059064623e+00
-2.379330037602132908e+00
-2.345672065177554888e+00
-2.312355482134117235e+00
-2.279382176820610173e+00
-2.246754037585821262e+00
-2.214472952778538950e+00
-2.182540810747552573e+00
-2.150959499841649247e+00
-2.119730908409618753e+00
-2.088856924800249093e+00
-2.058339437362328717e+00
-2.028180334444646071e+00
-1.998381504395989827e+00
-1.968944835565147766e+00
-1.939872216300908780e+00
-1.911165534952061984e+00
-1.882826679867394937e+00
-1.854857539395696975e+00
-1.827260001885755214e+00
-1.800035955686358990e+00
-1.773187289146297196e+00
-1.746715890614357392e+00
-1.720623648439329800e+00
-1.694912450970000428e+00
-1.669584186555159722e+00
-1.644640743543595240e+00
-1.620084010284095655e+00
-1.595915875125449856e+00
-1.572138226416445406e+00
-1.548752952505871194e+00
-1.525761941742515670e+00
-1.503167082475167948e+00
-1.480970263052616032e+00
-1.459173371823647480e+00
-1.437778297137051631e+00
-1.416786927341618041e+00
-1.396201150786133605e+00
-1.376022855819387214e+00
-1.356253930790167761e+00
-1.336896264047263472e+00
-1.317951743939462572e+00
-1.299421531473375024e+00
-1.281301011328802586e+00
-1.263582813615604872e+00
-1.246259551479391492e+00
-1.229323838065773833e+00
-1.212768286520361949e+00
-1.196585509988765228e+00
-1.180768121616595723e+00
-1.165308734549462377e+00
-1.150199961932976356e+00
-1.135434416912747047e+00
-1.121004712634385836e+00
-1.106903462243502778e+00
-1.093123278885708149e+00
-1.079656775706612004e+00
-1.066496565851825284e+00
-1.053635262466957601e+00
-1.041065478697620117e+00
-1.028779827689422444e+00
-1.016770922587975523e+00
-1.005031376538889187e+00
-9.935538026877741569e-01
-9.823308141802407079e-01
-9.713550241618991166e-01
-9.606190457783595482e-01
-9.501154921752326121e-01
-9.398369764981289176e-01
-9.297761118926577417e-01
-9.199255115044310260e-01
-9.102777884790578256e-01
-9.008255559621493047e-01
-8.915614270993147406e-01
-8.824780150361657416e-01
-8.735679329183120290e-01
-8.648237938913636569e-01
-8.562382111009316787e-01
-8.478037976926258157e-01
-8.395131668120572321e-01
-8.313589316048350941e-01
-8.233337052165710102e-01
-8.154301007928742573e-01
-8.076407314793558889e-01
-7.999582104216259593e-01
-7.923751507652949666e-01
-7.848842062595853264e-01
-7.774804668704838884e-01
-7.701627986999565190e-01
-7.629303926788728596e-01
-7.557824397381014414e-01
-7.487181308085124609e-01
-7.417366568209728950e-01
-7.348372087063528291e-01
-7.280189773955212384e-01
-7.212811538193465433e-01
-7.146229289086984959e-01
-7.080434935944450725e-01
-7.015420388074559144e-01
-6.951177554785992196e-01
-6.887698345387449628e-01
-6.824974669187608978e-01
-6.762998435495172211e-01
-6.701761553618814649e-01
-6.641255932867240475e-01
-6.581473482549123899e-01
-6.522406111973169107e-01
-6.464045730448051419e-01
-6.406384247282469468e-01
-6.349413571785113009e-01
-6.293125613264665130e-01
-6.237512281029821137e-01
-6.182565484389263011e-01
-6.128277132651690495e-01
-6.074639135125781131e-01
-6.021643401120233552e-01
-5.969281839943734180e-01
-5.917546360904971658e-01
-5.866428873312633518e-01
-5.815921286475415064e-01
-5.766015509701999386e-01
-5.716703452301078459e-01
-5.667977023581338702e-01
-5.619828132851472091e-01
-5.572248689420175038e-01
-5.525230602596122864e-01
-5.478765781688016423e-01
-5.432846136004535476e-01
-5.387463574854377546e-01
-5.342610007546227946e-01
-5.298277343388778649e-01
-5.254457800216647545e-01
-5.211145322283993186e-01
-5.168334454024321456e-01
-5.126019740473732877e-01
-5.084195726668324644e-01
-5.042856957644196170e-01
-5.001997978437445758e-01
-4.961613334084173377e-01
-4.921697569620472335e-01
-4.882245230082445930e-01
-4.843250860506193023e-01
-4.804709005927808585e-01
-4.766614211383395916e-01
-4.728961021909048323e-01
-4.691743982540869107e-01
-4.654957638314951573e-01
-4.618596534267401799e-01
-4.582655215434309204e-01
-4.547128226851779864e-01
-4.512010113555906532e-01
-4.477295420582794172e-01
-4.442978692968533871e-01
-4.409054475749230595e-01
-4.375517313960979315e-01
-4.342361752639879446e-01
-4.309582336822028736e-01
-4.277173611543527154e-01
-4.245130121840474113e-01
-4.213446412748963477e-01
-4.182117029305099098e-01
-4.151136516544976507e-01
-4.120499419504695671e-01
-4.090200283220353228e-01
-4.060233652728050813e-01
-4.030594073063883953e-01
-4.001276089263953728e-01
-3.972274246364355110e-01
-3.943583089401190289e-01
-3.915197163410555348e-01
-3.887111013428550810e-01
-3.859319184491272758e-01
-3.831816221634821162e-01
-3.804596669895297101e-01
-3.777655074308793326e-01
-3.750985979911414248e-01
-3.724583931739253173e-01
-3.698443474828412847e-01
-3.672559154214989352e-01
-3.646925514935083212e-01
-3.621537102024790511e-01
-3.596388460520210661e-01
-3.571474135457443078e-01
-3.546788671872586063e-01
-3.522326614801737366e-01
-3.498082509280995844e-01
-3.474050900346459803e-01
-3.450226333034228654e-01
-3.426603352380400702e-01
-3.403176503421073695e-01
-3.379940331192346492e-01
-3.356889380730317396e-01
-3.334018197071086376e-01
-3.311321325250750625e-01
-3.288793310305409001e-01
-3.266428697271158699e-01
-3.244222031184101906e-01
-3.222167857080331932e-01
-3.200260719995952075e-01
-3.178495164967058417e-01
-3.156865737029749819e-01
-3.135366981220124027e-01
-3.113993442574282677e-01
-3.092739666128319631e-01
-3.071600196918337078e-01
-3.050569579980433321e-01
-3.029642360350704999e-01
-3.008813083065251526e-01
-2.988076293160171759e-01
-2.967426535671564003e-01
-2.946858355635526561e-01
-2.926366298088158291e-01
-2.905944908065556942e-01
-2.885588730603823038e-01
-2.865292310739052106e-01
-2.845050193507346337e-01
-2.824856923944800147e-01
-2.804707047087515170e-01
-2.784595107971589156e-01
-2.764515651633120408e-01
